0 1.25e-05
0.000399984 9.375e-05
0.000799968 0.0002625
0.00119995 0.00051875
0.00159994 0.00055
0.00199992 0.00069375
0.0023999 0.0006875
0.00279989 0.000725
0.00319987 0.00073125
0.00359986 0.000725
0.00399984 0.00066875
0.00439982 0.00060625
0.00479981 0.000625
0.00519979 0.00055625
0.00559978 0.00050625
0.00599976 0.00044375
0.00639974 0.0004125
0.00679973 0.00038125
0.00719971 0.00035
0.0075997 0.00030625
0.00799968 0.00026875
0.00839966 0.0002375
0.00879965 0.00020625
0.00919963 0.00018125
0.00959962 0.0001625
0.0099996 0.00015625
0.0103996 0.00015
0.0107996 0.00014375
0.0111996 0.00015
0.0115995 0.00014375
0.0119995 0.000125
0.0123995 0.00010625
0.0127995 9.375e-05
0.0131995 9.375e-05
0.0135995 8.75e-05
0.0139994 9.375e-05
0.0143994 8.75e-05
0.0147994 8.75e-05
0.0151994 7.5e-05
0.0155994 7.5e-05
0.0159994 6.875e-05
0.0163993 6.875e-05
0.0167993 6.875e-05
0.0171993 6.875e-05
0.0175993 6.25e-05
0.0179993 6.25e-05
0.0183993 6.25e-05
0.0187992 5e-05
0.0191992 5e-05
0.0195992 5e-05
0.0199992 5e-05
0.0203992 5e-05
0.0207992 5e-05
0.0211992 5e-05
0.0215991 5e-05
0.0219991 5e-05
0.0223991 5e-05
0.0227991 4.375e-05
0.0231991 4.375e-05
0.0235991 3.75e-05
0.023999 3.75e-05
0.024399 3.75e-05
0.024799 3.75e-05
0.025199 3.75e-05
0.025599 3.75e-05
0.025999 3.125e-05
0.0263989 3.125e-05
0.0267989 3.125e-05
0.0271989 3.125e-05
0.0275989 3.125e-05
0.0279989 3.125e-05
0.0283989 3.125e-05
0.0287988 3.125e-05
0.0291988 3.125e-05
0.0295988 3.125e-05
0.0299988 3.125e-05
0.0303988 3.125e-05
0.0307988 3.125e-05
0.0311988 3.125e-05
0.0315987 3.125e-05
0.0319987 2.5e-05
0.0323987 2.5e-05
0.0327987 1.875e-05
0.0331987 1.875e-05
0.0335987 1.875e-05
0.0339986 1.875e-05
0.0343986 1.875e-05
0.0347986 1.875e-05
0.0351986 1.875e-05
0.0355986 1.875e-05
0.0359986 1.875e-05
0.0363985 1.875e-05
0.0367985 1.875e-05
0.0371985 1.875e-05
0.0375985 1.875e-05
0.0379985 1.875e-05
0.0383985 1.875e-05
0.0387984 2.5e-05
0.0391984 2.5e-05
0.0395984 2.5e-05
0.0399984 2.5e-05
0.0403984 2.5e-05
0.0407984 2.5e-05
0.0411984 2.5e-05
0.0415983 2.5e-05
0.0419983 2.5e-05
0.0423983 2.5e-05
0.0427983 2.5e-05
0.0431983 2.5e-05
0.0435983 2.5e-05
0.0439982 2.5e-05
0.0443982 2.5e-05
0.0447982 2.5e-05
0.0451982 2.5e-05
0.0455982 2.5e-05
0.0459982 2.5e-05
0.0463981 1.875e-05
0.0467981 1.875e-05
0.0471981 1.875e-05
0.0475981 1.875e-05
0.0479981 1.875e-05
0.0483981 1.875e-05
0.048798 1.875e-05
0.049198 1.875e-05
0.049598 1.875e-05
0.049998 1.875e-05
0.050398 1.875e-05
0.050798 1.875e-05
0.051198 1.875e-05
0.0515979 1.875e-05
0.0519979 1.875e-05
0.0523979 1.875e-05
0.0527979 1.875e-05
0.0531979 1.875e-05
0.0535979 1.875e-05
0.0539978 1.875e-05
0.0543978 1.875e-05
0.0547978 1.875e-05
0.0551978 1.875e-05
0.0555978 1.875e-05
0.0559978 1.875e-05
0.0563977 1.875e-05
0.0567977 1.875e-05
0.0571977 1.875e-05
0.0575977 1.875e-05
0.0579977 1.875e-05
0.0583977 1.875e-05
0.0587976 1.875e-05
0.0591976 1.875e-05
0.0595976 1.875e-05
0.0599976 1.875e-05
0.0603976 1.875e-05
0.0607976 1.875e-05
0.0611976 1.875e-05
0.0615975 1.875e-05
0.0619975 1.875e-05
0.0623975 1.875e-05
0.0627975 1.875e-05
0.0631975 1.875e-05
0.0635975 1.875e-05
0.0639974 1.875e-05
0.0643974 1.875e-05
0.0647974 1.875e-05
0.0651974 1.875e-05
0.0655974 1.875e-05
0.0659974 1.875e-05
0.0663973 1.875e-05
0.0667973 1.875e-05
0.0671973 1.875e-05
0.0675973 1.875e-05
0.0679973 1.875e-05
0.0683973 1.875e-05
0.0687972 1.875e-05
0.0691972 1.875e-05
0.0695972 1.875e-05
0.0699972 1.875e-05
0.0703972 1.875e-05
0.0707972 1.875e-05
0.0711972 1.875e-05
0.0715971 1.875e-05
0.0719971 1.875e-05
0.0723971 1.875e-05
0.0727971 1.875e-05
0.0731971 1.875e-05
0.0735971 1.875e-05
0.073997 1.875e-05
0.074397 1.875e-05
0.074797 1.875e-05
0.075197 1.875e-05
0.075597 1.875e-05
0.075997 1.875e-05
0.0763969 1.875e-05
0.0767969 1.875e-05
0.0771969 1.875e-05
0.0775969 1.875e-05
0.0779969 1.875e-05
0.0783969 1.875e-05
0.0787968 1.875e-05
0.0791968 1.875e-05
0.0795968 1.875e-05
0.0799968 1.875e-05
0.0803968 1.875e-05
0.0807968 1.875e-05
0.0811968 1.875e-05
0.0815967 1.875e-05
0.0819967 1.875e-05
0.0823967 1.875e-05
0.0827967 1.875e-05
0.0831967 1.875e-05
0.0835967 1.875e-05
0.0839966 1.875e-05
0.0843966 1.875e-05
0.0847966 1.875e-05
0.0851966 1.875e-05
0.0855966 1.875e-05
0.0859966 1.875e-05
0.0863965 1.875e-05
0.0867965 1.875e-05
0.0871965 1.875e-05
0.0875965 1.875e-05
0.0879965 1.25e-05
0.0883965 1.25e-05
0.0887964 1.25e-05
0.0891964 1.25e-05
0.0895964 1.25e-05
0.0899964 1.25e-05
0.0903964 1.25e-05
0.0907964 1.25e-05
0.0911964 1.25e-05
0.0915963 1.25e-05
0.0919963 1.25e-05
0.0923963 1.25e-05
0.0927963 1.25e-05
0.0931963 1.25e-05
0.0935963 1.25e-05
0.0939962 1.25e-05
0.0943962 1.25e-05
0.0947962 1.25e-05
0.0951962 1.25e-05
0.0955962 1.25e-05
0.0959962 1.25e-05
0.0963961 1.25e-05
0.0967961 1.25e-05
0.0971961 1.25e-05
0.0975961 1.25e-05
0.0979961 1.25e-05
0.0983961 1.25e-05
0.098796 1.25e-05
0.099196 6.25e-06
0.099596 6.25e-06
0.099996 6.25e-06
