34 23 0.5 1
77 21 0.5 1
62 11 0.5 1
41 38 0.5 4
40 38 0.5 4
39 38 0.5 4
40 39 0.5 4
98 63 0.5 2
98 62 0.5 2
92 8 0.5 1
30 87 0.5 2
30 86 0.5 2
42 23 0.5 2
42 22 0.5 2
70 47 0.5 2
69 47 0.5 2
97 57 0.5 1
54 28 0.5 2
54 27 0.5 2
34 41 0.5 1
68 38 0.5 2
69 38 0.5 2
54 3 0.5 1
52 57 0.5 1
7 7 0.5 1
18 64 0.5 2
18 65 0.5 2
4 7 0.5 3
5 7 0.5 3
4 8 0.5 3
77 42 0.5 1
13 15 0.5 2
13 16 0.5 2
97 17 0.5 2
98 17 0.5 2
77 95 0.5 1
48 75 0.5 1
17 92 0.5 2
16 92 0.5 2
78 38 0.5 2
79 38 0.5 2
83 5 0.5 1
59 31 0.5 1
24 74 0.5 1
50 66 0.5 1
53 92 0.5 2
53 93 0.5 2
37 58 0.5 2
38 58 0.5 2
50 11 0.5 1
20 87 0.5 1
2 13 0.5 3
3 13 0.5 3
3 12 0.5 3
39 27 0.5 1
32 55 0.5 2
32 54 0.5 2
39 52 0.5 2
39 53 0.5 2
88 88 0.5 2
87 88 0.5 2
2 9 0.5 1
51 29 0.5 2
52 29 0.5 2
4 15 0.5 1
98 9 0.5 1
42 79 0.5 1
13 22 0.5 2
14 22 0.5 2
77 19 0.5 1
41 77 0.5 5
42 77 0.5 5
40 78 0.5 5
40 77 0.5 5
40 76 0.5 5
22 4 0.5 1
20 46 0.5 1
96 30 0.5 1
71 4 0.5 1
36 9 0.5 1
47 81 0.5 3
47 80 0.5 3
48 80 0.5 3
34 16 0.5 1
79 55 0.5 1
20 7 0.5 3
21 7 0.5 3
19 7 0.5 3
29 10 0.5 1
59 66 0.5 2
58 66 0.5 2
1 23 0.5 2
1 22 0.5 2
94 47 0.5 1
93 89 0.5 2
94 89 0.5 2
53 30 0.5 1
95 68 0.5 1
75 68 0.5 1
11 62 0.5 1
66 38 0.5 2
66 37 0.5 2
95 92 0.5 2
95 93 0.5 2
16 77 0.5 3
15 77 0.5 3
16 78 0.5 3
32 40 0.5 1
33 20 0.5 2
33 21 0.5 2
41 67 0.5 1
57 4 0.5 2
57 5 0.5 2
94 40 0.5 3
95 40 0.5 3
96 40 0.5 3
94 85 0.5 1
60 28 0.5 1
3 98 0.5 1
23 12 0.5 1
61 65 0.5 3
61 66 0.5 3
61 64 0.5 3
23 96 0.5 1
71 78 0.5 2
70 78 0.5 2
21 77 0.5 1
69 79 0.5 1
28 55 0.5 1
85 39 0.5 1
80 34 0.5 2
80 33 0.5 2
8 82 0.5 1
36 28 0.5 1
38 15 0.5 1
80 53 0.5 1
18 79 0.5 1
39 16 0.5 1
72 6 0.5 1
78 62 0.5 1
57 79 0.5 1
85 25 0.5 2
85 24 0.5 2
93 52 0.5 1
79 47 0.5 2
80 47 0.5 2
86 61 0.5 1
58 50 0.5 1
68 2 0.5 2
68 1 0.5 2
76 75 0.5 1
72 58 0.5 1
59 91 0.5 1
97 89 0.5 6
98 89 0.5 6
99 89 0.5 6
98 88 0.5 6
96 89 0.5 6
98 87 0.5 6
92 12 0.5 1
81 23 0.5 2
82 23 0.5 2
37 80 0.5 1
51 33 0.5 4
51 34 0.5 4
51 35 0.5 4
51 32 0.5 4
71 13 0.5 2
72 13 0.5 2
72 97 0.5 1
77 12 0.5 1
80 88 0.5 1
43 1 0.5 1
25 18 0.5 2
25 17 0.5 2
78 68 0.5 1
31 96 0.5 1
12 81 0.5 1
2 85 0.5 1
33 30 0.5 1
74 10 0.5 1
59 47 0.5 1
17 57 0.5 1
86 17 0.5 1
52 71 0.5 4
53 71 0.5 4
52 72 0.5 4
51 71 0.5 4
64 30 0.5 2
65 30 0.5 2
90 93 0.5 1
11 72 0.5 2
11 73 0.5 2
51 4 0.5 2
51 3 0.5 2
81 93 0.5 1
67 17 0.5 1
70 45 0.5 1
91 77 0.5 1
20 49 0.5 1
41 9 0.5 3
42 9 0.5 3
41 10 0.5 3
78 52 0.5 1
73 37 0.5 1
56 24 0.5 1
93 48 0.5 1
88 61 0.5 1
14 71 0.5 2
14 72 0.5 2
49 45 0.5 2
49 46 0.5 2
53 64 0.5 1
4 45 0.5 1
30 21 0.5 1
91 20 0.5 1
34 64 0.5 1
86 79 0.5 3
87 79 0.5 3
87 80 0.5 3
67 20 0.5 3
66 20 0.5 3
67 21 0.5 3
41 70 0.5 1
19 2 0.5 1
55 47 0.5 1
31 85 0.5 2
32 85 0.5 2
16 65 0.5 1
8 25 0.5 1
36 3 0.5 1
29 16 0.5 3
29 15 0.5 3
29 14 0.5 3
35 97 0.5 3
35 98 0.5 3
36 98 0.5 3
64 48 0.5 1
47 29 0.5 1
48 47 0.5 1
38 55 0.5 2
39 55 0.5 2
50 94 0.5 1
19 90 0.5 3
19 89 0.5 3
19 88 0.5 3
90 34 0.5 1
28 94 0.5 1
65 76 0.5 1
67 55 0.5 2
67 56 0.5 2
27 38 0.5 3
28 38 0.5 3
29 38 0.5 3
55 37 0.5 1
43 19 0.5 2
44 19 0.5 2
14 61 0.5 1
21 88 0.5 1
11 36 0.5 1
31 61 0.5 1
51 65 0.5 2
52 65 0.5 2
53 96 0.5 1
54 63 0.5 2
54 62 0.5 2
83 66 0.5 5
82 66 0.5 5
81 66 0.5 5
81 67 0.5 5
80 67 0.5 5
3 67 0.5 1
44 88 0.5 1
57 7 0.5 1
39 91 0.5 1
62 9 0.5 1
48 60 0.5 2
47 60 0.5 2
11 65 0.5 1
81 59 0.5 1
26 27 0.5 1
70 94 0.5 2
71 94 0.5 2
33 87 0.5 1
29 52 0.5 2
30 52 0.5 2
23 16 0.5 2
24 16 0.5 2
54 5 0.5 1
86 43 0.5 2
85 43 0.5 2
57 58 0.5 1
22 82 0.5 1
46 76 0.5 2
46 75 0.5 2
63 87 0.5 1
19 67 0.5 1
36 74 0.5 1
46 64 0.5 1
97 99 0.5 1
66 31 0.5 1
23 88 0.5 1
63 50 0.5 1
61 71 0.5 1
25 70 0.5 2
25 71 0.5 2
3 86 0.5 3
4 86 0.5 3
4 87 0.5 3
41 35 0.5 1
15 82 0.5 1
47 10 0.5 1
1 44 0.5 2
1 43 0.5 2
55 45 0.5 1
3 1 0.5 1
21 26 0.5 1
54 9 0.5 1
55 87 0.5 1
78 79 0.5 1
28 25 0.5 1
93 56 0.5 2
92 56 0.5 2
44 91 0.5 1
51 15 0.5 1
57 33 0.5 1
7 60 0.5 1
77 28 0.5 1
96 50 0.5 2
96 49 0.5 2
72 23 0.5 2
71 23 0.5 2
50 16 0.5 1
5 26 0.5 3
4 26 0.5 3
3 26 0.5 3
1 46 0.5 1
53 87 0.5 1
19 93 0.5 1
66 2 0.5 1
99 44 0.5 1
23 51 0.5 1
79 26 0.5 1
97 25 0.5 1
33 17 0.5 1
91 61 0.5 3
92 61 0.5 3
91 60 0.5 3
9 10 0.5 1
49 58 0.5 1
33 10 0.5 1
21 38 0.5 1
77 74 0.5 2
78 74 0.5 2
20 73 0.5 1
9 17 0.5 2
9 18 0.5 2
67 78 0.5 2
67 79 0.5 2
22 98 0.5 1
63 27 0.5 2
63 28 0.5 2
70 81 0.5 1
97 51 0.5 2
98 51 0.5 2
49 31 0.5 2
49 32 0.5 2
80 92 0.5 2
80 91 0.5 2
61 68 0.5 1
77 14 0.5 1
61 92 0.5 1
47 16 0.5 2
47 15 0.5 2
6 32 0.5 1
63 98 0.5 1
40 26 0.5 3
40 25 0.5 3
39 25 0.5 3
45 25 0.5 4
45 26 0.5 4
46 26 0.5 4
47 26 0.5 4
39 9 0.5 1
65 81 0.5 1
99 97 0.5 1
33 97 0.5 1
3 55 0.5 1
70 15 0.5 2
70 16 0.5 2
79 64 0.5 3
80 64 0.5 3
78 64 0.5 3
85 72 0.5 2
86 72 0.5 2
41 52 0.5 1
66 45 0.5 1
85 70 0.5 1
93 42 0.5 2
92 42 0.5 2
4 85 0.5 2
5 85 0.5 2
66 34 0.5 1
90 39 0.5 1
62 59 0.5 3
62 58 0.5 3
61 58 0.5 3
2 87 0.5 1
52 91 0.5 1
15 45 0.5 2
15 46 0.5 2
49 83 0.5 1
98 42 0.5 1
16 26 0.5 1
48 11 0.5 1
82 1 0.5 1
76 48 0.5 2
77 48 0.5 2
36 76 0.5 1
65 8 0.5 1
49 90 0.5 2
49 89 0.5 2
53 24 0.5 2
54 24 0.5 2
24 76 0.5 1
29 75 0.5 1
99 67 0.5 1
64 62 0.5 1
3 93 0.5 1
85 19 0.5 2
85 18 0.5 2
68 49 0.5 2
67 49 0.5 2
38 94 0.5 1
91 99 0.5 1
23 14 0.5 1
83 29 0.5 1
27 44 0.5 1
51 77 0.5 1
26 78 0.5 2
25 78 0.5 2
93 30 0.5 1
96 26 0.5 1
87 64 0.5 1
85 86 0.5 2
85 85 0.5 2
27 5 0.5 1
17 13 0.5 1
22 90 0.5 1
69 8 0.5 1
74 38 0.5 1
6 2 0.5 1
52 9 0.5 1
10 88 0.5 1
17 18 0.5 1
40 45 0.5 1
46 89 0.5 1
16 19 0.5 1
13 6 0.5 1
79 58 0.5 1
24 91 0.5 1
11 34 0.5 1
11 85 0.5 1
4 34 0.5 1
40 98 0.5 2
40 97 0.5 2
81 90 0.5 1
33 59 0.5 1
63 46 0.5 1
96 70 0.5 1
59 61 0.5 1
56 78 0.5 1
83 33 0.5 1
32 1 0.5 3
32 2 0.5 3
31 2 0.5 3
73 55 0.5 1
89 47 0.5 1
46 66 0.5 1
28 61 0.5 1
94 54 0.5 3
95 54 0.5 3
94 53 0.5 3
13 27 0.5 1
50 52 0.5 2
50 53 0.5 2
90 57 0.5 1
92 88 0.5 1
95 98 0.5 1
98 29 0.5 1
89 5 0.5 1
36 67 0.5 2
36 68 0.5 2
18 23 0.5 1
46 68 0.5 2
46 69 0.5 2
2 91 0.5 1
44 73 0.5 1
59 38 0.5 2
60 38 0.5 2
94 38 0.5 1
37 32 0.5 1
25 50 0.5 1
53 74 0.5 1
22 24 0.5 1
30 1 0.5 1
1 68 0.5 1
86 21 0.5 1
51 67 0.5 2
51 68 0.5 2
4 72 0.5 2
4 73 0.5 2
35 27 0.5 1
78 8 0.5 1
49 22 0.5 1
25 44 0.5 5
25 45 0.5 5
24 43 0.5 5
25 43 0.5 5
23 43 0.5 5
6 48 0.5 1
40 68 0.5 1
46 33 0.5 1
91 71 0.5 1
11 59 0.5 1
54 90 0.5 1
69 60 0.5 3
68 60 0.5 3
68 59 0.5 3
96 5 0.5 1
35 12 0.5 2
35 11 0.5 2
91 58 0.5 3
91 59 0.5 3
90 59 0.5 3
73 90 0.5 2
74 90 0.5 2
54 36 0.5 2
53 36 0.5 2
4 76 0.5 1
21 16 0.5 3
20 16 0.5 3
19 16 0.5 3
92 72 0.5 1
48 71 0.5 2
48 72 0.5 2
68 26 0.5 1
96 64 0.5 1
87 99 0.5 2
87 98 0.5 2
6 4 0.5 1
23 84 0.5 1
10 46 0.5 1
24 23 0.5 2
24 22 0.5 2
48 97 0.5 1
49 27 0.5 1
51 1 0.5 1
30 57 0.5 1
85 65 0.5 1
12 78 0.5 1
18 48 0.5 3
17 48 0.5 3
16 48 0.5 3
37 54 0.5 1
57 81 0.5 2
57 82 0.5 2
53 40 0.5 1
48 21 0.5 1
86 75 0.5 1
75 30 0.5 1
88 77 0.5 2
88 78 0.5 2
18 40 0.5 1
56 54 0.5 1
92 49 0.5 2
92 50 0.5 2
14 96 0.5 1
34 51 0.5 1
81 70 0.5 1
3 36 0.5 1
83 84 0.5 1
93 76 0.5 1
72 61 0.5 1
64 55 0.5 1
59 25 0.5 1
82 76 0.5 1
99 20 0.5 1
11 94 0.5 1
51 6 0.5 1
34 61 0.5 1
30 28 0.5 2
31 28 0.5 2
33 82 0.5 2
34 82 0.5 2
60 93 0.5 1
80 7 0.5 1
85 98 0.5 1
79 95 0.5 1
85 10 0.5 1
22 70 0.5 1
75 16 0.5 1
1 28 0.5 2
2 28 0.5 2
62 25 0.5 1
40 61 0.5 1
9 62 0.5 1
64 15 0.5 1
83 35 0.5 2
82 35 0.5 2
77 7 0.5 1
42 98 0.5 2
42 97 0.5 2
87 74 0.5 1
23 68 0.5 1
41 14 0.5 1
80 39 0.5 1
67 41 0.5 1
45 13 0.5 1
82 16 0.5 1
19 98 0.5 1
55 42 0.5 1
25 1 0.5 1
33 7 0.5 1
87 36 0.5 2
87 35 0.5 2
80 3 0.5 1
93 37 0.5 1
63 78 0.5 1
76 59 0.5 1
80 41 0.5 1
18 50 0.5 1
26 82 0.5 1
58 43 0.5 2
59 43 0.5 2
89 74 0.5 1
58 54 0.5 1
83 64 0.5 2
83 63 0.5 2
3 48 0.5 1
77 51 0.5 1
56 91 0.5 1
28 34 0.5 1
83 55 0.5 1
44 31 0.5 2
44 30 0.5 2
47 6 0.5 2
47 5 0.5 2
95 73 0.5 1
20 52 0.5 1
44 94 0.5 1
77 25 0.5 1
98 70 0.5 1
92 14 0.5 1
97 91 0.5 1
46 47 0.5 1
97 44 0.5 1
70 25 0.5 1
76 29 0.5 1
79 50 0.5 1
92 1 0.5 1
85 34 0.5 2
86 34 0.5 2
88 90 0.5 1
36 55 0.5 3
35 55 0.5 3
35 56 0.5 3
80 85 0.5 1
96 75 0.5 1
73 49 0.5 1
43 38 0.5 1
41 21 0.5 2
41 20 0.5 2
58 34 0.5 2
59 34 0.5 2
62 18 0.5 1
55 61 0.5 1
80 27 0.5 1
16 31 0.5 1
35 69 0.5 2
35 70 0.5 2
40 88 0.5 1
37 30 0.5 1
42 25 0.5 1
91 37 0.5 1
76 46 0.5 3
76 45 0.5 3
77 46 0.5 3
87 20 0.5 2
87 19 0.5 2
1 56 0.5 3
1 57 0.5 3
2 57 0.5 3
60 81 0.5 2
61 81 0.5 2
6 52 0.5 1
21 19 0.5 1
9 53 0.5 1
20 20 0.5 2
19 20 0.5 2
4 5 0.5 1
94 69 0.5 1
18 32 0.5 1
92 27 0.5 1
28 90 0.5 1
29 54 0.5 1
68 52 0.5 1
68 35 0.5 2
68 36 0.5 2
49 65 0.5 1
43 51 0.5 1
37 26 0.5 1
2 64 0.5 1
73 7 0.5 1
71 48 0.5 1
21 83 0.5 1
41 73 0.5 3
41 74 0.5 3
41 72 0.5 3
98 5 0.5 1
72 1 0.5 1
29 60 0.5 1
67 64 0.5 1
88 71 0.5 1
95 31 0.5 1
51 84 0.5 1
53 7 0.5 2
53 6 0.5 2
67 43 0.5 1
99 49 0.5 1
64 69 0.5 1
67 76 0.5 2
68 76 0.5 2
22 61 0.5 1
71 83 0.5 1
93 66 0.5 1
79 66 0.5 1
92 94 0.5 1
69 10 0.5 1
8 77 0.5 1
50 61 0.5 1
56 26 0.5 2
57 26 0.5 2
70 90 0.5 1
12 83 0.5 1
61 5 0.5 1
82 82 0.5 1
73 87 0.5 1
37 90 0.5 1
14 78 0.5 1
37 47 0.5 2
37 48 0.5 2
89 18 0.5 1
3 51 0.5 1
25 75 0.5 1
66 88 0.5 1
8 64 0.5 1
56 94 0.5 3
55 94 0.5 3
54 94 0.5 3
16 40 0.5 1
36 51 0.5 1
83 43 0.5 1
46 20 0.5 1
24 10 0.5 1
59 99 0.5 1
4 23 0.5 1
13 69 0.5 1
80 99 0.5 1
27 50 0.5 1
81 21 0.5 1
6 90 0.5 1
31 73 0.5 1
49 93 0.5 1
84 44 0.5 1
33 69 0.5 1
76 38 0.5 1
35 77 0.5 1
64 22 0.5 1
28 96 0.5 1
13 46 0.5 1
39 74 0.5 1
41 5 0.5 1
55 85 0.5 1
99 61 0.5 1
58 64 0.5 1
28 30 0.5 1
65 60 0.5 1
56 60 0.5 1
38 22 0.5 1
95 2 0.5 1
56 98 0.5 2
57 98 0.5 2
24 39 0.5 1
67 11 0.5 1
68 72 0.5 2
68 73 0.5 2
7 20 0.5 1
73 2 0.5 1
2 80 0.5 1
67 25 0.5 1
45 85 0.5 1
12 3 0.5 1
32 4 0.5 1
36 57 0.5 1
56 2 0.5 1
43 12 0.5 1
35 32 0.5 1
43 89 0.5 1
40 81 0.5 1
56 88 0.5 1
52 94 0.5 1
41 62 0.5 1
73 12 0.5 1
38 35 0.5 1
67 6 0.5 1
12 67 0.5 1
24 69 0.5 1
34 53 0.5 1
79 36 0.5 1
98 46 0.5 2
99 46 0.5 2
29 2 0.5 3
29 3 0.5 3
29 4 0.5 3
87 69 0.5 1
54 53 0.5 1
93 13 0.5 1
75 78 0.5 1
80 9 0.5 1
34 76 0.5 1
99 15 0.5 1
79 82 0.5 1
34 46 0.5 1
82 44 0.5 1
89 68 0.5 1
26 62 0.5 1
89 29 0.5 2
89 30 0.5 2
73 45 0.5 1
46 71 0.5 1
72 93 0.5 1
79 87 0.5 1
92 18 0.5 2
92 19 0.5 2
5 42 0.5 1
70 7 0.5 1
67 98 0.5 1
12 21 0.5 1
15 95 0.5 1
1 61 0.5 1
35 83 0.5 1
83 69 0.5 2
82 69 0.5 2
29 40 0.5 1
35 6 0.5 1
50 40 0.5 1
74 80 0.5 2
75 80 0.5 2
62 20 0.5 1
12 60 0.5 2
12 61 0.5 2
17 76 0.5 1
32 29 0.5 1
76 89 0.5 3
76 90 0.5 3
77 90 0.5 3
23 54 0.5 1
10 15 0.5 1
17 16 0.5 1
70 21 0.5 1
32 67 0.5 1
79 78 0.5 1
10 9 0.5 1
95 19 0.5 1
8 72 0.5 1
81 11 0.5 1
17 62 0.5 1
63 84 0.5 1
31 13 0.5 1
28 20 0.5 1
36 20 0.5 1
4 21 0.5 1
81 25 0.5 1
39 82 0.5 1
6 16 0.5 1
52 16 0.5 1
39 71 0.5 1
71 76 0.5 1
51 37 0.5 1
76 84 0.5 1
44 36 0.5 1
83 51 0.5 1
62 15 0.5 1
90 87 0.5 1
68 45 0.5 1
89 23 0.5 1
63 41 0.5 1
30 92 0.5 1
21 96 0.5 1
96 36 0.5 2
96 35 0.5 2
72 86 0.5 1
11 30 0.5 1
65 74 0.5 1
77 77 0.5 1
91 74 0.5 1
32 35 0.5 1
59 15 0.5 1
20 32 0.5 1
23 77 0.5 1
29 82 0.5 1
72 17 0.5 1
10 74 0.5 1
75 95 0.5 1
89 89 0.5 1
83 92 0.5 1
55 70 0.5 1
33 27 0.5 2
33 26 0.5 2
8 35 0.5 1
51 43 0.5 1
31 91 0.5 1
15 17 0.5 1
17 44 0.5 1
28 17 0.5 1
73 25 0.5 1
7 24 0.5 1
13 42 0.5 1
91 11 0.5 1
82 9 0.5 1
71 19 0.5 1
16 10 0.5 1
59 76 0.5 1
13 52 0.5 1
33 13 0.5 1
45 39 0.5 1
6 66 0.5 1
9 13 0.5 1
45 21 0.5 1
73 47 0.5 1
25 53 0.5 1
8 42 0.5 1
82 74 0.5 1
75 27 0.5 1
5 94 0.5 1
59 49 0.5 1
77 56 0.5 1
43 46 0.5 1
38 67 0.5 1
93 63 0.5 1
32 99 0.5 1
95 96 0.5 1
44 54 0.5 1
64 36 0.5 1
4 19 0.5 1
49 69 0.5 2
48 69 0.5 2
43 42 0.5 1
55 33 0.5 1
89 80 0.5 1
58 78 0.5 1
9 92 0.5 1
44 71 0.5 1
32 8 0.5 1
42 4 0.5 1
26 93 0.5 1
87 41 0.5 1
85 78 0.5 1
37 7 0.5 1
24 27 0.5 1
89 11 0.5 1
34 28 0.5 1
8 28 0.5 1
69 24 0.5 1
60 69 0.5 1
4 57 0.5 1
92 31 0.5 1
33 42 0.5 1
34 66 0.5 1
54 50 0.5 1
30 31 0.5 1
62 93 0.5 1
45 55 0.5 1
60 4 0.5 1
19 24 0.5 1
89 35 0.5 1
10 35 0.5 1
3 17 0.5 1
8 67 0.5 1
41 17 0.5 1
63 19 0.5 1
53 17 0.5 1
60 84 0.5 1
68 96 0.5 1
31 77 0.5 1
90 45 0.5 1
43 49 0.5 1
9 84 0.5 1
91 30 0.5 1
