34 22 0.5 1
77 20 0.5 2
77 19 0.5 2
61 11 0.5 1
41 39 0.5 4
40 39 0.5 4
39 39 0.5 4
40 40 0.5 4
99 63 0.5 3
99 62 0.5 3
99 61 0.5 3
92 9 0.5 1
31 87 0.5 4
31 86 0.5 4
31 85 0.5 4
32 85 0.5 4
43 23 0.5 2
43 22 0.5 2
71 47 0.5 4
70 47 0.5 4
71 48 0.5 4
72 47 0.5 4
97 58 0.5 1
53 28 0.5 2
53 27 0.5 2
33 41 0.5 3
33 42 0.5 3
33 40 0.5 3
67 38 0.5 6
68 38 0.5 6
66 38 0.5 6
66 37 0.5 6
68 36 0.5 6
68 37 0.5 6
54 4 0.5 2
54 5 0.5 2
52 58 0.5 1
6 7 0.5 4
4 7 0.5 4
5 7 0.5 4
4 8 0.5 4
19 64 0.5 2
19 65 0.5 2
78 42 0.5 1
13 16 0.5 2
13 17 0.5 2
96 17 0.5 2
97 17 0.5 2
78 95 0.5 2
79 95 0.5 2
48 76 0.5 1
17 91 0.5 2
16 91 0.5 2
77 38 0.5 3
78 38 0.5 3
76 38 0.5 3
83 6 0.5 1
58 31 0.5 1
24 75 0.5 2
25 75 0.5 2
51 66 0.5 3
51 67 0.5 3
51 68 0.5 3
52 92 0.5 3
52 93 0.5 3
52 94 0.5 3
37 57 0.5 6
38 57 0.5 6
36 57 0.5 6
36 56 0.5 6
35 56 0.5 6
35 57 0.5 6
49 11 0.5 2
48 11 0.5 2
21 87 0.5 2
21 88 0.5 2
1 13 0.5 3
2 13 0.5 3
2 12 0.5 3
40 27 0.5 5
40 26 0.5 5
40 25 0.5 5
39 25 0.5 5
41 25 0.5 5
32 54 0.5 2
32 53 0.5 2
39 53 0.5 4
39 54 0.5 4
38 55 0.5 4
39 55 0.5 4
87 88 0.5 2
86 88 0.5 2
2 8 0.5 1
50 29 0.5 2
51 29 0.5 2
3 15 0.5 1
97 9 0.5 1
42 78 0.5 6
41 77 0.5 6
42 77 0.5 6
40 78 0.5 6
40 77 0.5 6
40 76 0.5 6
12 22 0.5 3
13 22 0.5 3
12 21 0.5 3
22 5 0.5 1
19 46 0.5 1
96 29 0.5 1
72 4 0.5 1
37 9 0.5 1
48 81 0.5 3
48 80 0.5 3
49 80 0.5 3
34 15 0.5 1
79 56 0.5 2
78 56 0.5 2
20 8 0.5 3
21 8 0.5 3
19 8 0.5 3
28 10 0.5 1
59 65 0.5 6
58 65 0.5 6
58 64 0.5 6
60 65 0.5 6
60 66 0.5 6
60 64 0.5 6
2 23 0.5 2
2 22 0.5 2
94 48 0.5 2
93 48 0.5 2
93 88 0.5 3
94 88 0.5 3
92 88 0.5 3
53 31 0.5 1
95 69 0.5 2
94 69 0.5 2
75 67 0.5 1
12 62 0.5 3
12 60 0.5 3
12 61 0.5 3
95 91 0.5 2
95 92 0.5 2
17 77 0.5 5
16 77 0.5 5
17 78 0.5 5
17 76 0.5 5
17 79 0.5 5
33 20 0.5 2
33 21 0.5 2
41 68 0.5 2
40 68 0.5 2
57 5 0.5 3
57 6 0.5 3
57 7 0.5 3
93 40 0.5 3
94 40 0.5 3
95 40 0.5 3
94 86 0.5 1
60 29 0.5 1
3 99 0.5 1
22 12 0.5 1
23 96 0.5 1
71 77 0.5 3
70 77 0.5 3
71 76 0.5 3
21 78 0.5 1
69 80 0.5 2
69 81 0.5 2
28 56 0.5 1
86 39 0.5 1
81 34 0.5 2
81 33 0.5 2
9 82 0.5 1
36 27 0.5 5
35 27 0.5 5
36 26 0.5 5
34 27 0.5 5
34 26 0.5 5
38 16 0.5 2
39 16 0.5 2
80 52 0.5 2
79 52 0.5 2
72 6 0.5 1
78 61 0.5 1
56 79 0.5 2
56 78 0.5 2
84 25 0.5 2
84 24 0.5 2
93 51 0.5 1
79 48 0.5 2
80 48 0.5 2
86 60 0.5 1
59 50 0.5 3
59 49 0.5 3
59 48 0.5 3
68 1 0.5 2
68 0 0.5 2
77 75 0.5 3
77 74 0.5 3
78 74 0.5 3
72 59 0.5 1
59 92 0.5 1
97 88 0.5 6
98 88 0.5 6
99 88 0.5 6
98 87 0.5 6
96 88 0.5 6
98 86 0.5 6
93 12 0.5 2
93 13 0.5 2
81 22 0.5 3
82 22 0.5 3
81 21 0.5 3
37 79 0.5 1
50 33 0.5 6
50 34 0.5 6
50 35 0.5 6
50 32 0.5 6
49 31 0.5 6
49 32 0.5 6
71 14 0.5 5
72 14 0.5 5
71 15 0.5 5
71 16 0.5 5
71 17 0.5 5
72 98 0.5 1
76 12 0.5 1
80 87 0.5 2
79 87 0.5 2
44 1 0.5 1
26 18 0.5 2
26 17 0.5 2
77 68 0.5 1
32 96 0.5 1
12 82 0.5 2
12 83 0.5 2
3 85 0.5 3
4 85 0.5 3
5 85 0.5 3
32 30 0.5 2
32 29 0.5 2
75 10 0.5 1
17 57 0.5 1
87 17 0.5 1
52 70 0.5 4
53 70 0.5 4
52 71 0.5 4
51 70 0.5 4
63 30 0.5 2
64 30 0.5 2
90 94 0.5 1
11 71 0.5 2
11 72 0.5 2
50 4 0.5 2
50 3 0.5 2
81 94 0.5 1
67 16 0.5 1
69 45 0.5 4
68 45 0.5 4
67 45 0.5 4
67 44 0.5 4
91 78 0.5 1
20 48 0.5 1
42 9 0.5 3
43 9 0.5 3
42 10 0.5 3
73 37 0.5 2
73 38 0.5 2
56 25 0.5 3
56 26 0.5 3
57 26 0.5 3
89 61 0.5 1
14 72 0.5 2
14 73 0.5 2
49 44 0.5 2
49 45 0.5 2
54 64 0.5 3
54 63 0.5 3
54 62 0.5 3
4 44 0.5 1
29 21 0.5 1
92 20 0.5 3
92 18 0.5 3
92 19 0.5 3
34 63 0.5 1
86 78 0.5 5
87 78 0.5 5
87 79 0.5 5
88 77 0.5 5
88 78 0.5 5
67 21 0.5 3
66 21 0.5 3
67 22 0.5 3
41 71 0.5 5
41 73 0.5 5
41 74 0.5 5
41 72 0.5 5
40 74 0.5 5
20 2 0.5 1
54 47 0.5 1
16 66 0.5 1
9 25 0.5 1
36 4 0.5 1
30 16 0.5 3
30 15 0.5 3
30 14 0.5 3
35 98 0.5 3
35 99 0.5 3
36 99 0.5 3
64 49 0.5 2
63 49 0.5 2
46 29 0.5 1
48 48 0.5 1
50 95 0.5 1
19 91 0.5 3
19 90 0.5 3
19 89 0.5 3
91 34 0.5 1
27 94 0.5 1
65 77 0.5 1
68 55 0.5 2
68 56 0.5 2
27 39 0.5 4
28 39 0.5 4
29 39 0.5 4
29 40 0.5 4
55 36 0.5 3
54 36 0.5 3
53 36 0.5 3
44 19 0.5 2
45 19 0.5 2
15 61 0.5 1
12 36 0.5 1
31 62 0.5 1
51 64 0.5 2
52 64 0.5 2
54 96 0.5 1
83 67 0.5 5
82 67 0.5 5
81 67 0.5 5
81 68 0.5 5
80 68 0.5 5
2 67 0.5 2
1 67 0.5 2
45 88 0.5 2
45 89 0.5 2
38 91 0.5 2
37 91 0.5 2
62 8 0.5 1
47 60 0.5 2
46 60 0.5 2
10 65 0.5 1
81 60 0.5 1
26 28 0.5 1
69 94 0.5 2
70 94 0.5 2
33 86 0.5 1
29 53 0.5 3
30 53 0.5 3
29 54 0.5 3
22 16 0.5 5
23 16 0.5 5
21 16 0.5 5
20 16 0.5 5
19 16 0.5 5
85 43 0.5 3
84 43 0.5 3
83 43 0.5 3
57 57 0.5 1
21 82 0.5 2
21 83 0.5 2
45 76 0.5 2
45 75 0.5 2
63 86 0.5 2
63 85 0.5 2
18 67 0.5 1
37 74 0.5 1
46 65 0.5 2
46 66 0.5 2
96 99 0.5 2
95 99 0.5 2
67 31 0.5 1
23 89 0.5 2
22 89 0.5 2
61 71 0.5 1
25 71 0.5 2
25 72 0.5 2
3 86 0.5 3
4 86 0.5 3
4 87 0.5 3
40 35 0.5 1
16 82 0.5 1
47 9 0.5 1
1 45 0.5 3
1 44 0.5 3
1 46 0.5 3
55 46 0.5 1
4 1 0.5 1
22 26 0.5 1
53 9 0.5 2
52 9 0.5 2
55 86 0.5 2
55 85 0.5 2
78 80 0.5 1
27 25 0.5 1
93 55 0.5 5
92 55 0.5 5
94 55 0.5 5
95 55 0.5 5
94 54 0.5 5
45 91 0.5 1
51 14 0.5 1
57 32 0.5 1
7 59 0.5 1
76 28 0.5 2
76 29 0.5 2
96 49 0.5 2
96 48 0.5 2
72 24 0.5 3
71 24 0.5 3
70 24 0.5 3
50 17 0.5 1
5 25 0.5 3
4 25 0.5 3
3 25 0.5 3
53 86 0.5 1
18 93 0.5 1
65 2 0.5 1
99 43 0.5 1
24 51 0.5 2
25 51 0.5 2
79 25 0.5 1
96 25 0.5 2
96 26 0.5 2
33 16 0.5 1
91 62 0.5 3
92 62 0.5 3
91 61 0.5 3
9 11 0.5 1
49 59 0.5 1
33 9 0.5 1
22 38 0.5 1
21 73 0.5 1
8 17 0.5 2
8 18 0.5 2
68 78 0.5 2
68 79 0.5 2
21 98 0.5 1
64 27 0.5 2
64 28 0.5 2
97 51 0.5 2
98 51 0.5 2
79 92 0.5 2
79 91 0.5 2
61 69 0.5 2
60 69 0.5 2
77 13 0.5 1
62 92 0.5 2
62 93 0.5 2
46 16 0.5 2
46 15 0.5 2
5 32 0.5 1
62 98 0.5 1
44 25 0.5 4
44 26 0.5 4
45 26 0.5 4
46 26 0.5 4
40 9 0.5 1
65 82 0.5 1
99 98 0.5 1
33 98 0.5 2
33 99 0.5 2
2 55 0.5 1
79 64 0.5 4
80 64 0.5 4
78 64 0.5 4
79 65 0.5 4
85 71 0.5 3
86 71 0.5 3
85 70 0.5 3
40 52 0.5 1
93 42 0.5 2
92 42 0.5 2
67 34 0.5 1
90 40 0.5 1
61 59 0.5 3
61 58 0.5 3
60 58 0.5 3
1 87 0.5 1
52 90 0.5 2
53 90 0.5 2
15 46 0.5 5
15 47 0.5 5
18 47 0.5 5
17 47 0.5 5
16 47 0.5 5
49 84 0.5 2
50 84 0.5 2
98 41 0.5 1
16 27 0.5 1
82 0 0.5 1
75 48 0.5 5
76 48 0.5 5
76 47 0.5 5
76 46 0.5 5
77 47 0.5 5
36 77 0.5 3
35 77 0.5 3
34 77 0.5 3
65 7 0.5 1
49 91 0.5 3
49 90 0.5 3
49 92 0.5 3
54 24 0.5 2
55 24 0.5 2
23 76 0.5 2
23 77 0.5 2
30 75 0.5 1
99 68 0.5 1
63 62 0.5 1
3 94 0.5 1
84 19 0.5 2
84 18 0.5 2
69 49 0.5 2
68 49 0.5 2
38 93 0.5 1
91 98 0.5 1
24 14 0.5 1
82 29 0.5 1
28 44 0.5 1
52 77 0.5 1
26 77 0.5 2
25 77 0.5 2
94 30 0.5 1
86 64 0.5 1
86 86 0.5 2
86 85 0.5 2
28 5 0.5 1
18 13 0.5 1
69 8 0.5 1
6 2 0.5 1
11 88 0.5 1
17 19 0.5 2
16 19 0.5 2
41 45 0.5 1
13 6 0.5 1
78 58 0.5 1
23 91 0.5 1
12 34 0.5 1
11 84 0.5 2
10 84 0.5 2
3 34 0.5 1
40 97 0.5 4
40 96 0.5 4
41 98 0.5 4
41 97 0.5 4
81 89 0.5 1
33 60 0.5 2
34 60 0.5 2
63 45 0.5 1
96 71 0.5 1
59 62 0.5 1
83 32 0.5 1
32 0 0.5 7
32 1 0.5 7
31 1 0.5 7
30 1 0.5 7
30 2 0.5 7
30 3 0.5 7
30 4 0.5 7
73 56 0.5 1
89 48 0.5 1
27 61 0.5 2
26 61 0.5 2
13 27 0.5 1
50 51 0.5 2
50 52 0.5 2
90 56 0.5 1
98 29 0.5 1
88 5 0.5 1
36 66 0.5 3
36 67 0.5 3
37 67 0.5 3
19 23 0.5 2
19 24 0.5 2
47 68 0.5 4
47 69 0.5 4
49 69 0.5 4
48 69 0.5 4
2 90 0.5 1
44 72 0.5 2
44 71 0.5 2
60 38 0.5 2
61 38 0.5 2
93 38 0.5 2
93 37 0.5 2
38 32 0.5 1
53 74 0.5 1
21 24 0.5 1
86 21 0.5 1
3 72 0.5 2
3 73 0.5 2
78 7 0.5 2
77 7 0.5 2
50 22 0.5 1
24 44 0.5 5
24 45 0.5 5
23 43 0.5 5
24 43 0.5 5
22 43 0.5 5
6 47 0.5 1
45 33 0.5 1
92 71 0.5 2
92 72 0.5 2
10 59 0.5 1
69 60 0.5 3
68 60 0.5 3
68 59 0.5 3
96 4 0.5 1
35 11 0.5 2
35 10 0.5 2
90 58 0.5 3
90 59 0.5 3
89 59 0.5 3
73 89 0.5 2
74 89 0.5 2
5 76 0.5 1
47 71 0.5 3
47 72 0.5 3
46 71 0.5 3
68 25 0.5 3
67 25 0.5 3
69 25 0.5 3
96 65 0.5 1
87 98 0.5 3
87 97 0.5 3
86 98 0.5 3
5 4 0.5 2
4 4 0.5 2
22 84 0.5 1
10 45 0.5 1
23 23 0.5 2
23 22 0.5 2
48 96 0.5 1
50 27 0.5 1
52 1 0.5 1
31 57 0.5 1
84 65 0.5 1
13 78 0.5 2
14 78 0.5 2
37 54 0.5 1
58 81 0.5 2
58 82 0.5 2
52 40 0.5 1
48 22 0.5 1
87 75 0.5 2
87 74 0.5 2
75 31 0.5 1
19 40 0.5 1
57 54 0.5 2
58 54 0.5 2
91 49 0.5 2
91 50 0.5 2
13 96 0.5 1
35 51 0.5 2
36 51 0.5 2
82 70 0.5 3
83 69 0.5 3
82 69 0.5 3
3 37 0.5 1
84 84 0.5 1
92 76 0.5 1
72 62 0.5 1
63 55 0.5 1
59 26 0.5 1
82 77 0.5 1
98 20 0.5 1
12 94 0.5 1
51 7 0.5 1
30 28 0.5 2
31 28 0.5 2
34 82 0.5 3
35 82 0.5 3
35 83 0.5 3
60 94 0.5 1
80 6 0.5 1
85 10 0.5 1
21 70 0.5 1
75 15 0.5 1
2 28 0.5 2
3 28 0.5 2
62 26 0.5 1
40 62 0.5 2
41 62 0.5 2
8 62 0.5 2
8 63 0.5 2
63 15 0.5 2
62 15 0.5 2
84 35 0.5 2
83 35 0.5 2
23 68 0.5 1
40 14 0.5 1
80 38 0.5 1
68 41 0.5 1
45 14 0.5 1
82 15 0.5 1
19 97 0.5 1
55 43 0.5 1
24 1 0.5 1
32 7 0.5 2
32 8 0.5 2
86 36 0.5 4
86 35 0.5 4
85 34 0.5 4
86 34 0.5 4
81 3 0.5 1
62 78 0.5 1
76 60 0.5 1
79 41 0.5 1
19 50 0.5 1
27 82 0.5 1
59 43 0.5 2
60 43 0.5 2
90 74 0.5 2
91 74 0.5 2
83 63 0.5 2
83 62 0.5 2
3 47 0.5 1
77 50 0.5 1
56 90 0.5 1
28 35 0.5 1
83 56 0.5 1
45 31 0.5 2
45 30 0.5 2
46 6 0.5 2
46 5 0.5 2
95 72 0.5 1
19 52 0.5 1
43 94 0.5 1
76 25 0.5 1
97 70 0.5 1
92 15 0.5 1
98 91 0.5 1
45 47 0.5 1
97 43 0.5 1
79 50 0.5 1
91 1 0.5 1
88 91 0.5 1
80 85 0.5 1
95 75 0.5 1
74 49 0.5 1
43 37 0.5 1
42 21 0.5 2
42 20 0.5 2
57 34 0.5 2
58 34 0.5 2
63 18 0.5 2
63 19 0.5 2
56 61 0.5 2
56 60 0.5 2
80 28 0.5 1
15 31 0.5 1
35 70 0.5 2
35 71 0.5 2
39 88 0.5 1
37 29 0.5 1
91 37 0.5 1
87 20 0.5 2
87 19 0.5 2
2 56 0.5 4
2 57 0.5 4
3 57 0.5 4
4 57 0.5 4
60 80 0.5 2
61 80 0.5 2
7 52 0.5 1
22 19 0.5 1
9 52 0.5 1
20 19 0.5 2
19 19 0.5 2
18 32 0.5 2
19 32 0.5 2
92 28 0.5 1
28 91 0.5 1
69 52 0.5 1
49 65 0.5 1
43 50 0.5 2
43 49 0.5 2
2 64 0.5 1
73 8 0.5 1
98 6 0.5 1
72 2 0.5 2
73 2 0.5 2
29 61 0.5 1
66 64 0.5 1
88 70 0.5 1
95 32 0.5 1
53 7 0.5 2
53 6 0.5 2
99 49 0.5 1
65 69 0.5 1
68 76 0.5 2
69 76 0.5 2
22 62 0.5 1
70 83 0.5 1
92 66 0.5 1
92 94 0.5 1
70 10 0.5 1
8 78 0.5 1
50 62 0.5 1
71 90 0.5 1
60 5 0.5 2
60 4 0.5 2
81 82 0.5 2
80 82 0.5 2
74 87 0.5 1
37 47 0.5 2
37 48 0.5 2
90 18 0.5 1
4 51 0.5 1
67 88 0.5 1
56 94 0.5 3
55 94 0.5 3
54 94 0.5 3
15 40 0.5 1
47 20 0.5 1
23 10 0.5 1
59 0 0.5 1
4 22 0.5 2
4 21 0.5 2
13 70 0.5 1
80 98 0.5 1
27 51 0.5 1
6 91 0.5 1
32 73 0.5 1
84 44 0.5 2
83 44 0.5 2
34 69 0.5 1
64 21 0.5 1
27 96 0.5 1
13 47 0.5 1
41 5 0.5 2
41 4 0.5 2
29 30 0.5 1
66 60 0.5 1
39 22 0.5 1
95 3 0.5 1
55 98 0.5 2
56 98 0.5 2
24 40 0.5 1
67 10 0.5 1
68 73 0.5 2
68 74 0.5 2
7 19 0.5 1
3 80 0.5 1
45 84 0.5 1
12 4 0.5 1
32 5 0.5 1
55 2 0.5 1
43 11 0.5 1
34 32 0.5 1
43 88 0.5 1
40 80 0.5 1
57 88 0.5 1
74 12 0.5 1
38 34 0.5 1
67 7 0.5 1
13 67 0.5 1
24 70 0.5 1
34 54 0.5 1
79 35 0.5 1
98 47 0.5 2
99 47 0.5 2
87 69 0.5 1
54 52 0.5 1
76 78 0.5 2
77 78 0.5 2
80 10 0.5 2
81 10 0.5 2
99 15 0.5 1
34 46 0.5 1
89 68 0.5 1
89 29 0.5 2
89 30 0.5 2
72 45 0.5 1
72 92 0.5 1
6 42 0.5 2
7 42 0.5 2
71 7 0.5 1
67 97 0.5 1
15 94 0.5 1
2 61 0.5 1
35 7 0.5 1
50 39 0.5 1
73 80 0.5 2
74 80 0.5 2
61 20 0.5 1
77 89 0.5 3
77 90 0.5 3
78 90 0.5 3
24 54 0.5 1
10 16 0.5 1
16 16 0.5 2
16 17 0.5 2
69 21 0.5 1
32 68 0.5 1
79 79 0.5 1
9 9 0.5 1
95 18 0.5 1
8 71 0.5 1
17 62 0.5 1
31 13 0.5 1
28 19 0.5 2
28 18 0.5 2
36 21 0.5 1
81 26 0.5 1
39 81 0.5 1
6 15 0.5 1
51 16 0.5 1
39 70 0.5 1
50 37 0.5 1
76 83 0.5 1
44 35 0.5 1
83 50 0.5 1
89 87 0.5 1
90 23 0.5 1
63 40 0.5 1
29 92 0.5 1
20 96 0.5 1
97 36 0.5 2
97 35 0.5 2
72 85 0.5 1
11 29 0.5 1
66 74 0.5 1
32 35 0.5 1
59 14 0.5 1
29 82 0.5 1
10 74 0.5 1
75 94 0.5 1
90 89 0.5 1
82 92 0.5 1
55 71 0.5 1
8 35 0.5 1
51 42 0.5 1
31 92 0.5 1
17 44 0.5 1
73 25 0.5 1
7 23 0.5 1
13 41 0.5 1
91 10 0.5 1
82 8 0.5 1
71 20 0.5 1
16 9 0.5 1
59 77 0.5 2
59 78 0.5 2
13 51 0.5 1
33 12 0.5 1
45 40 0.5 1
7 66 0.5 1
8 13 0.5 1
45 22 0.5 1
25 53 0.5 1
82 74 0.5 1
74 27 0.5 1
5 93 0.5 1
43 46 0.5 1
93 63 0.5 1
95 96 0.5 1
45 54 0.5 2
45 55 0.5 2
64 35 0.5 1
3 19 0.5 2
3 18 0.5 2
43 41 0.5 1
55 32 0.5 1
90 80 0.5 1
9 92 0.5 1
26 93 0.5 1
87 42 0.5 1
85 78 0.5 1
38 7 0.5 1
24 26 0.5 1
89 10 0.5 1
34 28 0.5 1
9 28 0.5 1
92 31 0.5 1
33 66 0.5 1
55 50 0.5 1
30 32 0.5 1
89 36 0.5 1
10 34 0.5 1
8 67 0.5 1
42 17 0.5 1
53 16 0.5 1
60 83 0.5 1
68 95 0.5 1
31 76 0.5 1
91 45 0.5 1
91 30 0.5 1
