33 20 0.5 5
33 18 0.5 5
33 19 0.5 5
33 17 0.5 5
32 17 0.5 5
80 20 0.5 6
80 19 0.5 6
79 20 0.5 6
81 19 0.5 6
82 19 0.5 6
81 18 0.5 6
59 12 0.5 3
61 12 0.5 3
60 12 0.5 3
40 41 0.5 7
39 41 0.5 7
38 41 0.5 7
39 42 0.5 7
39 43 0.5 7
39 44 0.5 7
40 42 0.5 7
98 65 0.5 4
98 64 0.5 4
98 63 0.5 4
97 63 0.5 4
91 7 0.5 3
90 7 0.5 3
90 8 0.5 3
31 88 0.5 9
31 87 0.5 9
31 86 0.5 9
32 86 0.5 9
32 88 0.5 9
31 84 0.5 9
32 84 0.5 9
32 85 0.5 9
30 84 0.5 9
45 20 0.5 3
45 19 0.5 3
46 19 0.5 3
71 48 0.5 11
70 48 0.5 11
71 49 0.5 11
72 48 0.5 11
70 47 0.5 11
69 47 0.5 11
68 47 0.5 11
68 46 0.5 11
71 47 0.5 11
71 50 0.5 11
70 50 0.5 11
52 27 0.5 7
52 26 0.5 7
51 28 0.5 7
52 28 0.5 7
52 29 0.5 7
52 30 0.5 7
51 26 0.5 7
29 40 0.5 7
29 41 0.5 7
29 39 0.5 7
26 41 0.5 7
27 41 0.5 7
28 41 0.5 7
28 42 0.5 7
66 36 0.5 9
67 36 0.5 9
65 36 0.5 9
65 35 0.5 9
67 34 0.5 9
67 35 0.5 9
67 33 0.5 9
66 33 0.5 9
67 32 0.5 9
53 4 0.5 16
53 5 0.5 16
53 7 0.5 16
53 6 0.5 16
52 7 0.5 16
54 5 0.5 16
54 6 0.5 16
54 7 0.5 16
52 3 0.5 16
52 4 0.5 16
49 9 0.5 16
48 9 0.5 16
50 8 0.5 16
49 8 0.5 16
51 8 0.5 16
51 7 0.5 16
51 56 0.5 2
51 57 0.5 2
3 9 0.5 5
1 9 0.5 5
2 9 0.5 5
1 10 0.5 5
1 8 0.5 5
21 59 0.5 3
21 60 0.5 3
20 59 0.5 3
80 43 0.5 2
80 42 0.5 2
13 17 0.5 6
13 18 0.5 6
12 19 0.5 6
13 19 0.5 6
12 18 0.5 6
11 18 0.5 6
94 16 0.5 3
95 16 0.5 3
94 17 0.5 3
82 94 0.5 7
83 94 0.5 7
83 93 0.5 7
83 92 0.5 7
84 92 0.5 7
84 95 0.5 7
84 94 0.5 7
45 74 0.5 12
45 78 0.5 12
44 77 0.5 12
45 77 0.5 12
43 78 0.5 12
43 77 0.5 12
43 76 0.5 12
45 76 0.5 12
45 75 0.5 12
46 79 0.5 12
46 78 0.5 12
47 78 0.5 12
18 93 0.5 11
17 93 0.5 11
19 93 0.5 11
19 92 0.5 11
19 91 0.5 11
19 89 0.5 11
19 90 0.5 11
21 90 0.5 11
20 90 0.5 11
22 90 0.5 11
23 90 0.5 11
81 35 0.5 9
82 35 0.5 9
80 35 0.5 9
83 35 0.5 9
82 34 0.5 9
83 34 0.5 9
83 33 0.5 9
84 33 0.5 9
83 32 0.5 9
81 7 0.5 5
80 7 0.5 5
78 7 0.5 5
77 7 0.5 5
79 7 0.5 5
57 33 0.5 4
56 33 0.5 4
56 34 0.5 4
57 34 0.5 4
23 75 0.5 7
24 75 0.5 7
24 73 0.5 7
24 74 0.5 7
23 73 0.5 7
22 75 0.5 7
22 74 0.5 7
50 68 0.5 6
50 69 0.5 6
50 70 0.5 6
50 67 0.5 6
51 67 0.5 6
49 68 0.5 6
53 94 0.5 6
53 95 0.5 6
53 96 0.5 6
52 96 0.5 6
52 93 0.5 6
53 93 0.5 6
36 57 0.5 17
37 57 0.5 17
35 57 0.5 17
35 56 0.5 17
34 56 0.5 17
34 57 0.5 17
37 53 0.5 17
37 54 0.5 17
36 55 0.5 17
37 55 0.5 17
35 55 0.5 17
35 53 0.5 17
35 52 0.5 17
36 53 0.5 17
35 51 0.5 17
36 51 0.5 17
35 54 0.5 17
1 14 0.5 8
2 14 0.5 8
2 13 0.5 8
3 14 0.5 8
3 18 0.5 8
3 17 0.5 8
3 16 0.5 8
3 15 0.5 8
38 26 0.5 12
38 25 0.5 12
38 24 0.5 12
37 24 0.5 12
39 24 0.5 12
38 23 0.5 12
37 23 0.5 12
39 25 0.5 12
39 26 0.5 12
40 26 0.5 12
41 26 0.5 12
39 27 0.5 12
88 84 0.5 5
87 84 0.5 5
87 83 0.5 5
87 82 0.5 5
88 83 0.5 5
98 14 0.5 1
20 6 0.5 4
21 7 0.5 4
22 7 0.5 4
20 7 0.5 4
22 48 0.5 16
19 48 0.5 16
19 49 0.5 16
22 49 0.5 16
21 49 0.5 16
20 49 0.5 16
18 49 0.5 16
20 48 0.5 16
22 51 0.5 16
21 50 0.5 16
21 51 0.5 16
22 50 0.5 16
23 50 0.5 16
24 50 0.5 16
23 51 0.5 16
24 51 0.5 16
99 29 0.5 4
0 29 0.5 4
98 29 0.5 4
98 30 0.5 4
69 2 0.5 8
68 1 0.5 8
69 1 0.5 8
69 3 0.5 8
68 3 0.5 8
67 4 0.5 8
67 3 0.5 8
66 4 0.5 8
37 10 0.5 3
38 9 0.5 3
38 10 0.5 3
77 58 0.5 2
76 58 0.5 2
27 6 0.5 13
27 5 0.5 13
30 98 0.5 13
30 99 0.5 13
30 0 0.5 13
30 1 0.5 13
30 2 0.5 13
29 2 0.5 13
28 2 0.5 13
28 3 0.5 13
28 4 0.5 13
28 5 0.5 13
30 3 0.5 13
61 66 0.5 9
60 66 0.5 9
60 65 0.5 9
62 66 0.5 9
62 67 0.5 9
62 65 0.5 9
60 64 0.5 9
63 65 0.5 9
64 65 0.5 9
1 25 0.5 2
1 24 0.5 2
95 52 0.5 15
94 52 0.5 15
93 52 0.5 15
93 53 0.5 15
94 53 0.5 15
95 54 0.5 15
95 53 0.5 15
95 55 0.5 15
96 55 0.5 15
94 57 0.5 15
93 57 0.5 15
95 57 0.5 15
96 57 0.5 15
95 56 0.5 15
92 57 0.5 15
95 91 0.5 13
96 91 0.5 13
94 91 0.5 13
98 91 0.5 13
99 91 0.5 13
0 91 0.5 13
99 90 0.5 13
97 91 0.5 13
99 89 0.5 13
97 92 0.5 13
97 93 0.5 13
97 94 0.5 13
98 94 0.5 13
97 70 0.5 11
96 70 0.5 11
96 69 0.5 11
97 72 0.5 11
97 71 0.5 11
97 73 0.5 11
98 72 0.5 11
98 73 0.5 11
98 74 0.5 11
96 71 0.5 11
96 72 0.5 11
76 71 0.5 2
77 71 0.5 2
17 62 0.5 5
17 60 0.5 5
17 61 0.5 5
18 62 0.5 5
19 62 0.5 5
15 81 0.5 13
14 81 0.5 13
15 82 0.5 13
15 80 0.5 13
15 83 0.5 13
12 81 0.5 13
13 81 0.5 13
15 85 0.5 13
15 86 0.5 13
15 87 0.5 13
14 87 0.5 13
15 84 0.5 13
14 88 0.5 13
41 65 0.5 4
40 65 0.5 4
41 64 0.5 4
42 64 0.5 4
95 40 0.5 11
96 40 0.5 11
97 40 0.5 11
96 41 0.5 11
95 41 0.5 11
94 40 0.5 11
98 40 0.5 11
97 39 0.5 11
97 38 0.5 11
97 37 0.5 11
97 36 0.5 11
94 85 0.5 1
61 27 0.5 2
62 27 0.5 2
2 1 0.5 1
21 12 0.5 3
22 12 0.5 3
21 13 0.5 3
25 95 0.5 1
73 74 0.5 3
72 74 0.5 3
73 73 0.5 3
21 79 0.5 5
21 77 0.5 5
21 78 0.5 5
23 78 0.5 5
22 78 0.5 5
71 79 0.5 10
71 80 0.5 10
72 80 0.5 10
71 81 0.5 10
75 80 0.5 10
74 79 0.5 10
75 79 0.5 10
73 80 0.5 10
74 80 0.5 10
76 80 0.5 10
28 57 0.5 4
29 58 0.5 4
28 58 0.5 4
29 59 0.5 4
88 40 0.5 8
86 39 0.5 8
85 39 0.5 8
87 40 0.5 8
87 39 0.5 8
86 38 0.5 8
87 38 0.5 8
89 40 0.5 8
12 84 0.5 7
9 84 0.5 7
10 84 0.5 7
11 84 0.5 7
8 85 0.5 7
9 85 0.5 7
9 86 0.5 7
36 30 0.5 8
35 30 0.5 8
36 29 0.5 8
34 30 0.5 8
34 29 0.5 8
35 31 0.5 8
33 31 0.5 8
33 30 0.5 8
39 14 0.5 2
40 14 0.5 2
78 53 0.5 12
77 53 0.5 12
77 52 0.5 12
79 49 0.5 12
80 49 0.5 12
76 50 0.5 12
77 50 0.5 12
77 49 0.5 12
77 48 0.5 12
78 49 0.5 12
77 51 0.5 12
75 50 0.5 12
78 64 0.5 25
78 63 0.5 25
78 62 0.5 25
82 66 0.5 25
81 66 0.5 25
80 66 0.5 25
80 67 0.5 25
79 67 0.5 25
82 68 0.5 25
83 67 0.5 25
82 67 0.5 25
83 66 0.5 25
79 65 0.5 25
80 65 0.5 25
78 65 0.5 25
79 66 0.5 25
81 65 0.5 25
81 64 0.5 25
83 69 0.5 25
84 69 0.5 25
83 68 0.5 25
87 69 0.5 25
85 69 0.5 25
86 69 0.5 25
84 66 0.5 25
57 81 0.5 10
57 80 0.5 10
58 81 0.5 10
58 82 0.5 10
58 79 0.5 10
58 80 0.5 10
60 78 0.5 10
59 79 0.5 10
60 79 0.5 10
59 82 0.5 10
83 27 0.5 2
83 26 0.5 2
84 59 0.5 3
82 59 0.5 3
83 59 0.5 3
57 51 0.5 6
57 50 0.5 6
57 49 0.5 6
56 49 0.5 6
56 48 0.5 6
56 47 0.5 6
77 76 0.5 3
77 75 0.5 3
78 75 0.5 3
70 56 0.5 5
71 56 0.5 5
69 56 0.5 5
69 57 0.5 5
69 55 0.5 5
56 88 0.5 2
56 87 0.5 2
89 13 0.5 6
89 14 0.5 6
90 17 0.5 6
90 15 0.5 6
90 16 0.5 6
90 14 0.5 6
39 77 0.5 2
39 78 0.5 2
47 33 0.5 13
47 34 0.5 13
47 35 0.5 13
47 32 0.5 13
46 31 0.5 13
46 32 0.5 13
45 31 0.5 13
44 32 0.5 13
44 31 0.5 13
44 33 0.5 13
44 34 0.5 13
43 33 0.5 13
42 33 0.5 13
72 14 0.5 11
73 14 0.5 11
72 15 0.5 11
72 16 0.5 11
72 17 0.5 11
74 13 0.5 11
74 14 0.5 11
73 13 0.5 11
75 12 0.5 11
76 13 0.5 11
75 13 0.5 11
68 99 0.5 1
80 85 0.5 6
79 85 0.5 6
80 84 0.5 6
81 83 0.5 6
80 83 0.5 6
78 85 0.5 6
45 99 0.5 6
44 97 0.5 6
44 96 0.5 6
45 98 0.5 6
45 97 0.5 6
45 96 0.5 6
28 15 0.5 4
28 14 0.5 4
29 16 0.5 4
29 15 0.5 4
87 17 0.5 6
86 18 0.5 6
86 17 0.5 6
87 18 0.5 6
88 18 0.5 6
88 17 0.5 6
55 72 0.5 6
56 72 0.5 6
55 73 0.5 6
54 72 0.5 6
57 72 0.5 6
55 74 0.5 6
63 31 0.5 4
64 31 0.5 4
64 29 0.5 4
64 30 0.5 4
88 93 0.5 1
13 70 0.5 7
13 71 0.5 7
14 71 0.5 7
14 72 0.5 7
14 69 0.5 7
14 70 0.5 7
13 69 0.5 7
67 17 0.5 5
67 18 0.5 5
67 19 0.5 5
67 20 0.5 5
66 20 0.5 5
89 74 0.5 2
90 74 0.5 2
41 8 0.5 5
42 8 0.5 5
41 9 0.5 5
42 9 0.5 5
41 10 0.5 5
70 37 0.5 2
70 38 0.5 2
56 18 0.5 5
56 19 0.5 5
57 19 0.5 5
58 19 0.5 5
57 18 0.5 5
89 66 0.5 9
90 64 0.5 9
90 65 0.5 9
89 65 0.5 9
90 67 0.5 9
91 67 0.5 9
90 66 0.5 9
92 67 0.5 9
93 67 0.5 9
49 44 0.5 2
49 45 0.5 2
56 65 0.5 3
56 64 0.5 3
56 63 0.5 3
1 46 0.5 5
0 45 0.5 5
0 44 0.5 5
0 46 0.5 5
0 43 0.5 5
29 20 0.5 1
36 61 0.5 4
34 60 0.5 4
35 60 0.5 4
36 60 0.5 4
85 79 0.5 7
86 79 0.5 7
86 80 0.5 7
87 78 0.5 7
87 79 0.5 7
85 80 0.5 7
85 81 0.5 7
68 25 0.5 10
67 25 0.5 10
68 26 0.5 10
73 27 0.5 10
72 27 0.5 10
71 27 0.5 10
69 27 0.5 10
68 27 0.5 10
70 27 0.5 10
74 27 0.5 10
36 71 0.5 19
36 73 0.5 19
36 74 0.5 19
36 72 0.5 19
35 74 0.5 19
35 71 0.5 19
34 68 0.5 19
34 69 0.5 19
35 69 0.5 19
34 71 0.5 19
34 72 0.5 19
34 70 0.5 19
34 74 0.5 19
36 76 0.5 19
35 76 0.5 19
34 76 0.5 19
33 75 0.5 19
33 76 0.5 19
33 74 0.5 19
21 4 0.5 1
8 23 0.5 1
35 4 0.5 2
35 5 0.5 2
31 14 0.5 6
31 13 0.5 6
31 12 0.5 6
31 11 0.5 6
31 9 0.5 6
31 10 0.5 6
37 99 0.5 3
37 0 0.5 3
38 0 0.5 3
64 50 0.5 2
63 50 0.5 2
45 51 0.5 2
45 50 0.5 2
89 38 0.5 2
89 37 0.5 2
28 94 0.5 4
29 93 0.5 4
29 94 0.5 4
28 95 0.5 4
66 81 0.5 4
67 81 0.5 4
67 82 0.5 4
65 81 0.5 4
53 38 0.5 6
52 38 0.5 6
51 38 0.5 6
51 39 0.5 6
50 38 0.5 6
50 39 0.5 6
45 17 0.5 6
46 17 0.5 6
44 18 0.5 6
44 17 0.5 6
44 16 0.5 6
47 17 0.5 6
16 35 0.5 2
15 35 0.5 2
55 99 0.5 5
56 98 0.5 5
55 98 0.5 5
54 98 0.5 5
57 98 0.5 5
2 66 0.5 2
1 66 0.5 2
45 87 0.5 5
45 88 0.5 5
46 87 0.5 5
46 86 0.5 5
46 88 0.5 5
35 91 0.5 4
34 91 0.5 4
35 92 0.5 4
35 93 0.5 4
62 11 0.5 2
61 11 0.5 2
44 58 0.5 4
43 58 0.5 4
45 57 0.5 4
45 58 0.5 4
11 69 0.5 4
9 69 0.5 4
10 69 0.5 4
8 69 0.5 4
25 26 0.5 2
25 25 0.5 2
71 87 0.5 5
72 87 0.5 5
73 86 0.5 5
74 86 0.5 5
72 86 0.5 5
27 51 0.5 3
28 51 0.5 3
27 52 0.5 3
22 19 0.5 11
23 19 0.5 11
21 19 0.5 11
20 19 0.5 11
19 19 0.5 11
22 20 0.5 11
19 20 0.5 11
18 20 0.5 11
21 20 0.5 11
20 20 0.5 11
23 18 0.5 11
87 42 0.5 6
86 42 0.5 6
85 42 0.5 6
85 43 0.5 6
84 43 0.5 6
88 42 0.5 6
58 57 0.5 6
59 59 0.5 6
59 58 0.5 6
58 58 0.5 6
57 56 0.5 6
58 56 0.5 6
23 81 0.5 3
23 82 0.5 3
24 82 0.5 3
64 86 0.5 2
64 85 0.5 2
21 65 0.5 1
45 68 0.5 11
45 69 0.5 11
45 70 0.5 11
45 71 0.5 11
47 71 0.5 11
46 71 0.5 11
42 70 0.5 11
42 69 0.5 11
44 69 0.5 11
44 70 0.5 11
43 69 0.5 11
96 98 0.5 2
95 98 0.5 2
60 71 0.5 2
60 70 0.5 2
45 10 0.5 4
46 12 0.5 4
46 11 0.5 4
45 11 0.5 4
6 3 0.5 3
8 3 0.5 3
7 3 0.5 3
22 25 0.5 7
20 24 0.5 7
21 23 0.5 7
21 24 0.5 7
22 24 0.5 7
22 23 0.5 7
22 22 0.5 7
54 85 0.5 3
54 84 0.5 3
53 85 0.5 3
47 92 0.5 1
51 13 0.5 1
3 58 0.5 7
2 58 0.5 7
1 56 0.5 7
1 57 0.5 7
2 57 0.5 7
3 57 0.5 7
2 56 0.5 7
77 28 0.5 7
77 29 0.5 7
77 30 0.5 7
76 28 0.5 7
78 29 0.5 7
79 29 0.5 7
80 29 0.5 7
54 16 0.5 3
55 16 0.5 3
54 17 0.5 3
4 27 0.5 5
3 27 0.5 5
2 27 0.5 5
2 28 0.5 5
3 28 0.5 5
21 97 0.5 5
24 97 0.5 5
22 97 0.5 5
23 97 0.5 5
24 98 0.5 5
97 23 0.5 2
97 24 0.5 2
10 13 0.5 2
9 13 0.5 2
34 11 0.5 4
34 13 0.5 4
34 12 0.5 4
34 14 0.5 4
25 38 0.5 1
8 17 0.5 3
8 18 0.5 3
7 18 0.5 3
61 68 0.5 2
60 68 0.5 2
60 94 0.5 2
60 95 0.5 2
6 32 0.5 1
61 2 0.5 3
60 3 0.5 3
60 2 0.5 3
0 98 0.5 1
41 53 0.5 1
1 85 0.5 1
50 81 0.5 2
51 81 0.5 2
82 1 0.5 1
64 5 0.5 1
53 21 0.5 2
54 21 0.5 2
4 93 0.5 4
4 92 0.5 4
5 92 0.5 4
5 93 0.5 4
93 0 0.5 1
28 49 0.5 1
51 77 0.5 1
71 8 0.5 2
72 8 0.5 2
5 0 0.5 1
11 7 0.5 1
2 34 0.5 1
61 42 0.5 3
59 42 0.5 3
60 42 0.5 3
90 52 0.5 1
13 29 0.5 4
12 29 0.5 4
13 30 0.5 4
11 29 0.5 4
49 49 0.5 2
49 50 0.5 2
89 2 0.5 1
5 90 0.5 1
60 39 0.5 3
61 39 0.5 3
61 40 0.5 3
41 31 0.5 1
50 20 0.5 2
50 21 0.5 2
26 47 0.5 5
26 48 0.5 5
25 46 0.5 5
26 46 0.5 5
24 46 0.5 5
5 49 0.5 5
4 49 0.5 5
3 49 0.5 5
5 50 0.5 5
6 50 0.5 5
8 63 0.5 3
8 64 0.5 3
8 65 0.5 3
71 63 0.5 3
70 63 0.5 3
70 62 0.5 3
95 6 0.5 1
4 78 0.5 2
5 78 0.5 2
88 0 0.5 3
88 99 0.5 3
87 0 0.5 3
14 46 0.5 1
46 93 0.5 1
82 74 0.5 3
82 73 0.5 3
82 75 0.5 3
18 41 0.5 1
14 99 0.5 1
3 36 0.5 1
83 82 0.5 1
69 67 0.5 1
65 62 0.5 1
99 21 0.5 1
8 91 0.5 1
30 26 0.5 3
31 26 0.5 3
30 27 0.5 3
85 11 0.5 3
83 11 0.5 3
84 11 0.5 3
20 69 0.5 1
70 43 0.5 1
83 17 0.5 1
54 45 0.5 1
86 2 0.5 1
26 83 0.5 1
89 71 0.5 2
90 71 0.5 2
29 32 0.5 3
31 32 0.5 3
30 32 0.5 3
47 6 0.5 2
47 5 0.5 2
96 44 0.5 3
95 45 0.5 3
96 45 0.5 3
90 1 0.5 2
91 1 0.5 2
87 91 0.5 1
95 78 0.5 1
39 35 0.5 1
54 57 0.5 2
54 56 0.5 2
37 88 0.5 1
18 29 0.5 2
19 29 0.5 2
94 29 0.5 1
42 50 0.5 3
42 49 0.5 3
42 48 0.5 3
3 64 0.5 1
99 5 0.5 1
99 50 0.5 1
66 75 0.5 5
67 75 0.5 5
65 74 0.5 5
65 75 0.5 5
64 75 0.5 5
23 62 0.5 1
89 95 0.5 1
50 63 0.5 1
89 20 0.5 1
64 88 0.5 1
15 40 0.5 2
14 40 0.5 2
57 1 0.5 3
56 0 0.5 3
57 0 0.5 3
79 96 0.5 1
40 4 0.5 2
40 3 0.5 2
66 57 0.5 1
22 43 0.5 1
67 13 0.5 1
3 81 0.5 1
43 85 0.5 1
11 4 0.5 1
43 90 0.5 1
60 90 0.5 1
66 10 0.5 1
53 53 0.5 1
93 14 0.5 1
34 47 0.5 1
89 27 0.5 2
89 28 0.5 2
71 93 0.5 1
7 40 0.5 2
8 40 0.5 2
69 96 0.5 2
69 95 0.5 2
16 88 0.5 1
76 88 0.5 3
76 89 0.5 3
77 89 0.5 3
17 15 0.5 2
17 16 0.5 2
32 70 0.5 2
32 69 0.5 2
82 79 0.5 1
11 10 0.5 1
36 80 0.5 1
7 13 0.5 1
83 51 0.5 1
88 23 0.5 1
30 36 0.5 1
9 74 0.5 1
75 93 0.5 1
91 89 0.5 1
5 39 0.5 1
53 43 0.5 1
4 24 0.5 1
71 20 0.5 1
15 7 0.5 1
12 52 0.5 1
46 37 0.5 1
45 39 0.5 1
89 81 0.5 1
26 22 0.5 1
90 32 0.5 2
89 32 0.5 2
11 32 0.5 1
91 48 0.5 1
