33 19 0.5 5
33 17 0.5 5
33 18 0.5 5
33 16 0.5 5
32 16 0.5 5
81 20 0.5 7
81 19 0.5 7
80 20 0.5 7
82 19 0.5 7
83 19 0.5 7
82 18 0.5 7
83 18 0.5 7
58 12 0.5 3
60 12 0.5 3
59 12 0.5 3
40 42 0.5 7
39 42 0.5 7
38 42 0.5 7
39 43 0.5 7
39 44 0.5 7
39 45 0.5 7
40 43 0.5 7
98 66 0.5 4
98 65 0.5 4
98 64 0.5 4
97 64 0.5 4
91 6 0.5 3
90 6 0.5 3
90 7 0.5 3
31 89 0.5 9
31 88 0.5 9
31 87 0.5 9
32 87 0.5 9
32 89 0.5 9
31 85 0.5 9
32 85 0.5 9
32 86 0.5 9
30 85 0.5 9
44 20 0.5 9
44 19 0.5 9
45 19 0.5 9
45 17 0.5 9
46 17 0.5 9
44 18 0.5 9
44 17 0.5 9
44 16 0.5 9
47 17 0.5 9
72 48 0.5 11
71 48 0.5 11
72 49 0.5 11
73 48 0.5 11
71 47 0.5 11
70 47 0.5 11
69 47 0.5 11
69 46 0.5 11
72 47 0.5 11
72 50 0.5 11
71 50 0.5 11
53 27 0.5 7
53 26 0.5 7
52 28 0.5 7
53 28 0.5 7
53 29 0.5 7
53 30 0.5 7
52 26 0.5 7
28 40 0.5 7
28 41 0.5 7
28 39 0.5 7
25 41 0.5 7
26 41 0.5 7
27 41 0.5 7
27 42 0.5 7
66 37 0.5 9
67 37 0.5 9
65 37 0.5 9
65 36 0.5 9
67 35 0.5 9
67 36 0.5 9
67 34 0.5 9
66 34 0.5 9
67 33 0.5 9
54 4 0.5 16
54 5 0.5 16
54 7 0.5 16
54 6 0.5 16
53 7 0.5 16
55 5 0.5 16
55 6 0.5 16
55 7 0.5 16
53 3 0.5 16
53 4 0.5 16
50 9 0.5 16
49 9 0.5 16
51 8 0.5 16
50 8 0.5 16
52 8 0.5 16
52 7 0.5 16
50 56 0.5 2
50 57 0.5 2
4 9 0.5 5
2 9 0.5 5
3 9 0.5 5
2 10 0.5 5
2 8 0.5 5
21 58 0.5 3
21 59 0.5 3
20 58 0.5 3
79 43 0.5 2
79 42 0.5 2
13 16 0.5 6
13 17 0.5 6
12 18 0.5 6
13 18 0.5 6
12 17 0.5 6
11 17 0.5 6
94 15 0.5 3
95 15 0.5 3
94 16 0.5 3
82 95 0.5 7
83 95 0.5 7
83 94 0.5 7
83 93 0.5 7
84 93 0.5 7
84 96 0.5 7
84 95 0.5 7
45 73 0.5 12
45 77 0.5 12
44 76 0.5 12
45 76 0.5 12
43 77 0.5 12
43 76 0.5 12
43 75 0.5 12
45 75 0.5 12
45 74 0.5 12
46 78 0.5 12
46 77 0.5 12
47 77 0.5 12
18 92 0.5 11
17 92 0.5 11
19 92 0.5 11
19 91 0.5 11
19 90 0.5 11
19 88 0.5 11
19 89 0.5 11
21 89 0.5 11
20 89 0.5 11
22 89 0.5 11
23 89 0.5 11
81 34 0.5 9
82 34 0.5 9
80 34 0.5 9
83 34 0.5 9
82 33 0.5 9
83 33 0.5 9
83 32 0.5 9
84 32 0.5 9
83 31 0.5 9
82 7 0.5 5
81 7 0.5 5
79 7 0.5 5
78 7 0.5 5
80 7 0.5 5
58 33 0.5 4
57 33 0.5 4
57 34 0.5 4
58 34 0.5 4
23 76 0.5 7
24 76 0.5 7
24 74 0.5 7
24 75 0.5 7
23 74 0.5 7
22 76 0.5 7
22 75 0.5 7
49 68 0.5 6
49 69 0.5 6
49 70 0.5 6
49 67 0.5 6
50 67 0.5 6
48 68 0.5 6
53 93 0.5 6
53 94 0.5 6
53 95 0.5 6
52 95 0.5 6
52 92 0.5 6
53 92 0.5 6
35 57 0.5 17
36 57 0.5 17
34 57 0.5 17
34 56 0.5 17
33 56 0.5 17
33 57 0.5 17
36 53 0.5 17
36 54 0.5 17
35 55 0.5 17
36 55 0.5 17
34 55 0.5 17
34 53 0.5 17
34 52 0.5 17
35 53 0.5 17
34 51 0.5 17
35 51 0.5 17
34 54 0.5 17
2 14 0.5 8
3 14 0.5 8
3 13 0.5 8
4 14 0.5 8
4 18 0.5 8
4 17 0.5 8
4 16 0.5 8
4 15 0.5 8
37 26 0.5 12
37 25 0.5 12
37 24 0.5 12
36 24 0.5 12
38 24 0.5 12
37 23 0.5 12
36 23 0.5 12
38 25 0.5 12
38 26 0.5 12
39 26 0.5 12
40 26 0.5 12
38 27 0.5 12
89 84 0.5 6
88 84 0.5 6
88 83 0.5 6
88 82 0.5 6
89 83 0.5 6
88 81 0.5 6
98 15 0.5 1
19 6 0.5 4
20 7 0.5 4
21 7 0.5 4
19 7 0.5 4
22 47 0.5 16
19 47 0.5 16
19 48 0.5 16
22 48 0.5 16
21 48 0.5 16
20 48 0.5 16
18 48 0.5 16
20 47 0.5 16
22 50 0.5 16
21 49 0.5 16
21 50 0.5 16
22 49 0.5 16
23 49 0.5 16
24 49 0.5 16
23 50 0.5 16
24 50 0.5 16
99 28 0.5 4
0 28 0.5 4
98 28 0.5 4
98 29 0.5 4
70 2 0.5 8
69 1 0.5 8
70 1 0.5 8
70 3 0.5 8
69 3 0.5 8
68 4 0.5 8
68 3 0.5 8
67 4 0.5 8
36 10 0.5 3
37 9 0.5 3
37 10 0.5 3
77 59 0.5 2
76 59 0.5 2
27 5 0.5 13
27 4 0.5 13
30 97 0.5 13
30 98 0.5 13
30 99 0.5 13
30 0 0.5 13
30 1 0.5 13
29 1 0.5 13
28 1 0.5 13
28 2 0.5 13
28 3 0.5 13
28 4 0.5 13
30 2 0.5 13
61 67 0.5 13
60 67 0.5 13
60 66 0.5 13
62 67 0.5 13
62 68 0.5 13
62 66 0.5 13
60 65 0.5 13
63 66 0.5 13
64 66 0.5 13
61 68 0.5 13
60 68 0.5 13
60 70 0.5 13
60 69 0.5 13
0 25 0.5 2
0 24 0.5 2
95 53 0.5 15
94 53 0.5 15
93 53 0.5 15
93 54 0.5 15
94 54 0.5 15
95 55 0.5 15
95 54 0.5 15
95 56 0.5 15
96 56 0.5 15
94 58 0.5 15
93 58 0.5 15
95 58 0.5 15
96 58 0.5 15
95 57 0.5 15
92 58 0.5 15
95 90 0.5 13
96 90 0.5 13
94 90 0.5 13
98 90 0.5 13
99 90 0.5 13
0 90 0.5 13
99 89 0.5 13
97 90 0.5 13
99 88 0.5 13
97 91 0.5 13
97 92 0.5 13
97 93 0.5 13
98 93 0.5 13
97 69 0.5 11
96 69 0.5 11
96 68 0.5 11
97 71 0.5 11
97 70 0.5 11
97 72 0.5 11
98 71 0.5 11
98 72 0.5 11
98 73 0.5 11
96 70 0.5 11
96 71 0.5 11
76 70 0.5 2
77 70 0.5 2
17 61 0.5 5
17 59 0.5 5
17 60 0.5 5
18 61 0.5 5
19 61 0.5 5
14 81 0.5 13
13 81 0.5 13
14 82 0.5 13
14 80 0.5 13
14 83 0.5 13
11 81 0.5 13
12 81 0.5 13
14 85 0.5 13
14 86 0.5 13
14 87 0.5 13
13 87 0.5 13
14 84 0.5 13
13 88 0.5 13
40 65 0.5 4
39 65 0.5 4
40 64 0.5 4
41 64 0.5 4
95 41 0.5 11
96 41 0.5 11
97 41 0.5 11
96 42 0.5 11
95 42 0.5 11
94 41 0.5 11
98 41 0.5 11
97 40 0.5 11
97 39 0.5 11
97 38 0.5 11
97 37 0.5 11
94 86 0.5 1
61 26 0.5 2
62 26 0.5 2
3 1 0.5 1
21 13 0.5 3
22 13 0.5 3
21 14 0.5 3
24 95 0.5 6
21 96 0.5 6
24 96 0.5 6
22 96 0.5 6
23 96 0.5 6
24 97 0.5 6
73 75 0.5 3
72 75 0.5 3
73 74 0.5 3
21 80 0.5 8
21 78 0.5 8
21 79 0.5 8
23 79 0.5 8
22 79 0.5 8
23 80 0.5 8
23 81 0.5 8
24 81 0.5 8
71 78 0.5 10
71 79 0.5 10
72 79 0.5 10
71 80 0.5 10
75 79 0.5 10
74 78 0.5 10
75 78 0.5 10
73 79 0.5 10
74 79 0.5 10
76 79 0.5 10
28 58 0.5 4
29 59 0.5 4
28 59 0.5 4
29 60 0.5 4
88 41 0.5 14
86 40 0.5 14
85 40 0.5 14
87 41 0.5 14
87 40 0.5 14
86 39 0.5 14
87 39 0.5 14
89 41 0.5 14
87 42 0.5 14
86 42 0.5 14
85 42 0.5 14
85 43 0.5 14
84 43 0.5 14
88 42 0.5 14
12 83 0.5 7
9 83 0.5 7
10 83 0.5 7
11 83 0.5 7
8 84 0.5 7
9 84 0.5 7
9 85 0.5 7
37 30 0.5 8
36 30 0.5 8
37 29 0.5 8
35 30 0.5 8
35 29 0.5 8
36 31 0.5 8
34 31 0.5 8
34 30 0.5 8
40 14 0.5 2
41 14 0.5 2
78 54 0.5 12
77 54 0.5 12
77 53 0.5 12
79 50 0.5 12
80 50 0.5 12
76 51 0.5 12
77 51 0.5 12
77 50 0.5 12
77 49 0.5 12
78 50 0.5 12
77 52 0.5 12
75 51 0.5 12
77 64 0.5 25
77 63 0.5 25
77 62 0.5 25
81 66 0.5 25
80 66 0.5 25
79 66 0.5 25
79 67 0.5 25
78 67 0.5 25
81 68 0.5 25
82 67 0.5 25
81 67 0.5 25
82 66 0.5 25
78 65 0.5 25
79 65 0.5 25
77 65 0.5 25
78 66 0.5 25
80 65 0.5 25
80 64 0.5 25
82 69 0.5 25
83 69 0.5 25
82 68 0.5 25
86 69 0.5 25
84 69 0.5 25
85 69 0.5 25
83 66 0.5 25
57 82 0.5 10
57 81 0.5 10
58 82 0.5 10
58 83 0.5 10
58 80 0.5 10
58 81 0.5 10
60 79 0.5 10
59 80 0.5 10
60 80 0.5 10
59 83 0.5 10
84 27 0.5 2
84 26 0.5 2
84 58 0.5 3
82 58 0.5 3
83 58 0.5 3
57 52 0.5 6
57 51 0.5 6
57 50 0.5 6
56 50 0.5 6
56 49 0.5 6
56 48 0.5 6
77 75 0.5 3
77 74 0.5 3
78 74 0.5 3
70 57 0.5 5
71 57 0.5 5
69 57 0.5 5
69 58 0.5 5
69 56 0.5 5
57 88 0.5 2
57 87 0.5 2
89 12 0.5 6
89 13 0.5 6
90 16 0.5 6
90 14 0.5 6
90 15 0.5 6
90 13 0.5 6
39 78 0.5 2
39 79 0.5 2
47 34 0.5 13
47 35 0.5 13
47 36 0.5 13
47 33 0.5 13
46 32 0.5 13
46 33 0.5 13
45 32 0.5 13
44 33 0.5 13
44 32 0.5 13
44 34 0.5 13
44 35 0.5 13
43 34 0.5 13
42 34 0.5 13
71 14 0.5 11
72 14 0.5 11
71 15 0.5 11
71 16 0.5 11
71 17 0.5 11
73 13 0.5 11
73 14 0.5 11
72 13 0.5 11
74 12 0.5 11
75 13 0.5 11
74 13 0.5 11
67 99 0.5 1
81 85 0.5 7
80 85 0.5 7
81 84 0.5 7
82 83 0.5 7
81 83 0.5 7
79 85 0.5 7
82 82 0.5 7
44 99 0.5 6
43 97 0.5 6
43 96 0.5 6
44 98 0.5 6
44 97 0.5 6
44 96 0.5 6
27 15 0.5 4
27 14 0.5 4
28 16 0.5 4
28 15 0.5 4
86 17 0.5 6
85 18 0.5 6
85 17 0.5 6
86 18 0.5 6
87 18 0.5 6
87 17 0.5 6
54 72 0.5 6
55 72 0.5 6
54 73 0.5 6
53 72 0.5 6
56 72 0.5 6
54 74 0.5 6
62 31 0.5 4
63 31 0.5 4
63 29 0.5 4
63 30 0.5 4
87 93 0.5 1
13 69 0.5 7
13 70 0.5 7
14 70 0.5 7
14 71 0.5 7
14 68 0.5 7
14 69 0.5 7
13 68 0.5 7
66 17 0.5 5
66 18 0.5 5
66 19 0.5 5
66 20 0.5 5
65 20 0.5 5
90 74 0.5 2
91 74 0.5 2
41 7 0.5 5
42 7 0.5 5
41 8 0.5 5
42 8 0.5 5
41 9 0.5 5
70 38 0.5 2
70 39 0.5 2
57 18 0.5 5
57 19 0.5 5
58 19 0.5 5
59 19 0.5 5
58 18 0.5 5
88 66 0.5 9
89 64 0.5 9
89 65 0.5 9
88 65 0.5 9
89 67 0.5 9
90 67 0.5 9
89 66 0.5 9
91 67 0.5 9
92 67 0.5 9
50 44 0.5 2
50 45 0.5 2
57 65 0.5 3
57 64 0.5 3
57 63 0.5 3
1 45 0.5 5
0 44 0.5 5
0 43 0.5 5
0 45 0.5 5
0 42 0.5 5
30 20 0.5 1
35 61 0.5 4
33 60 0.5 4
34 60 0.5 4
35 60 0.5 4
85 80 0.5 7
86 80 0.5 7
86 81 0.5 7
87 79 0.5 7
87 80 0.5 7
85 81 0.5 7
85 82 0.5 7
67 25 0.5 10
66 25 0.5 10
67 26 0.5 10
72 27 0.5 10
71 27 0.5 10
70 27 0.5 10
68 27 0.5 10
67 27 0.5 10
69 27 0.5 10
73 27 0.5 10
37 71 0.5 19
37 73 0.5 19
37 74 0.5 19
37 72 0.5 19
36 74 0.5 19
36 71 0.5 19
35 68 0.5 19
35 69 0.5 19
36 69 0.5 19
35 71 0.5 19
35 72 0.5 19
35 70 0.5 19
35 74 0.5 19
37 76 0.5 19
36 76 0.5 19
35 76 0.5 19
34 75 0.5 19
34 76 0.5 19
34 74 0.5 19
21 3 0.5 1
8 22 0.5 1
35 5 0.5 2
35 6 0.5 2
31 13 0.5 6
31 12 0.5 6
31 11 0.5 6
31 10 0.5 6
31 8 0.5 6
31 9 0.5 6
37 98 0.5 3
37 99 0.5 3
38 99 0.5 3
64 51 0.5 2
63 51 0.5 2
46 51 0.5 2
46 50 0.5 2
89 39 0.5 2
89 38 0.5 2
29 94 0.5 4
30 93 0.5 4
30 94 0.5 4
29 95 0.5 4
65 81 0.5 4
66 81 0.5 4
66 82 0.5 4
64 81 0.5 4
53 37 0.5 6
52 37 0.5 6
51 37 0.5 6
51 38 0.5 6
50 37 0.5 6
50 38 0.5 6
15 35 0.5 2
14 35 0.5 2
55 0 0.5 8
56 99 0.5 8
55 99 0.5 8
54 99 0.5 8
57 99 0.5 8
57 1 0.5 8
56 0 0.5 8
57 0 0.5 8
2 65 0.5 3
1 65 0.5 3
2 64 0.5 3
45 86 0.5 5
45 87 0.5 5
46 86 0.5 5
46 85 0.5 5
46 87 0.5 5
35 90 0.5 4
34 90 0.5 4
35 91 0.5 4
35 92 0.5 4
62 10 0.5 2
61 10 0.5 2
43 58 0.5 4
42 58 0.5 4
44 57 0.5 4
44 58 0.5 4
10 69 0.5 4
8 69 0.5 4
9 69 0.5 4
7 69 0.5 4
24 26 0.5 9
24 25 0.5 9
23 25 0.5 9
21 24 0.5 9
22 23 0.5 9
22 24 0.5 9
23 24 0.5 9
23 23 0.5 9
23 22 0.5 9
71 88 0.5 5
72 88 0.5 5
73 87 0.5 5
74 87 0.5 5
72 87 0.5 5
28 51 0.5 4
29 51 0.5 4
28 52 0.5 4
28 50 0.5 4
23 19 0.5 11
24 19 0.5 11
22 19 0.5 11
21 19 0.5 11
20 19 0.5 11
23 20 0.5 11
20 20 0.5 11
19 20 0.5 11
22 20 0.5 11
21 20 0.5 11
24 18 0.5 11
57 57 0.5 8
58 59 0.5 8
58 58 0.5 8
57 58 0.5 8
56 56 0.5 8
57 56 0.5 8
55 57 0.5 8
55 56 0.5 8
64 86 0.5 2
64 85 0.5 2
22 65 0.5 1
45 67 0.5 11
45 68 0.5 11
45 69 0.5 11
45 70 0.5 11
47 70 0.5 11
46 70 0.5 11
42 69 0.5 11
42 68 0.5 11
44 68 0.5 11
44 69 0.5 11
43 68 0.5 11
97 98 0.5 2
96 98 0.5 2
45 10 0.5 4
46 12 0.5 4
46 11 0.5 4
45 11 0.5 4
6 4 0.5 3
8 4 0.5 3
7 4 0.5 3
54 85 0.5 3
54 84 0.5 3
53 85 0.5 3
47 93 0.5 2
46 93 0.5 2
51 12 0.5 1
3 57 0.5 7
2 57 0.5 7
1 55 0.5 7
1 56 0.5 7
2 56 0.5 7
3 56 0.5 7
2 55 0.5 7
77 29 0.5 7
77 30 0.5 7
77 31 0.5 7
76 29 0.5 7
78 30 0.5 7
79 30 0.5 7
80 30 0.5 7
54 15 0.5 3
55 15 0.5 3
54 16 0.5 3
5 27 0.5 5
4 27 0.5 5
3 27 0.5 5
3 28 0.5 5
4 28 0.5 5
97 23 0.5 2
97 24 0.5 2
11 13 0.5 2
10 13 0.5 2
33 11 0.5 4
33 13 0.5 4
33 12 0.5 4
33 14 0.5 4
25 39 0.5 1
7 17 0.5 3
7 18 0.5 3
6 18 0.5 3
60 93 0.5 2
60 94 0.5 2
6 31 0.5 1
61 1 0.5 3
60 2 0.5 3
60 1 0.5 3
99 98 0.5 1
42 53 0.5 1
2 85 0.5 1
50 80 0.5 2
51 80 0.5 2
83 1 0.5 1
63 5 0.5 1
53 20 0.5 2
54 20 0.5 2
3 93 0.5 4
3 92 0.5 4
4 92 0.5 4
4 93 0.5 4
92 0 0.5 1
51 77 0.5 1
71 7 0.5 2
72 7 0.5 2
4 0 0.5 1
12 7 0.5 1
3 34 0.5 1
60 42 0.5 3
58 42 0.5 3
59 42 0.5 3
91 52 0.5 1
13 30 0.5 4
12 30 0.5 4
13 31 0.5 4
11 30 0.5 4
49 48 0.5 2
49 49 0.5 2
90 2 0.5 3
90 1 0.5 3
91 1 0.5 3
5 89 0.5 1
59 39 0.5 3
60 39 0.5 3
60 40 0.5 3
42 31 0.5 1
49 20 0.5 2
49 21 0.5 2
26 46 0.5 5
26 47 0.5 5
25 45 0.5 5
26 45 0.5 5
24 45 0.5 5
5 50 0.5 5
4 50 0.5 5
3 50 0.5 5
5 51 0.5 5
6 51 0.5 5
7 63 0.5 3
7 64 0.5 3
7 65 0.5 3
71 62 0.5 3
70 62 0.5 3
70 61 0.5 3
95 7 0.5 1
3 78 0.5 2
4 78 0.5 2
87 0 0.5 4
87 99 0.5 4
86 0 0.5 4
86 1 0.5 4
14 45 0.5 1
82 75 0.5 3
82 74 0.5 3
82 76 0.5 3
17 41 0.5 1
13 99 0.5 1
3 37 0.5 1
69 67 0.5 1
64 62 0.5 1
99 22 0.5 1
8 92 0.5 1
29 26 0.5 3
30 26 0.5 3
29 27 0.5 3
84 11 0.5 3
82 11 0.5 3
83 11 0.5 3
19 69 0.5 1
70 42 0.5 1
54 45 0.5 1
26 83 0.5 1
90 71 0.5 2
91 71 0.5 2
30 32 0.5 3
32 32 0.5 3
31 32 0.5 3
48 6 0.5 2
48 5 0.5 2
97 44 0.5 3
96 45 0.5 3
97 45 0.5 3
87 90 0.5 1
94 78 0.5 1
39 36 0.5 1
37 88 0.5 1
18 30 0.5 2
19 30 0.5 2
94 28 0.5 1
42 51 0.5 3
42 50 0.5 3
42 49 0.5 3
99 5 0.5 1
98 50 0.5 1
65 75 0.5 5
66 75 0.5 5
64 74 0.5 5
64 75 0.5 5
63 75 0.5 5
23 63 0.5 1
89 96 0.5 1
50 64 0.5 1
90 20 0.5 1
65 88 0.5 1
16 40 0.5 2
15 40 0.5 2
78 96 0.5 1
41 4 0.5 2
41 3 0.5 2
66 58 0.5 1
21 43 0.5 1
67 14 0.5 1
3 80 0.5 1
44 85 0.5 1
12 4 0.5 1
44 90 0.5 1
60 91 0.5 1
65 10 0.5 1
53 52 0.5 1
92 14 0.5 1
35 47 0.5 1
89 26 0.5 2
89 27 0.5 2
71 94 0.5 1
7 39 0.5 2
8 39 0.5 2
69 97 0.5 2
69 96 0.5 2
16 89 0.5 1
76 89 0.5 3
76 90 0.5 3
77 90 0.5 3
18 15 0.5 2
18 16 0.5 2
32 69 0.5 2
32 68 0.5 2
83 79 0.5 1
12 10 0.5 1
37 80 0.5 1
6 13 0.5 1
83 52 0.5 1
89 23 0.5 1
29 36 0.5 1
8 74 0.5 1
76 93 0.5 1
92 89 0.5 1
5 38 0.5 1
54 43 0.5 1
4 25 0.5 1
70 20 0.5 1
14 7 0.5 1
11 52 0.5 1
46 38 0.5 1
44 39 0.5 1
26 22 0.5 1
90 33 0.5 2
89 33 0.5 2
12 32 0.5 1
91 49 0.5 1
