33 18 0.5 9
33 16 0.5 9
33 17 0.5 9
33 15 0.5 9
32 15 0.5 9
33 11 0.5 9
33 13 0.5 9
33 12 0.5 9
33 14 0.5 9
82 20 0.5 13
82 19 0.5 13
81 20 0.5 13
83 19 0.5 13
84 19 0.5 13
83 18 0.5 13
84 18 0.5 13
86 17 0.5 13
85 18 0.5 13
85 17 0.5 13
86 18 0.5 13
87 18 0.5 13
87 17 0.5 13
58 11 0.5 3
60 11 0.5 3
59 11 0.5 3
40 43 0.5 7
39 43 0.5 7
38 43 0.5 7
39 44 0.5 7
39 45 0.5 7
39 46 0.5 7
40 44 0.5 7
98 67 0.5 4
98 66 0.5 4
98 65 0.5 4
97 65 0.5 4
92 6 0.5 3
91 6 0.5 3
91 7 0.5 3
31 90 0.5 13
31 89 0.5 13
31 88 0.5 13
32 88 0.5 13
32 90 0.5 13
31 86 0.5 13
32 86 0.5 13
32 87 0.5 13
30 86 0.5 13
34 90 0.5 13
33 90 0.5 13
34 91 0.5 13
34 92 0.5 13
44 19 0.5 9
44 18 0.5 9
45 18 0.5 9
45 16 0.5 9
46 16 0.5 9
44 17 0.5 9
44 16 0.5 9
44 15 0.5 9
47 16 0.5 9
71 48 0.5 11
70 48 0.5 11
71 49 0.5 11
72 48 0.5 11
70 47 0.5 11
69 47 0.5 11
68 47 0.5 11
68 46 0.5 11
71 47 0.5 11
71 50 0.5 11
70 50 0.5 11
52 27 0.5 7
52 26 0.5 7
51 28 0.5 7
52 28 0.5 7
52 29 0.5 7
52 30 0.5 7
51 26 0.5 7
29 40 0.5 7
29 41 0.5 7
29 39 0.5 7
26 41 0.5 7
27 41 0.5 7
28 41 0.5 7
28 42 0.5 7
65 37 0.5 9
66 37 0.5 9
64 37 0.5 9
64 36 0.5 9
66 35 0.5 9
66 36 0.5 9
66 34 0.5 9
65 34 0.5 9
66 33 0.5 9
53 4 0.5 16
53 5 0.5 16
53 7 0.5 16
53 6 0.5 16
52 7 0.5 16
54 5 0.5 16
54 6 0.5 16
54 7 0.5 16
52 3 0.5 16
52 4 0.5 16
49 9 0.5 16
48 9 0.5 16
50 8 0.5 16
49 8 0.5 16
51 8 0.5 16
51 7 0.5 16
49 56 0.5 2
49 57 0.5 2
3 9 0.5 5
1 9 0.5 5
2 9 0.5 5
1 10 0.5 5
1 8 0.5 5
21 59 0.5 3
21 60 0.5 3
20 59 0.5 3
80 43 0.5 2
80 42 0.5 2
13 15 0.5 6
13 16 0.5 6
12 17 0.5 6
13 17 0.5 6
12 16 0.5 6
11 16 0.5 6
93 15 0.5 4
94 15 0.5 4
93 16 0.5 4
93 14 0.5 4
82 96 0.5 7
83 96 0.5 7
83 95 0.5 7
83 94 0.5 7
84 94 0.5 7
84 97 0.5 7
84 96 0.5 7
44 73 0.5 12
44 77 0.5 12
43 76 0.5 12
44 76 0.5 12
42 77 0.5 12
42 76 0.5 12
42 75 0.5 12
44 75 0.5 12
44 74 0.5 12
45 78 0.5 12
45 77 0.5 12
46 77 0.5 12
18 93 0.5 11
17 93 0.5 11
19 93 0.5 11
19 92 0.5 11
19 91 0.5 11
19 89 0.5 11
19 90 0.5 11
21 90 0.5 11
20 90 0.5 11
22 90 0.5 11
23 90 0.5 11
81 33 0.5 9
82 33 0.5 9
80 33 0.5 9
83 33 0.5 9
82 32 0.5 9
83 32 0.5 9
83 31 0.5 9
84 31 0.5 9
83 30 0.5 9
83 7 0.5 5
82 7 0.5 5
80 7 0.5 5
79 7 0.5 5
81 7 0.5 5
58 34 0.5 4
57 34 0.5 4
57 35 0.5 4
58 35 0.5 4
23 75 0.5 7
24 75 0.5 7
24 73 0.5 7
24 74 0.5 7
23 73 0.5 7
22 75 0.5 7
22 74 0.5 7
49 67 0.5 6
49 68 0.5 6
49 69 0.5 6
49 66 0.5 6
50 66 0.5 6
48 67 0.5 6
53 94 0.5 6
53 95 0.5 6
53 96 0.5 6
52 96 0.5 6
52 93 0.5 6
53 93 0.5 6
34 57 0.5 17
35 57 0.5 17
33 57 0.5 17
33 56 0.5 17
32 56 0.5 17
32 57 0.5 17
35 53 0.5 17
35 54 0.5 17
34 55 0.5 17
35 55 0.5 17
33 55 0.5 17
33 53 0.5 17
33 52 0.5 17
34 53 0.5 17
33 51 0.5 17
34 51 0.5 17
33 54 0.5 17
3 14 0.5 12
4 14 0.5 12
4 13 0.5 12
5 14 0.5 12
5 18 0.5 12
5 17 0.5 12
5 16 0.5 12
5 15 0.5 12
7 17 0.5 12
7 18 0.5 12
6 18 0.5 12
5 13 0.5 12
37 25 0.5 12
37 24 0.5 12
37 23 0.5 12
36 23 0.5 12
38 23 0.5 12
37 22 0.5 12
36 22 0.5 12
38 24 0.5 12
38 25 0.5 12
39 25 0.5 12
40 25 0.5 12
38 26 0.5 12
90 84 0.5 6
89 84 0.5 6
89 83 0.5 6
89 82 0.5 6
90 83 0.5 6
89 81 0.5 6
98 14 0.5 1
18 6 0.5 4
19 7 0.5 4
20 7 0.5 4
18 7 0.5 4
22 46 0.5 16
19 46 0.5 16
19 47 0.5 16
22 47 0.5 16
21 47 0.5 16
20 47 0.5 16
18 47 0.5 16
20 46 0.5 16
22 49 0.5 16
21 48 0.5 16
21 49 0.5 16
22 48 0.5 16
23 48 0.5 16
24 48 0.5 16
23 49 0.5 16
24 49 0.5 16
99 27 0.5 4
0 27 0.5 4
98 27 0.5 4
98 28 0.5 4
69 2 0.5 8
68 1 0.5 8
69 1 0.5 8
69 3 0.5 8
68 3 0.5 8
67 4 0.5 8
67 3 0.5 8
66 4 0.5 8
36 9 0.5 3
37 8 0.5 3
37 9 0.5 3
77 60 0.5 27
76 60 0.5 27
77 63 0.5 27
77 62 0.5 27
77 61 0.5 27
81 65 0.5 27
80 65 0.5 27
79 65 0.5 27
79 66 0.5 27
78 66 0.5 27
81 67 0.5 27
82 66 0.5 27
81 66 0.5 27
82 65 0.5 27
78 64 0.5 27
79 64 0.5 27
77 64 0.5 27
78 65 0.5 27
80 64 0.5 27
80 63 0.5 27
82 68 0.5 27
83 68 0.5 27
82 67 0.5 27
86 68 0.5 27
84 68 0.5 27
85 68 0.5 27
83 65 0.5 27
27 4 0.5 13
27 3 0.5 13
30 96 0.5 13
30 97 0.5 13
30 98 0.5 13
30 99 0.5 13
30 0 0.5 13
29 0 0.5 13
28 0 0.5 13
28 1 0.5 13
28 2 0.5 13
28 3 0.5 13
30 1 0.5 13
61 68 0.5 13
60 68 0.5 13
60 67 0.5 13
62 68 0.5 13
62 69 0.5 13
62 67 0.5 13
60 66 0.5 13
63 67 0.5 13
64 67 0.5 13
61 69 0.5 13
60 69 0.5 13
60 71 0.5 13
60 70 0.5 13
0 24 0.5 2
0 23 0.5 2
96 53 0.5 15
95 53 0.5 15
94 53 0.5 15
94 54 0.5 15
95 54 0.5 15
96 55 0.5 15
96 54 0.5 15
96 56 0.5 15
97 56 0.5 15
95 58 0.5 15
94 58 0.5 15
96 58 0.5 15
97 58 0.5 15
96 57 0.5 15
93 58 0.5 15
95 91 0.5 13
96 91 0.5 13
94 91 0.5 13
98 91 0.5 13
99 91 0.5 13
0 91 0.5 13
99 90 0.5 13
97 91 0.5 13
99 89 0.5 13
97 92 0.5 13
97 93 0.5 13
97 94 0.5 13
98 94 0.5 13
96 69 0.5 11
95 69 0.5 11
95 68 0.5 11
96 71 0.5 11
96 70 0.5 11
96 72 0.5 11
97 71 0.5 11
97 72 0.5 11
97 73 0.5 11
95 70 0.5 11
95 71 0.5 11
76 71 0.5 2
77 71 0.5 2
18 61 0.5 5
18 59 0.5 5
18 60 0.5 5
19 61 0.5 5
20 61 0.5 5
14 82 0.5 20
13 82 0.5 20
14 83 0.5 20
14 81 0.5 20
14 84 0.5 20
11 82 0.5 20
12 82 0.5 20
14 86 0.5 20
14 87 0.5 20
14 88 0.5 20
13 88 0.5 20
14 85 0.5 20
13 89 0.5 20
12 83 0.5 20
9 83 0.5 20
10 83 0.5 20
11 83 0.5 20
8 84 0.5 20
9 84 0.5 20
9 85 0.5 20
41 65 0.5 4
40 65 0.5 4
41 64 0.5 4
42 64 0.5 4
95 40 0.5 11
96 40 0.5 11
97 40 0.5 11
96 41 0.5 11
95 41 0.5 11
94 40 0.5 11
98 40 0.5 11
97 39 0.5 11
97 38 0.5 11
97 37 0.5 11
97 36 0.5 11
95 86 0.5 1
62 26 0.5 2
63 26 0.5 2
3 0 0.5 2
4 0 0.5 2
21 14 0.5 3
22 14 0.5 3
21 15 0.5 3
24 96 0.5 6
21 97 0.5 6
24 97 0.5 6
22 97 0.5 6
23 97 0.5 6
24 98 0.5 6
73 76 0.5 3
72 76 0.5 3
73 75 0.5 3
21 81 0.5 8
21 79 0.5 8
21 80 0.5 8
23 80 0.5 8
22 80 0.5 8
23 81 0.5 8
23 82 0.5 8
24 82 0.5 8
71 79 0.5 10
71 80 0.5 10
72 80 0.5 10
71 81 0.5 10
75 80 0.5 10
74 79 0.5 10
75 79 0.5 10
73 80 0.5 10
74 80 0.5 10
76 80 0.5 10
27 58 0.5 4
28 59 0.5 4
27 59 0.5 4
28 60 0.5 4
89 41 0.5 16
87 40 0.5 16
86 40 0.5 16
88 41 0.5 16
88 40 0.5 16
87 39 0.5 16
88 39 0.5 16
90 41 0.5 16
88 42 0.5 16
87 42 0.5 16
86 42 0.5 16
86 43 0.5 16
85 43 0.5 16
89 42 0.5 16
89 39 0.5 16
89 38 0.5 16
38 30 0.5 8
37 30 0.5 8
38 29 0.5 8
36 30 0.5 8
36 29 0.5 8
37 31 0.5 8
35 31 0.5 8
35 30 0.5 8
41 14 0.5 2
42 14 0.5 2
77 54 0.5 12
76 54 0.5 12
76 53 0.5 12
78 50 0.5 12
79 50 0.5 12
75 51 0.5 12
76 51 0.5 12
76 50 0.5 12
76 49 0.5 12
77 50 0.5 12
76 52 0.5 12
74 51 0.5 12
57 82 0.5 10
57 81 0.5 10
58 82 0.5 10
58 83 0.5 10
58 80 0.5 10
58 81 0.5 10
60 79 0.5 10
59 80 0.5 10
60 80 0.5 10
59 83 0.5 10
83 27 0.5 2
83 26 0.5 2
84 59 0.5 3
82 59 0.5 3
83 59 0.5 3
57 53 0.5 6
57 52 0.5 6
57 51 0.5 6
56 51 0.5 6
56 50 0.5 6
56 49 0.5 6
77 74 0.5 3
77 73 0.5 3
78 73 0.5 3
71 57 0.5 5
72 57 0.5 5
70 57 0.5 5
70 58 0.5 5
70 56 0.5 5
57 87 0.5 2
57 86 0.5 2
89 13 0.5 6
89 14 0.5 6
90 17 0.5 6
90 15 0.5 6
90 16 0.5 6
90 14 0.5 6
40 78 0.5 2
40 79 0.5 2
47 35 0.5 14
47 36 0.5 14
47 37 0.5 14
47 34 0.5 14
46 33 0.5 14
46 34 0.5 14
45 33 0.5 14
44 34 0.5 14
44 33 0.5 14
44 35 0.5 14
44 36 0.5 14
43 35 0.5 14
42 35 0.5 14
47 38 0.5 14
71 13 0.5 11
72 13 0.5 11
71 14 0.5 11
71 15 0.5 11
71 16 0.5 11
73 12 0.5 11
73 13 0.5 11
72 12 0.5 11
74 11 0.5 11
75 12 0.5 11
74 12 0.5 11
66 99 0.5 1
82 85 0.5 7
81 85 0.5 7
82 84 0.5 7
83 83 0.5 7
82 83 0.5 7
80 85 0.5 7
83 82 0.5 7
44 0 0.5 6
43 98 0.5 6
43 97 0.5 6
44 99 0.5 6
44 98 0.5 6
44 97 0.5 6
28 15 0.5 4
28 14 0.5 4
29 16 0.5 4
29 15 0.5 4
53 72 0.5 6
54 72 0.5 6
53 73 0.5 6
52 72 0.5 6
55 72 0.5 6
53 74 0.5 6
61 31 0.5 4
62 31 0.5 4
62 29 0.5 4
62 30 0.5 4
87 92 0.5 1
14 69 0.5 7
14 70 0.5 7
15 70 0.5 7
15 71 0.5 7
15 68 0.5 7
15 69 0.5 7
14 68 0.5 7
66 16 0.5 5
66 17 0.5 5
66 18 0.5 5
66 19 0.5 5
65 19 0.5 5
90 75 0.5 2
91 75 0.5 2
40 7 0.5 5
41 7 0.5 5
40 8 0.5 5
41 8 0.5 5
40 9 0.5 5
70 39 0.5 2
70 40 0.5 2
56 18 0.5 5
56 19 0.5 5
57 19 0.5 5
58 19 0.5 5
57 18 0.5 5
87 66 0.5 9
88 64 0.5 9
88 65 0.5 9
87 65 0.5 9
88 67 0.5 9
89 67 0.5 9
88 66 0.5 9
90 67 0.5 9
91 67 0.5 9
50 45 0.5 2
50 46 0.5 2
56 65 0.5 3
56 64 0.5 3
56 63 0.5 3
2 45 0.5 5
1 44 0.5 5
1 43 0.5 5
1 45 0.5 5
1 42 0.5 5
30 19 0.5 1
35 60 0.5 4
33 59 0.5 4
34 59 0.5 4
35 59 0.5 4
85 79 0.5 7
86 79 0.5 7
86 80 0.5 7
87 78 0.5 7
87 79 0.5 7
85 80 0.5 7
85 81 0.5 7
67 24 0.5 10
66 24 0.5 10
67 25 0.5 10
72 26 0.5 10
71 26 0.5 10
70 26 0.5 10
68 26 0.5 10
67 26 0.5 10
69 26 0.5 10
73 26 0.5 10
37 70 0.5 19
37 72 0.5 19
37 73 0.5 19
37 71 0.5 19
36 73 0.5 19
36 70 0.5 19
35 67 0.5 19
35 68 0.5 19
36 68 0.5 19
35 70 0.5 19
35 71 0.5 19
35 69 0.5 19
35 73 0.5 19
37 75 0.5 19
36 75 0.5 19
35 75 0.5 19
34 74 0.5 19
34 75 0.5 19
34 73 0.5 19
21 4 0.5 1
8 21 0.5 1
35 4 0.5 2
35 5 0.5 2
30 13 0.5 6
30 12 0.5 6
30 11 0.5 6
30 10 0.5 6
30 8 0.5 6
30 9 0.5 6
37 99 0.5 3
37 0 0.5 3
38 0 0.5 3
63 51 0.5 2
62 51 0.5 2
46 52 0.5 2
46 51 0.5 2
28 94 0.5 4
29 93 0.5 4
29 94 0.5 4
28 95 0.5 4
65 80 0.5 4
66 80 0.5 4
66 81 0.5 4
64 80 0.5 4
54 37 0.5 6
53 37 0.5 6
52 37 0.5 6
52 38 0.5 6
51 37 0.5 6
51 38 0.5 6
15 34 0.5 2
14 34 0.5 2
56 0 0.5 8
57 99 0.5 8
56 99 0.5 8
55 99 0.5 8
58 99 0.5 8
58 1 0.5 8
57 0 0.5 8
58 0 0.5 8
2 64 0.5 3
1 64 0.5 3
2 63 0.5 3
44 86 0.5 6
44 87 0.5 6
45 86 0.5 6
45 85 0.5 6
45 87 0.5 6
44 85 0.5 6
62 10 0.5 2
61 10 0.5 2
42 58 0.5 4
41 58 0.5 4
43 57 0.5 4
43 58 0.5 4
10 70 0.5 4
8 70 0.5 4
9 70 0.5 4
7 70 0.5 4
23 26 0.5 20
23 25 0.5 20
22 25 0.5 20
20 24 0.5 20
21 23 0.5 20
21 24 0.5 20
22 24 0.5 20
22 23 0.5 20
22 22 0.5 20
23 20 0.5 20
24 20 0.5 20
22 20 0.5 20
21 20 0.5 20
20 20 0.5 20
23 21 0.5 20
20 21 0.5 20
19 21 0.5 20
22 21 0.5 20
21 21 0.5 20
24 19 0.5 20
71 87 0.5 5
72 87 0.5 5
73 86 0.5 5
74 86 0.5 5
72 86 0.5 5
27 51 0.5 4
28 51 0.5 4
27 52 0.5 4
27 50 0.5 4
57 57 0.5 8
58 59 0.5 8
58 58 0.5 8
57 58 0.5 8
56 56 0.5 8
57 56 0.5 8
55 57 0.5 8
55 56 0.5 8
64 87 0.5 3
64 86 0.5 3
65 87 0.5 3
21 65 0.5 1
44 67 0.5 11
44 68 0.5 11
44 69 0.5 11
44 70 0.5 11
46 70 0.5 11
45 70 0.5 11
41 69 0.5 11
41 68 0.5 11
43 68 0.5 11
43 69 0.5 11
42 68 0.5 11
98 98 0.5 3
97 98 0.5 3
99 98 0.5 3
45 11 0.5 4
46 13 0.5 4
46 12 0.5 4
45 12 0.5 4
5 4 0.5 3
7 4 0.5 3
6 4 0.5 3
55 85 0.5 3
55 84 0.5 3
54 85 0.5 3
48 93 0.5 2
47 93 0.5 2
51 11 0.5 1
3 58 0.5 7
2 58 0.5 7
1 56 0.5 7
1 57 0.5 7
2 57 0.5 7
3 57 0.5 7
2 56 0.5 7
77 28 0.5 7
77 29 0.5 7
77 30 0.5 7
76 28 0.5 7
78 29 0.5 7
79 29 0.5 7
80 29 0.5 7
54 14 0.5 3
55 14 0.5 3
54 15 0.5 3
6 27 0.5 5
5 27 0.5 5
4 27 0.5 5
4 28 0.5 5
5 28 0.5 5
96 23 0.5 2
96 24 0.5 2
11 12 0.5 2
10 12 0.5 2
26 39 0.5 1
60 94 0.5 2
60 95 0.5 2
6 30 0.5 1
61 2 0.5 3
60 3 0.5 3
60 2 0.5 3
43 53 0.5 1
2 86 0.5 1
50 81 0.5 2
51 81 0.5 2
83 2 0.5 1
63 6 0.5 1
53 21 0.5 2
54 21 0.5 2
3 92 0.5 4
3 91 0.5 4
4 91 0.5 4
4 92 0.5 4
92 1 0.5 4
90 2 0.5 4
90 1 0.5 4
91 1 0.5 4
52 77 0.5 1
70 7 0.5 2
71 7 0.5 2
12 8 0.5 1
4 34 0.5 1
60 41 0.5 6
58 41 0.5 6
59 41 0.5 6
59 39 0.5 6
60 39 0.5 6
60 40 0.5 6
91 51 0.5 1
13 31 0.5 5
12 31 0.5 5
13 32 0.5 5
11 31 0.5 5
12 32 0.5 5
50 48 0.5 2
50 49 0.5 2
6 89 0.5 1
43 31 0.5 1
49 19 0.5 2
49 20 0.5 2
25 46 0.5 5
25 47 0.5 5
24 45 0.5 5
25 45 0.5 5
23 45 0.5 5
4 50 0.5 5
3 50 0.5 5
2 50 0.5 5
4 51 0.5 5
5 51 0.5 5
7 62 0.5 3
7 63 0.5 3
7 64 0.5 3
70 62 0.5 3
69 62 0.5 3
69 61 0.5 3
95 8 0.5 1
4 78 0.5 2
5 78 0.5 2
88 0 0.5 4
88 99 0.5 4
87 0 0.5 4
87 1 0.5 4
14 44 0.5 1
81 75 0.5 3
81 74 0.5 3
81 76 0.5 3
17 42 0.5 1
14 99 0.5 1
3 38 0.5 1
68 67 0.5 1
64 63 0.5 1
98 22 0.5 1
8 93 0.5 1
28 26 0.5 3
29 26 0.5 3
28 27 0.5 3
84 10 0.5 3
82 10 0.5 3
83 10 0.5 3
19 68 0.5 1
70 43 0.5 1
54 44 0.5 2
54 43 0.5 2
26 84 0.5 1
90 70 0.5 2
91 70 0.5 2
31 32 0.5 3
33 32 0.5 3
32 32 0.5 3
48 7 0.5 2
48 6 0.5 2
96 44 0.5 3
95 45 0.5 3
96 45 0.5 3
86 90 0.5 1
94 77 0.5 1
39 35 0.5 1
38 88 0.5 1
17 30 0.5 2
18 30 0.5 2
95 28 0.5 1
42 50 0.5 3
42 49 0.5 3
42 48 0.5 3
0 5 0.5 1
98 49 0.5 1
65 74 0.5 5
66 74 0.5 5
64 73 0.5 5
64 74 0.5 5
63 74 0.5 5
24 63 0.5 1
88 96 0.5 1
51 64 0.5 1
91 20 0.5 1
16 40 0.5 2
15 40 0.5 2
78 95 0.5 1
42 4 0.5 2
42 3 0.5 2
67 58 0.5 1
21 42 0.5 1
68 14 0.5 1
3 79 0.5 1
12 5 0.5 1
44 89 0.5 1
61 91 0.5 1
65 9 0.5 1
52 52 0.5 1
35 47 0.5 1
88 26 0.5 2
88 27 0.5 2
71 95 0.5 1
7 38 0.5 2
8 38 0.5 2
69 98 0.5 2
69 97 0.5 2
16 90 0.5 1
77 89 0.5 3
77 90 0.5 3
78 90 0.5 3
19 15 0.5 2
19 16 0.5 2
31 69 0.5 2
31 68 0.5 2
83 78 0.5 1
12 11 0.5 1
36 80 0.5 1
83 52 0.5 1
88 23 0.5 1
30 36 0.5 1
7 74 0.5 1
75 93 0.5 1
92 88 0.5 1
5 39 0.5 1
3 25 0.5 1
70 21 0.5 1
14 8 0.5 1
10 52 0.5 1
44 39 0.5 1
25 22 0.5 1
90 32 0.5 2
89 32 0.5 2
91 48 0.5 1
