33 19 0.5 9
33 17 0.5 9
33 18 0.5 9
33 16 0.5 9
32 16 0.5 9
33 12 0.5 9
33 14 0.5 9
33 13 0.5 9
33 15 0.5 9
81 20 0.5 13
81 19 0.5 13
80 20 0.5 13
82 19 0.5 13
83 19 0.5 13
82 18 0.5 13
83 18 0.5 13
85 17 0.5 13
84 18 0.5 13
84 17 0.5 13
85 18 0.5 13
86 18 0.5 13
86 17 0.5 13
58 12 0.5 3
60 12 0.5 3
59 12 0.5 3
40 44 0.5 7
39 44 0.5 7
38 44 0.5 7
39 45 0.5 7
39 46 0.5 7
39 47 0.5 7
40 45 0.5 7
98 66 0.5 4
98 65 0.5 4
98 64 0.5 4
97 64 0.5 4
91 6 0.5 3
90 6 0.5 3
90 7 0.5 3
31 89 0.5 13
31 88 0.5 13
31 87 0.5 13
32 87 0.5 13
32 89 0.5 13
31 85 0.5 13
32 85 0.5 13
32 86 0.5 13
30 85 0.5 13
34 89 0.5 13
33 89 0.5 13
34 90 0.5 13
34 91 0.5 13
44 20 0.5 9
44 19 0.5 9
45 19 0.5 9
45 17 0.5 9
46 17 0.5 9
44 18 0.5 9
44 17 0.5 9
44 16 0.5 9
47 17 0.5 9
72 48 0.5 11
71 48 0.5 11
72 49 0.5 11
73 48 0.5 11
71 47 0.5 11
70 47 0.5 11
69 47 0.5 11
69 46 0.5 11
72 47 0.5 11
72 50 0.5 11
71 50 0.5 11
53 27 0.5 7
53 26 0.5 7
52 28 0.5 7
53 28 0.5 7
53 29 0.5 7
53 30 0.5 7
52 26 0.5 7
29 39 0.5 8
29 40 0.5 8
29 38 0.5 8
26 40 0.5 8
27 40 0.5 8
28 40 0.5 8
28 41 0.5 8
26 39 0.5 8
65 36 0.5 9
66 36 0.5 9
64 36 0.5 9
64 35 0.5 9
66 34 0.5 9
66 35 0.5 9
66 33 0.5 9
65 33 0.5 9
66 32 0.5 9
52 4 0.5 18
52 5 0.5 18
52 7 0.5 18
52 6 0.5 18
51 7 0.5 18
53 5 0.5 18
53 6 0.5 18
53 7 0.5 18
51 3 0.5 18
51 4 0.5 18
48 9 0.5 18
47 9 0.5 18
49 8 0.5 18
48 8 0.5 18
50 8 0.5 18
50 7 0.5 18
48 7 0.5 18
48 6 0.5 18
49 55 0.5 2
49 56 0.5 2
3 8 0.5 5
1 8 0.5 5
2 8 0.5 5
1 9 0.5 5
1 7 0.5 5
21 58 0.5 3
21 59 0.5 3
20 58 0.5 3
81 43 0.5 2
81 42 0.5 2
12 15 0.5 6
12 16 0.5 6
11 17 0.5 6
12 17 0.5 6
11 16 0.5 6
10 16 0.5 6
94 15 0.5 4
95 15 0.5 4
94 16 0.5 4
94 14 0.5 4
83 96 0.5 7
84 96 0.5 7
84 95 0.5 7
84 94 0.5 7
85 94 0.5 7
85 97 0.5 7
85 96 0.5 7
43 73 0.5 12
43 77 0.5 12
42 76 0.5 12
43 76 0.5 12
41 77 0.5 12
41 76 0.5 12
41 75 0.5 12
43 75 0.5 12
43 74 0.5 12
44 78 0.5 12
44 77 0.5 12
45 77 0.5 12
19 93 0.5 11
18 93 0.5 11
20 93 0.5 11
20 92 0.5 11
20 91 0.5 11
20 89 0.5 11
20 90 0.5 11
22 90 0.5 11
21 90 0.5 11
23 90 0.5 11
24 90 0.5 11
81 34 0.5 9
82 34 0.5 9
80 34 0.5 9
83 34 0.5 9
82 33 0.5 9
83 33 0.5 9
83 32 0.5 9
84 32 0.5 9
83 31 0.5 9
84 7 0.5 5
83 7 0.5 5
81 7 0.5 5
80 7 0.5 5
82 7 0.5 5
57 34 0.5 4
56 34 0.5 4
56 35 0.5 4
57 35 0.5 4
22 75 0.5 7
23 75 0.5 7
23 73 0.5 7
23 74 0.5 7
22 73 0.5 7
21 75 0.5 7
21 74 0.5 7
50 67 0.5 6
50 68 0.5 6
50 69 0.5 6
50 66 0.5 6
51 66 0.5 6
49 67 0.5 6
54 94 0.5 6
54 95 0.5 6
54 96 0.5 6
53 96 0.5 6
53 93 0.5 6
54 93 0.5 6
34 58 0.5 21
35 58 0.5 21
33 58 0.5 21
33 57 0.5 21
32 57 0.5 21
32 58 0.5 21
35 54 0.5 21
35 55 0.5 21
34 56 0.5 21
35 56 0.5 21
33 56 0.5 21
33 54 0.5 21
33 53 0.5 21
34 54 0.5 21
33 52 0.5 21
34 52 0.5 21
33 55 0.5 21
35 60 0.5 21
33 59 0.5 21
34 59 0.5 21
35 59 0.5 21
4 14 0.5 12
5 14 0.5 12
5 13 0.5 12
6 14 0.5 12
6 18 0.5 12
6 17 0.5 12
6 16 0.5 12
6 15 0.5 12
8 17 0.5 12
8 18 0.5 12
7 18 0.5 12
6 13 0.5 12
38 25 0.5 12
38 24 0.5 12
38 23 0.5 12
37 23 0.5 12
39 23 0.5 12
38 22 0.5 12
37 22 0.5 12
39 24 0.5 12
39 25 0.5 12
40 25 0.5 12
41 25 0.5 12
39 26 0.5 12
89 84 0.5 6
88 84 0.5 6
88 83 0.5 6
88 82 0.5 6
89 83 0.5 6
88 81 0.5 6
98 13 0.5 1
19 6 0.5 4
20 7 0.5 4
21 7 0.5 4
19 7 0.5 4
22 47 0.5 16
19 47 0.5 16
19 48 0.5 16
22 48 0.5 16
21 48 0.5 16
20 48 0.5 16
18 48 0.5 16
20 47 0.5 16
22 50 0.5 16
21 49 0.5 16
21 50 0.5 16
22 49 0.5 16
23 49 0.5 16
24 49 0.5 16
23 50 0.5 16
24 50 0.5 16
99 28 0.5 4
0 28 0.5 4
98 28 0.5 4
98 29 0.5 4
68 2 0.5 8
67 1 0.5 8
68 1 0.5 8
68 3 0.5 8
67 3 0.5 8
66 4 0.5 8
66 3 0.5 8
65 4 0.5 8
35 9 0.5 3
36 8 0.5 3
36 9 0.5 3
77 61 0.5 27
76 61 0.5 27
77 64 0.5 27
77 63 0.5 27
77 62 0.5 27
81 66 0.5 27
80 66 0.5 27
79 66 0.5 27
79 67 0.5 27
78 67 0.5 27
81 68 0.5 27
82 67 0.5 27
81 67 0.5 27
82 66 0.5 27
78 65 0.5 27
79 65 0.5 27
77 65 0.5 27
78 66 0.5 27
80 65 0.5 27
80 64 0.5 27
82 69 0.5 27
83 69 0.5 27
82 68 0.5 27
86 69 0.5 27
84 69 0.5 27
85 69 0.5 27
83 66 0.5 27
26 4 0.5 17
26 3 0.5 17
29 96 0.5 17
29 97 0.5 17
29 98 0.5 17
29 99 0.5 17
29 0 0.5 17
28 0 0.5 17
27 0 0.5 17
27 1 0.5 17
27 2 0.5 17
27 3 0.5 17
29 1 0.5 17
29 94 0.5 17
30 93 0.5 17
30 94 0.5 17
29 95 0.5 17
62 68 0.5 13
61 68 0.5 13
61 67 0.5 13
63 68 0.5 13
63 69 0.5 13
63 67 0.5 13
61 66 0.5 13
64 67 0.5 13
65 67 0.5 13
62 69 0.5 13
61 69 0.5 13
61 71 0.5 13
61 70 0.5 13
99 24 0.5 3
99 23 0.5 3
99 22 0.5 3
96 54 0.5 15
95 54 0.5 15
94 54 0.5 15
94 55 0.5 15
95 55 0.5 15
96 56 0.5 15
96 55 0.5 15
96 57 0.5 15
97 57 0.5 15
95 59 0.5 15
94 59 0.5 15
96 59 0.5 15
97 59 0.5 15
96 58 0.5 15
93 59 0.5 15
94 91 0.5 13
95 91 0.5 13
93 91 0.5 13
97 91 0.5 13
98 91 0.5 13
99 91 0.5 13
98 90 0.5 13
96 91 0.5 13
98 89 0.5 13
96 92 0.5 13
96 93 0.5 13
96 94 0.5 13
97 94 0.5 13
96 70 0.5 11
95 70 0.5 11
95 69 0.5 11
96 72 0.5 11
96 71 0.5 11
96 73 0.5 11
97 72 0.5 11
97 73 0.5 11
97 74 0.5 11
95 71 0.5 11
95 72 0.5 11
76 70 0.5 2
77 70 0.5 2
19 61 0.5 5
19 59 0.5 5
19 60 0.5 5
20 61 0.5 5
21 61 0.5 5
15 82 0.5 20
14 82 0.5 20
15 83 0.5 20
15 81 0.5 20
15 84 0.5 20
12 82 0.5 20
13 82 0.5 20
15 86 0.5 20
15 87 0.5 20
15 88 0.5 20
14 88 0.5 20
15 85 0.5 20
14 89 0.5 20
13 83 0.5 20
10 83 0.5 20
11 83 0.5 20
12 83 0.5 20
9 84 0.5 20
10 84 0.5 20
10 85 0.5 20
40 65 0.5 4
39 65 0.5 4
40 64 0.5 4
41 64 0.5 4
94 40 0.5 11
95 40 0.5 11
96 40 0.5 11
95 41 0.5 11
94 41 0.5 11
93 40 0.5 11
97 40 0.5 11
96 39 0.5 11
96 38 0.5 11
96 37 0.5 11
96 36 0.5 11
95 87 0.5 1
61 26 0.5 2
62 26 0.5 2
3 1 0.5 2
4 1 0.5 2
21 13 0.5 3
22 13 0.5 3
21 14 0.5 3
24 95 0.5 6
21 96 0.5 6
24 96 0.5 6
22 96 0.5 6
23 96 0.5 6
24 97 0.5 6
74 76 0.5 3
73 76 0.5 3
74 75 0.5 3
20 81 0.5 8
20 79 0.5 8
20 80 0.5 8
22 80 0.5 8
21 80 0.5 8
22 81 0.5 8
22 82 0.5 8
23 82 0.5 8
71 80 0.5 10
71 81 0.5 10
72 81 0.5 10
71 82 0.5 10
75 81 0.5 10
74 80 0.5 10
75 80 0.5 10
73 81 0.5 10
74 81 0.5 10
76 81 0.5 10
27 59 0.5 4
28 60 0.5 4
27 60 0.5 4
28 61 0.5 4
88 41 0.5 16
86 40 0.5 16
85 40 0.5 16
87 41 0.5 16
87 40 0.5 16
86 39 0.5 16
87 39 0.5 16
89 41 0.5 16
87 42 0.5 16
86 42 0.5 16
85 42 0.5 16
85 43 0.5 16
84 43 0.5 16
88 42 0.5 16
88 39 0.5 16
88 38 0.5 16
38 29 0.5 8
37 29 0.5 8
38 28 0.5 8
36 29 0.5 8
36 28 0.5 8
37 30 0.5 8
35 30 0.5 8
35 29 0.5 8
41 15 0.5 2
42 15 0.5 2
78 54 0.5 12
77 54 0.5 12
77 53 0.5 12
79 50 0.5 12
80 50 0.5 12
76 51 0.5 12
77 51 0.5 12
77 50 0.5 12
77 49 0.5 12
78 50 0.5 12
77 52 0.5 12
75 51 0.5 12
57 83 0.5 10
57 82 0.5 10
58 83 0.5 10
58 84 0.5 10
58 81 0.5 10
58 82 0.5 10
60 80 0.5 10
59 81 0.5 10
60 81 0.5 10
59 84 0.5 10
84 27 0.5 2
84 26 0.5 2
85 59 0.5 3
83 59 0.5 3
84 59 0.5 3
57 54 0.5 6
57 53 0.5 6
57 52 0.5 6
56 52 0.5 6
56 51 0.5 6
56 50 0.5 6
77 73 0.5 3
77 72 0.5 3
78 72 0.5 3
71 58 0.5 5
72 58 0.5 5
70 58 0.5 5
70 59 0.5 5
70 57 0.5 5
57 86 0.5 2
57 85 0.5 2
89 14 0.5 6
89 15 0.5 6
90 18 0.5 6
90 16 0.5 6
90 17 0.5 6
90 15 0.5 6
39 78 0.5 2
39 79 0.5 2
47 34 0.5 14
47 35 0.5 14
47 36 0.5 14
47 33 0.5 14
46 32 0.5 14
46 33 0.5 14
45 32 0.5 14
44 33 0.5 14
44 32 0.5 14
44 34 0.5 14
44 35 0.5 14
43 34 0.5 14
42 34 0.5 14
47 37 0.5 14
72 13 0.5 11
73 13 0.5 11
72 14 0.5 11
72 15 0.5 11
72 16 0.5 11
74 12 0.5 11
74 13 0.5 11
73 12 0.5 11
75 11 0.5 11
76 12 0.5 11
75 12 0.5 11
66 98 0.5 1
82 86 0.5 7
81 86 0.5 7
82 85 0.5 7
83 84 0.5 7
82 84 0.5 7
80 86 0.5 7
83 83 0.5 7
43 0 0.5 6
42 98 0.5 6
42 97 0.5 6
43 99 0.5 6
43 98 0.5 6
43 97 0.5 6
28 14 0.5 4
28 13 0.5 4
29 15 0.5 4
29 14 0.5 4
54 72 0.5 6
55 72 0.5 6
54 73 0.5 6
53 72 0.5 6
56 72 0.5 6
54 74 0.5 6
60 31 0.5 4
61 31 0.5 4
61 29 0.5 4
61 30 0.5 4
88 92 0.5 1
14 68 0.5 7
14 69 0.5 7
15 69 0.5 7
15 70 0.5 7
15 67 0.5 7
15 68 0.5 7
14 67 0.5 7
66 15 0.5 5
66 16 0.5 5
66 17 0.5 5
66 18 0.5 5
65 18 0.5 5
90 76 0.5 2
91 76 0.5 2
40 8 0.5 5
41 8 0.5 5
40 9 0.5 5
41 9 0.5 5
40 10 0.5 5
71 39 0.5 2
71 40 0.5 2
55 18 0.5 5
55 19 0.5 5
56 19 0.5 5
57 19 0.5 5
56 18 0.5 5
87 65 0.5 9
88 63 0.5 9
88 64 0.5 9
87 64 0.5 9
88 66 0.5 9
89 66 0.5 9
88 65 0.5 9
90 66 0.5 9
91 66 0.5 9
49 45 0.5 2
49 46 0.5 2
55 65 0.5 3
55 64 0.5 3
55 63 0.5 3
1 45 0.5 5
0 44 0.5 5
0 43 0.5 5
0 45 0.5 5
0 42 0.5 5
30 20 0.5 1
85 78 0.5 7
86 78 0.5 7
86 79 0.5 7
87 77 0.5 7
87 78 0.5 7
85 79 0.5 7
85 80 0.5 7
67 25 0.5 10
66 25 0.5 10
67 26 0.5 10
72 27 0.5 10
71 27 0.5 10
70 27 0.5 10
68 27 0.5 10
67 27 0.5 10
69 27 0.5 10
73 27 0.5 10
37 71 0.5 19
37 73 0.5 19
37 74 0.5 19
37 72 0.5 19
36 74 0.5 19
36 71 0.5 19
35 68 0.5 19
35 69 0.5 19
36 69 0.5 19
35 71 0.5 19
35 72 0.5 19
35 70 0.5 19
35 74 0.5 19
37 76 0.5 19
36 76 0.5 19
35 76 0.5 19
34 75 0.5 19
34 76 0.5 19
34 74 0.5 19
22 4 0.5 1
7 21 0.5 1
34 4 0.5 2
34 5 0.5 2
30 12 0.5 6
30 11 0.5 6
30 10 0.5 6
30 9 0.5 6
30 7 0.5 6
30 8 0.5 6
37 0 0.5 3
37 1 0.5 3
38 1 0.5 3
62 51 0.5 2
61 51 0.5 2
47 52 0.5 2
47 51 0.5 2
65 80 0.5 4
66 80 0.5 4
66 81 0.5 4
64 80 0.5 4
54 38 0.5 6
53 38 0.5 6
52 38 0.5 6
52 39 0.5 6
51 38 0.5 6
51 39 0.5 6
15 35 0.5 2
14 35 0.5 2
57 0 0.5 8
58 99 0.5 8
57 99 0.5 8
56 99 0.5 8
59 99 0.5 8
59 1 0.5 8
58 0 0.5 8
59 0 0.5 8
2 65 0.5 3
1 65 0.5 3
2 64 0.5 3
44 87 0.5 7
44 88 0.5 7
45 87 0.5 7
45 86 0.5 7
45 88 0.5 7
44 86 0.5 7
44 89 0.5 7
62 9 0.5 2
61 9 0.5 2
43 58 0.5 4
42 58 0.5 4
44 57 0.5 4
44 58 0.5 4
11 70 0.5 4
9 70 0.5 4
10 70 0.5 4
8 70 0.5 4
23 25 0.5 20
23 24 0.5 20
22 24 0.5 20
20 23 0.5 20
21 22 0.5 20
21 23 0.5 20
22 23 0.5 20
22 22 0.5 20
22 21 0.5 20
23 19 0.5 20
24 19 0.5 20
22 19 0.5 20
21 19 0.5 20
20 19 0.5 20
23 20 0.5 20
20 20 0.5 20
19 20 0.5 20
22 20 0.5 20
21 20 0.5 20
24 18 0.5 20
71 86 0.5 5
72 86 0.5 5
73 85 0.5 5
74 85 0.5 5
72 85 0.5 5
27 50 0.5 4
28 50 0.5 4
27 51 0.5 4
27 49 0.5 4
58 57 0.5 8
59 59 0.5 8
59 58 0.5 8
58 58 0.5 8
57 56 0.5 8
58 56 0.5 8
56 57 0.5 8
56 56 0.5 8
64 86 0.5 3
64 85 0.5 3
65 86 0.5 3
21 66 0.5 1
45 67 0.5 11
45 68 0.5 11
45 69 0.5 11
45 70 0.5 11
47 70 0.5 11
46 70 0.5 11
42 69 0.5 11
42 68 0.5 11
44 68 0.5 11
44 69 0.5 11
43 68 0.5 11
98 99 0.5 3
97 99 0.5 3
99 99 0.5 3
45 12 0.5 4
46 14 0.5 4
46 13 0.5 4
45 13 0.5 4
5 3 0.5 3
7 3 0.5 3
6 3 0.5 3
55 84 0.5 3
55 83 0.5 3
54 84 0.5 3
47 93 0.5 2
46 93 0.5 2
50 11 0.5 1
4 58 0.5 7
3 58 0.5 7
2 56 0.5 7
2 57 0.5 7
3 57 0.5 7
4 57 0.5 7
3 56 0.5 7
77 29 0.5 7
77 30 0.5 7
77 31 0.5 7
76 29 0.5 7
78 30 0.5 7
79 30 0.5 7
80 30 0.5 7
53 14 0.5 3
54 14 0.5 3
53 15 0.5 3
6 28 0.5 5
5 28 0.5 5
4 28 0.5 5
4 29 0.5 5
5 29 0.5 5
96 24 0.5 2
96 25 0.5 2
12 12 0.5 3
11 12 0.5 3
12 11 0.5 3
60 95 0.5 2
60 96 0.5 2
6 31 0.5 1
62 2 0.5 3
61 3 0.5 3
61 2 0.5 3
44 53 0.5 1
3 86 0.5 1
51 81 0.5 2
52 81 0.5 2
83 1 0.5 1
63 7 0.5 1
53 22 0.5 2
54 22 0.5 2
4 92 0.5 4
4 91 0.5 4
5 91 0.5 4
5 92 0.5 4
91 1 0.5 4
89 2 0.5 4
89 1 0.5 4
90 1 0.5 4
52 78 0.5 1
70 6 0.5 2
71 6 0.5 2
12 9 0.5 1
3 34 0.5 1
59 41 0.5 6
57 41 0.5 6
58 41 0.5 6
58 39 0.5 6
59 39 0.5 6
59 40 0.5 6
90 51 0.5 1
13 30 0.5 5
12 30 0.5 5
13 31 0.5 5
11 30 0.5 5
12 31 0.5 5
49 48 0.5 2
49 49 0.5 2
7 89 0.5 1
42 31 0.5 1
50 19 0.5 2
50 20 0.5 2
25 47 0.5 5
25 48 0.5 5
24 46 0.5 5
25 46 0.5 5
23 46 0.5 5
5 50 0.5 5
4 50 0.5 5
3 50 0.5 5
5 51 0.5 5
6 51 0.5 5
8 62 0.5 3
8 63 0.5 3
8 64 0.5 3
70 61 0.5 3
69 61 0.5 3
69 60 0.5 3
94 8 0.5 1
4 77 0.5 2
5 77 0.5 2
88 99 0.5 4
88 98 0.5 4
87 99 0.5 4
87 0 0.5 4
13 44 0.5 1
82 75 0.5 3
82 74 0.5 3
82 76 0.5 3
17 41 0.5 3
17 40 0.5 3
16 40 0.5 3
15 99 0.5 1
3 39 0.5 1
68 68 0.5 1
64 62 0.5 1
8 93 0.5 1
29 26 0.5 3
30 26 0.5 3
29 27 0.5 3
83 10 0.5 3
81 10 0.5 3
82 10 0.5 3
20 68 0.5 1
69 43 0.5 1
54 43 0.5 2
54 42 0.5 2
26 83 0.5 1
91 70 0.5 2
92 70 0.5 2
32 32 0.5 3
34 32 0.5 3
33 32 0.5 3
97 44 0.5 3
96 45 0.5 3
97 45 0.5 3
85 90 0.5 1
93 77 0.5 1
40 35 0.5 1
39 88 0.5 1
18 30 0.5 2
19 30 0.5 2
96 28 0.5 1
41 50 0.5 3
41 49 0.5 3
41 48 0.5 3
99 5 0.5 1
98 50 0.5 1
65 75 0.5 5
66 75 0.5 5
64 74 0.5 5
64 75 0.5 5
63 75 0.5 5
24 64 0.5 1
89 96 0.5 1
51 63 0.5 1
91 21 0.5 1
78 95 0.5 1
43 4 0.5 2
43 3 0.5 2
66 58 0.5 1
20 42 0.5 1
69 14 0.5 1
4 79 0.5 1
12 6 0.5 1
60 91 0.5 1
66 9 0.5 1
53 52 0.5 1
35 46 0.5 1
88 27 0.5 2
88 28 0.5 2
71 96 0.5 1
7 37 0.5 2
8 37 0.5 2
70 98 0.5 2
70 97 0.5 2
16 91 0.5 1
77 90 0.5 3
77 91 0.5 3
78 91 0.5 3
20 15 0.5 2
20 16 0.5 2
30 69 0.5 2
30 68 0.5 2
83 77 0.5 1
35 80 0.5 1
84 52 0.5 1
89 23 0.5 1
29 36 0.5 1
8 74 0.5 1
75 94 0.5 1
91 88 0.5 1
6 39 0.5 1
2 25 0.5 1
71 21 0.5 1
14 9 0.5 1
9 52 0.5 1
45 39 0.5 1
25 21 0.5 1
89 32 0.5 2
88 32 0.5 2
91 47 0.5 1
