34 19 0.5 9
34 17 0.5 9
34 18 0.5 9
34 16 0.5 9
33 16 0.5 9
34 12 0.5 9
34 14 0.5 9
34 13 0.5 9
34 15 0.5 9
80 20 0.5 13
80 19 0.5 13
79 20 0.5 13
81 19 0.5 13
82 19 0.5 13
81 18 0.5 13
82 18 0.5 13
84 17 0.5 13
83 18 0.5 13
83 17 0.5 13
84 18 0.5 13
85 18 0.5 13
85 17 0.5 13
58 13 0.5 3
60 13 0.5 3
59 13 0.5 3
41 44 0.5 7
40 44 0.5 7
39 44 0.5 7
40 45 0.5 7
40 46 0.5 7
40 47 0.5 7
41 45 0.5 7
98 67 0.5 4
98 66 0.5 4
98 65 0.5 4
97 65 0.5 4
90 6 0.5 3
89 6 0.5 3
89 7 0.5 3
31 88 0.5 13
31 87 0.5 13
31 86 0.5 13
32 86 0.5 13
32 88 0.5 13
31 84 0.5 13
32 84 0.5 13
32 85 0.5 13
30 84 0.5 13
34 88 0.5 13
33 88 0.5 13
34 89 0.5 13
34 90 0.5 13
44 19 0.5 11
44 18 0.5 11
45 18 0.5 11
45 16 0.5 11
46 16 0.5 11
44 17 0.5 11
44 16 0.5 11
44 15 0.5 11
47 16 0.5 11
42 15 0.5 11
43 15 0.5 11
72 49 0.5 11
71 49 0.5 11
72 50 0.5 11
73 49 0.5 11
71 48 0.5 11
70 48 0.5 11
69 48 0.5 11
69 47 0.5 11
72 48 0.5 11
72 51 0.5 11
71 51 0.5 11
53 26 0.5 7
53 25 0.5 7
52 27 0.5 7
53 27 0.5 7
53 28 0.5 7
53 29 0.5 7
52 25 0.5 7
29 40 0.5 8
29 41 0.5 8
29 39 0.5 8
26 41 0.5 8
27 41 0.5 8
28 41 0.5 8
28 42 0.5 8
26 40 0.5 8
66 36 0.5 9
67 36 0.5 9
65 36 0.5 9
65 35 0.5 9
67 34 0.5 9
67 35 0.5 9
67 33 0.5 9
66 33 0.5 9
67 32 0.5 9
51 4 0.5 18
51 5 0.5 18
51 7 0.5 18
51 6 0.5 18
50 7 0.5 18
52 5 0.5 18
52 6 0.5 18
52 7 0.5 18
50 3 0.5 18
50 4 0.5 18
47 9 0.5 18
46 9 0.5 18
48 8 0.5 18
47 8 0.5 18
49 8 0.5 18
49 7 0.5 18
47 7 0.5 18
47 6 0.5 18
49 56 0.5 2
49 57 0.5 2
2 8 0.5 5
0 8 0.5 5
1 8 0.5 5
0 9 0.5 5
0 7 0.5 5
21 59 0.5 8
21 60 0.5 8
20 59 0.5 8
19 61 0.5 8
19 59 0.5 8
19 60 0.5 8
20 61 0.5 8
21 61 0.5 8
81 42 0.5 2
81 41 0.5 2
13 15 0.5 6
13 16 0.5 6
12 17 0.5 6
13 17 0.5 6
12 16 0.5 6
11 16 0.5 6
93 15 0.5 4
94 15 0.5 4
93 16 0.5 4
93 14 0.5 4
83 97 0.5 7
84 97 0.5 7
84 96 0.5 7
84 95 0.5 7
85 95 0.5 7
85 98 0.5 7
85 97 0.5 7
43 72 0.5 12
43 76 0.5 12
42 75 0.5 12
43 75 0.5 12
41 76 0.5 12
41 75 0.5 12
41 74 0.5 12
43 74 0.5 12
43 73 0.5 12
44 77 0.5 12
44 76 0.5 12
45 76 0.5 12
19 92 0.5 11
18 92 0.5 11
20 92 0.5 11
20 91 0.5 11
20 90 0.5 11
20 88 0.5 11
20 89 0.5 11
22 89 0.5 11
21 89 0.5 11
23 89 0.5 11
24 89 0.5 11
80 34 0.5 9
81 34 0.5 9
79 34 0.5 9
82 34 0.5 9
81 33 0.5 9
82 33 0.5 9
82 32 0.5 9
83 32 0.5 9
82 31 0.5 9
84 8 0.5 8
83 8 0.5 8
81 8 0.5 8
80 8 0.5 8
82 8 0.5 8
83 9 0.5 8
81 9 0.5 8
82 9 0.5 8
57 33 0.5 4
56 33 0.5 4
56 34 0.5 4
57 34 0.5 4
22 74 0.5 7
23 74 0.5 7
23 72 0.5 7
23 73 0.5 7
22 72 0.5 7
21 74 0.5 7
21 73 0.5 7
50 66 0.5 6
50 67 0.5 6
50 68 0.5 6
50 65 0.5 6
51 65 0.5 6
49 66 0.5 6
53 94 0.5 6
53 95 0.5 6
53 96 0.5 6
52 96 0.5 6
52 93 0.5 6
53 93 0.5 6
33 58 0.5 21
34 58 0.5 21
32 58 0.5 21
32 57 0.5 21
31 57 0.5 21
31 58 0.5 21
34 54 0.5 21
34 55 0.5 21
33 56 0.5 21
34 56 0.5 21
32 56 0.5 21
32 54 0.5 21
32 53 0.5 21
33 54 0.5 21
32 52 0.5 21
33 52 0.5 21
32 55 0.5 21
34 60 0.5 21
32 59 0.5 21
33 59 0.5 21
34 59 0.5 21
4 13 0.5 12
5 13 0.5 12
5 12 0.5 12
6 13 0.5 12
6 17 0.5 12
6 16 0.5 12
6 15 0.5 12
6 14 0.5 12
8 16 0.5 12
8 17 0.5 12
7 17 0.5 12
6 12 0.5 12
39 25 0.5 12
39 24 0.5 12
39 23 0.5 12
38 23 0.5 12
40 23 0.5 12
39 22 0.5 12
38 22 0.5 12
40 24 0.5 12
40 25 0.5 12
41 25 0.5 12
42 25 0.5 12
40 26 0.5 12
90 84 0.5 6
89 84 0.5 6
89 83 0.5 6
89 82 0.5 6
90 83 0.5 6
89 81 0.5 6
98 12 0.5 1
19 5 0.5 4
20 6 0.5 4
21 6 0.5 4
19 6 0.5 4
22 48 0.5 16
19 48 0.5 16
19 49 0.5 16
22 49 0.5 16
21 49 0.5 16
20 49 0.5 16
18 49 0.5 16
20 48 0.5 16
22 51 0.5 16
21 50 0.5 16
21 51 0.5 16
22 50 0.5 16
23 50 0.5 16
24 50 0.5 16
23 51 0.5 16
24 51 0.5 16
98 28 0.5 5
99 28 0.5 5
97 28 0.5 5
97 29 0.5 5
96 28 0.5 5
68 1 0.5 8
67 0 0.5 8
68 0 0.5 8
68 2 0.5 8
67 2 0.5 8
66 3 0.5 8
66 2 0.5 8
65 3 0.5 8
36 9 0.5 3
37 8 0.5 3
37 9 0.5 3
77 62 0.5 27
76 62 0.5 27
77 65 0.5 27
77 64 0.5 27
77 63 0.5 27
81 67 0.5 27
80 67 0.5 27
79 67 0.5 27
79 68 0.5 27
78 68 0.5 27
81 69 0.5 27
82 68 0.5 27
81 68 0.5 27
82 67 0.5 27
78 66 0.5 27
79 66 0.5 27
77 66 0.5 27
78 67 0.5 27
80 66 0.5 27
80 65 0.5 27
82 70 0.5 27
83 70 0.5 27
82 69 0.5 27
86 70 0.5 27
84 70 0.5 27
85 70 0.5 27
83 67 0.5 27
25 4 0.5 17
25 3 0.5 17
28 96 0.5 17
28 97 0.5 17
28 98 0.5 17
28 99 0.5 17
28 0 0.5 17
27 0 0.5 17
26 0 0.5 17
26 1 0.5 17
26 2 0.5 17
26 3 0.5 17
28 1 0.5 17
28 94 0.5 17
29 93 0.5 17
29 94 0.5 17
28 95 0.5 17
61 68 0.5 13
60 68 0.5 13
60 67 0.5 13
62 68 0.5 13
62 69 0.5 13
62 67 0.5 13
60 66 0.5 13
63 67 0.5 13
64 67 0.5 13
61 69 0.5 13
60 69 0.5 13
60 71 0.5 13
60 70 0.5 13
0 24 0.5 3
0 23 0.5 3
0 22 0.5 3
95 54 0.5 15
94 54 0.5 15
93 54 0.5 15
93 55 0.5 15
94 55 0.5 15
95 56 0.5 15
95 55 0.5 15
95 57 0.5 15
96 57 0.5 15
94 59 0.5 15
93 59 0.5 15
95 59 0.5 15
96 59 0.5 15
95 58 0.5 15
92 59 0.5 15
94 92 0.5 13
95 92 0.5 13
93 92 0.5 13
97 92 0.5 13
98 92 0.5 13
99 92 0.5 13
98 91 0.5 13
96 92 0.5 13
98 90 0.5 13
96 93 0.5 13
96 94 0.5 13
96 95 0.5 13
97 95 0.5 13
97 70 0.5 11
96 70 0.5 11
96 69 0.5 11
97 72 0.5 11
97 71 0.5 11
97 73 0.5 11
98 72 0.5 11
98 73 0.5 11
98 74 0.5 11
96 71 0.5 11
96 72 0.5 11
76 69 0.5 2
77 69 0.5 2
15 81 0.5 20
14 81 0.5 20
15 82 0.5 20
15 80 0.5 20
15 83 0.5 20
12 81 0.5 20
13 81 0.5 20
15 85 0.5 20
15 86 0.5 20
15 87 0.5 20
14 87 0.5 20
15 84 0.5 20
14 88 0.5 20
13 82 0.5 20
10 82 0.5 20
11 82 0.5 20
12 82 0.5 20
9 83 0.5 20
10 83 0.5 20
10 84 0.5 20
41 65 0.5 4
40 65 0.5 4
41 64 0.5 4
42 64 0.5 4
95 40 0.5 11
96 40 0.5 11
97 40 0.5 11
96 41 0.5 11
95 41 0.5 11
94 40 0.5 11
98 40 0.5 11
97 39 0.5 11
97 38 0.5 11
97 37 0.5 11
97 36 0.5 11
94 87 0.5 1
60 26 0.5 2
61 26 0.5 2
2 1 0.5 2
3 1 0.5 2
21 14 0.5 5
22 14 0.5 5
21 15 0.5 5
20 15 0.5 5
20 16 0.5 5
24 94 0.5 6
21 95 0.5 6
24 95 0.5 6
22 95 0.5 6
23 95 0.5 6
24 96 0.5 6
74 77 0.5 3
73 77 0.5 3
74 76 0.5 3
21 81 0.5 8
21 79 0.5 8
21 80 0.5 8
23 80 0.5 8
22 80 0.5 8
23 81 0.5 8
23 82 0.5 8
24 82 0.5 8
71 79 0.5 10
71 80 0.5 10
72 80 0.5 10
71 81 0.5 10
75 80 0.5 10
74 79 0.5 10
75 79 0.5 10
73 80 0.5 10
74 80 0.5 10
76 80 0.5 10
28 59 0.5 4
29 60 0.5 4
28 60 0.5 4
29 61 0.5 4
88 40 0.5 16
86 39 0.5 16
85 39 0.5 16
87 40 0.5 16
87 39 0.5 16
86 38 0.5 16
87 38 0.5 16
89 40 0.5 16
87 41 0.5 16
86 41 0.5 16
85 41 0.5 16
85 42 0.5 16
84 42 0.5 16
88 41 0.5 16
88 38 0.5 16
88 37 0.5 16
39 29 0.5 8
38 29 0.5 8
39 28 0.5 8
37 29 0.5 8
37 28 0.5 8
38 30 0.5 8
36 30 0.5 8
36 29 0.5 8
78 54 0.5 12
77 54 0.5 12
77 53 0.5 12
79 50 0.5 12
80 50 0.5 12
76 51 0.5 12
77 51 0.5 12
77 50 0.5 12
77 49 0.5 12
78 50 0.5 12
77 52 0.5 12
75 51 0.5 12
57 82 0.5 10
57 81 0.5 10
58 82 0.5 10
58 83 0.5 10
58 80 0.5 10
58 81 0.5 10
60 79 0.5 10
59 80 0.5 10
60 80 0.5 10
59 83 0.5 10
83 27 0.5 2
83 26 0.5 2
84 59 0.5 3
82 59 0.5 3
83 59 0.5 3
58 54 0.5 6
58 53 0.5 6
58 52 0.5 6
57 52 0.5 6
57 51 0.5 6
57 50 0.5 6
77 74 0.5 3
77 73 0.5 3
78 73 0.5 3
71 59 0.5 8
72 59 0.5 8
70 59 0.5 8
70 60 0.5 8
70 58 0.5 8
70 61 0.5 8
69 61 0.5 8
69 60 0.5 8
58 86 0.5 2
58 85 0.5 2
89 13 0.5 6
89 14 0.5 6
90 17 0.5 6
90 15 0.5 6
90 16 0.5 6
90 14 0.5 6
38 78 0.5 2
38 79 0.5 2
46 34 0.5 14
46 35 0.5 14
46 36 0.5 14
46 33 0.5 14
45 32 0.5 14
45 33 0.5 14
44 32 0.5 14
43 33 0.5 14
43 32 0.5 14
43 34 0.5 14
43 35 0.5 14
42 34 0.5 14
41 34 0.5 14
46 37 0.5 14
71 13 0.5 11
72 13 0.5 11
71 14 0.5 11
71 15 0.5 11
71 16 0.5 11
73 12 0.5 11
73 13 0.5 11
72 12 0.5 11
74 11 0.5 11
75 12 0.5 11
74 12 0.5 11
65 98 0.5 1
83 86 0.5 7
82 86 0.5 7
83 85 0.5 7
84 84 0.5 7
83 84 0.5 7
81 86 0.5 7
84 83 0.5 7
43 1 0.5 6
42 99 0.5 6
42 98 0.5 6
43 0 0.5 6
43 99 0.5 6
43 98 0.5 6
28 15 0.5 4
28 14 0.5 4
29 16 0.5 4
29 15 0.5 4
53 72 0.5 6
54 72 0.5 6
53 73 0.5 6
52 72 0.5 6
55 72 0.5 6
53 74 0.5 6
60 30 0.5 4
61 30 0.5 4
61 28 0.5 4
61 29 0.5 4
89 92 0.5 1
14 67 0.5 7
14 68 0.5 7
15 68 0.5 7
15 69 0.5 7
15 66 0.5 7
15 67 0.5 7
14 66 0.5 7
66 14 0.5 5
66 15 0.5 5
66 16 0.5 5
66 17 0.5 5
65 17 0.5 5
90 75 0.5 2
91 75 0.5 2
40 9 0.5 5
41 9 0.5 5
40 10 0.5 5
41 10 0.5 5
40 11 0.5 5
72 39 0.5 2
72 40 0.5 2
55 19 0.5 5
55 20 0.5 5
56 20 0.5 5
57 20 0.5 5
56 19 0.5 5
87 66 0.5 9
88 64 0.5 9
88 65 0.5 9
87 65 0.5 9
88 67 0.5 9
89 67 0.5 9
88 66 0.5 9
90 67 0.5 9
91 67 0.5 9
50 45 0.5 2
50 46 0.5 2
54 65 0.5 3
54 64 0.5 3
54 63 0.5 3
0 45 0.5 5
99 44 0.5 5
99 43 0.5 5
99 45 0.5 5
99 42 0.5 5
31 20 0.5 1
85 77 0.5 7
86 77 0.5 7
86 78 0.5 7
87 76 0.5 7
87 77 0.5 7
85 78 0.5 7
85 79 0.5 7
66 25 0.5 10
65 25 0.5 10
66 26 0.5 10
71 27 0.5 10
70 27 0.5 10
69 27 0.5 10
67 27 0.5 10
66 27 0.5 10
68 27 0.5 10
72 27 0.5 10
37 70 0.5 19
37 72 0.5 19
37 73 0.5 19
37 71 0.5 19
36 73 0.5 19
36 70 0.5 19
35 67 0.5 19
35 68 0.5 19
36 68 0.5 19
35 70 0.5 19
35 71 0.5 19
35 69 0.5 19
35 73 0.5 19
37 75 0.5 19
36 75 0.5 19
35 75 0.5 19
34 74 0.5 19
34 75 0.5 19
34 73 0.5 19
23 4 0.5 1
7 20 0.5 1
34 3 0.5 2
34 4 0.5 2
30 11 0.5 6
30 10 0.5 6
30 9 0.5 6
30 8 0.5 6
30 6 0.5 6
30 7 0.5 6
37 99 0.5 3
37 0 0.5 3
38 0 0.5 3
63 51 0.5 2
62 51 0.5 2
47 51 0.5 2
47 50 0.5 2
65 79 0.5 4
66 79 0.5 4
66 80 0.5 4
64 79 0.5 4
54 37 0.5 6
53 37 0.5 6
52 37 0.5 6
52 38 0.5 6
51 37 0.5 6
51 38 0.5 6
15 34 0.5 2
14 34 0.5 2
57 1 0.5 8
58 0 0.5 8
57 0 0.5 8
56 0 0.5 8
59 0 0.5 8
59 2 0.5 8
58 1 0.5 8
59 1 0.5 8
3 65 0.5 3
2 65 0.5 3
3 64 0.5 3
44 88 0.5 7
44 89 0.5 7
45 88 0.5 7
45 87 0.5 7
45 89 0.5 7
44 87 0.5 7
44 90 0.5 7
61 9 0.5 2
60 9 0.5 2
44 58 0.5 4
43 58 0.5 4
45 57 0.5 4
45 58 0.5 4
12 70 0.5 4
10 70 0.5 4
11 70 0.5 4
9 70 0.5 4
23 26 0.5 20
23 25 0.5 20
22 25 0.5 20
20 24 0.5 20
21 23 0.5 20
21 24 0.5 20
22 24 0.5 20
22 23 0.5 20
22 22 0.5 20
23 20 0.5 20
24 20 0.5 20
22 20 0.5 20
21 20 0.5 20
20 20 0.5 20
23 21 0.5 20
20 21 0.5 20
19 21 0.5 20
22 21 0.5 20
21 21 0.5 20
24 19 0.5 20
71 87 0.5 5
72 87 0.5 5
73 86 0.5 5
74 86 0.5 5
72 86 0.5 5
27 51 0.5 4
28 51 0.5 4
27 52 0.5 4
27 50 0.5 4
59 57 0.5 8
60 59 0.5 8
60 58 0.5 8
59 58 0.5 8
58 56 0.5 8
59 56 0.5 8
57 57 0.5 8
57 56 0.5 8
65 86 0.5 3
65 85 0.5 3
66 86 0.5 3
22 66 0.5 1
44 67 0.5 11
44 68 0.5 11
44 69 0.5 11
44 70 0.5 11
46 70 0.5 11
45 70 0.5 11
41 69 0.5 11
41 68 0.5 11
43 68 0.5 11
43 69 0.5 11
42 68 0.5 11
98 98 0.5 3
97 98 0.5 3
99 98 0.5 3
45 11 0.5 4
46 13 0.5 4
46 12 0.5 4
45 12 0.5 4
6 3 0.5 3
8 3 0.5 3
7 3 0.5 3
56 84 0.5 3
56 83 0.5 3
55 84 0.5 3
47 92 0.5 2
46 92 0.5 2
50 10 0.5 1
5 58 0.5 7
4 58 0.5 7
3 56 0.5 7
3 57 0.5 7
4 57 0.5 7
5 57 0.5 7
4 56 0.5 7
77 28 0.5 7
77 29 0.5 7
77 30 0.5 7
76 28 0.5 7
78 29 0.5 7
79 29 0.5 7
80 29 0.5 7
53 13 0.5 3
54 13 0.5 3
53 14 0.5 3
7 28 0.5 6
6 28 0.5 6
5 28 0.5 6
5 29 0.5 6
6 29 0.5 6
6 30 0.5 6
97 24 0.5 2
97 25 0.5 2
12 13 0.5 3
11 13 0.5 3
12 12 0.5 3
60 96 0.5 2
60 97 0.5 2
62 2 0.5 3
61 3 0.5 3
61 2 0.5 3
43 53 0.5 1
3 85 0.5 1
50 81 0.5 2
51 81 0.5 2
83 0 0.5 1
63 6 0.5 1
53 21 0.5 2
54 21 0.5 2
3 92 0.5 4
3 91 0.5 4
4 91 0.5 4
4 92 0.5 4
91 2 0.5 4
89 3 0.5 4
89 2 0.5 4
90 2 0.5 4
51 78 0.5 1
70 7 0.5 2
71 7 0.5 2
11 9 0.5 1
2 34 0.5 1
59 40 0.5 6
57 40 0.5 6
58 40 0.5 6
58 38 0.5 6
59 38 0.5 6
59 39 0.5 6
90 50 0.5 1
14 30 0.5 5
13 30 0.5 5
14 31 0.5 5
12 30 0.5 5
13 31 0.5 5
50 48 0.5 2
50 49 0.5 2
7 90 0.5 1
41 31 0.5 1
51 19 0.5 2
51 20 0.5 2
25 46 0.5 5
25 47 0.5 5
24 45 0.5 5
25 45 0.5 5
23 45 0.5 5
5 51 0.5 5
4 51 0.5 5
3 51 0.5 5
5 52 0.5 5
6 52 0.5 5
8 63 0.5 3
8 64 0.5 3
8 65 0.5 3
93 8 0.5 1
5 77 0.5 2
6 77 0.5 2
87 99 0.5 4
87 98 0.5 4
86 99 0.5 4
86 0 0.5 4
14 44 0.5 1
82 76 0.5 4
82 75 0.5 4
82 77 0.5 4
83 77 0.5 4
17 42 0.5 3
17 41 0.5 3
16 41 0.5 3
14 99 0.5 1
3 40 0.5 1
68 67 0.5 1
64 63 0.5 1
8 94 0.5 1
29 27 0.5 3
30 27 0.5 3
29 28 0.5 3
20 68 0.5 1
69 44 0.5 1
55 43 0.5 2
55 42 0.5 2
25 83 0.5 1
90 70 0.5 2
91 70 0.5 2
32 33 0.5 3
34 33 0.5 3
33 33 0.5 3
97 43 0.5 3
96 44 0.5 3
97 44 0.5 3
84 90 0.5 1
92 77 0.5 1
39 35 0.5 1
40 88 0.5 1
18 31 0.5 2
19 31 0.5 2
41 51 0.5 3
41 50 0.5 3
41 49 0.5 3
0 5 0.5 1
97 50 0.5 1
64 75 0.5 5
65 75 0.5 5
63 74 0.5 5
63 75 0.5 5
62 75 0.5 5
24 65 0.5 1
89 95 0.5 1
50 63 0.5 1
91 20 0.5 1
78 94 0.5 1
44 4 0.5 2
44 3 0.5 2
66 59 0.5 1
19 42 0.5 1
69 13 0.5 1
4 78 0.5 1
13 6 0.5 1
61 91 0.5 1
66 8 0.5 1
53 53 0.5 1
34 46 0.5 1
87 27 0.5 2
87 28 0.5 2
71 97 0.5 3
70 98 0.5 3
70 97 0.5 3
7 38 0.5 2
8 38 0.5 2
16 92 0.5 1
77 91 0.5 3
77 92 0.5 3
78 92 0.5 3
29 69 0.5 2
29 68 0.5 2
35 81 0.5 1
84 53 0.5 1
89 22 0.5 1
29 35 0.5 1
9 74 0.5 1
75 95 0.5 1
91 87 0.5 1
6 40 0.5 1
1 25 0.5 1
71 22 0.5 1
13 9 0.5 1
9 51 0.5 1
44 39 0.5 1
26 21 0.5 1
89 31 0.5 2
88 31 0.5 2
91 46 0.5 1
