35 19 0.5 9
35 17 0.5 9
35 18 0.5 9
35 16 0.5 9
34 16 0.5 9
35 12 0.5 9
35 14 0.5 9
35 13 0.5 9
35 15 0.5 9
80 21 0.5 13
80 20 0.5 13
79 21 0.5 13
81 20 0.5 13
82 20 0.5 13
81 19 0.5 13
82 19 0.5 13
84 18 0.5 13
83 19 0.5 13
83 18 0.5 13
84 19 0.5 13
85 19 0.5 13
85 18 0.5 13
58 14 0.5 3
60 14 0.5 3
59 14 0.5 3
41 43 0.5 7
40 43 0.5 7
39 43 0.5 7
40 44 0.5 7
40 45 0.5 7
40 46 0.5 7
41 44 0.5 7
98 68 0.5 4
98 67 0.5 4
98 66 0.5 4
97 66 0.5 4
90 5 0.5 3
89 5 0.5 3
89 6 0.5 3
31 87 0.5 13
31 86 0.5 13
31 85 0.5 13
32 85 0.5 13
32 87 0.5 13
31 83 0.5 13
32 83 0.5 13
32 84 0.5 13
30 83 0.5 13
34 87 0.5 13
33 87 0.5 13
34 88 0.5 13
34 89 0.5 13
44 18 0.5 15
44 17 0.5 15
45 17 0.5 15
45 15 0.5 15
46 15 0.5 15
44 16 0.5 15
44 15 0.5 15
44 14 0.5 15
47 15 0.5 15
42 14 0.5 15
43 14 0.5 15
45 12 0.5 15
46 14 0.5 15
46 13 0.5 15
45 13 0.5 15
71 49 0.5 11
70 49 0.5 11
71 50 0.5 11
72 49 0.5 11
70 48 0.5 11
69 48 0.5 11
68 48 0.5 11
68 47 0.5 11
71 48 0.5 11
71 51 0.5 11
70 51 0.5 11
53 25 0.5 7
53 24 0.5 7
52 26 0.5 7
53 26 0.5 7
53 27 0.5 7
53 28 0.5 7
52 24 0.5 7
29 41 0.5 8
29 42 0.5 8
29 40 0.5 8
26 42 0.5 8
27 42 0.5 8
28 42 0.5 8
28 43 0.5 8
26 41 0.5 8
65 36 0.5 9
66 36 0.5 9
64 36 0.5 9
64 35 0.5 9
66 34 0.5 9
66 35 0.5 9
66 33 0.5 9
65 33 0.5 9
66 32 0.5 9
52 4 0.5 18
52 5 0.5 18
52 7 0.5 18
52 6 0.5 18
51 7 0.5 18
53 5 0.5 18
53 6 0.5 18
53 7 0.5 18
51 3 0.5 18
51 4 0.5 18
48 9 0.5 18
47 9 0.5 18
49 8 0.5 18
48 8 0.5 18
50 8 0.5 18
50 7 0.5 18
48 7 0.5 18
48 6 0.5 18
49 57 0.5 2
49 58 0.5 2
2 9 0.5 5
0 9 0.5 5
1 9 0.5 5
0 10 0.5 5
0 8 0.5 5
21 58 0.5 8
21 59 0.5 8
20 58 0.5 8
19 60 0.5 8
19 58 0.5 8
19 59 0.5 8
20 60 0.5 8
21 60 0.5 8
80 42 0.5 2
80 41 0.5 2
13 14 0.5 9
13 15 0.5 9
12 16 0.5 9
13 16 0.5 9
12 15 0.5 9
11 15 0.5 9
12 14 0.5 9
11 14 0.5 9
12 13 0.5 9
92 15 0.5 10
93 15 0.5 10
92 16 0.5 10
92 14 0.5 10
90 13 0.5 10
90 14 0.5 10
91 17 0.5 10
91 15 0.5 10
91 16 0.5 10
91 14 0.5 10
82 97 0.5 7
83 97 0.5 7
83 96 0.5 7
83 95 0.5 7
84 95 0.5 7
84 98 0.5 7
84 97 0.5 7
42 72 0.5 12
42 76 0.5 12
41 75 0.5 12
42 75 0.5 12
40 76 0.5 12
40 75 0.5 12
40 74 0.5 12
42 74 0.5 12
42 73 0.5 12
43 77 0.5 12
43 76 0.5 12
44 76 0.5 12
20 92 0.5 11
19 92 0.5 11
21 92 0.5 11
21 91 0.5 11
21 90 0.5 11
21 88 0.5 11
21 89 0.5 11
23 89 0.5 11
22 89 0.5 11
24 89 0.5 11
25 89 0.5 11
79 34 0.5 9
80 34 0.5 9
78 34 0.5 9
81 34 0.5 9
80 33 0.5 9
81 33 0.5 9
81 32 0.5 9
82 32 0.5 9
81 31 0.5 9
84 9 0.5 8
83 9 0.5 8
81 9 0.5 8
80 9 0.5 8
82 9 0.5 8
83 10 0.5 8
81 10 0.5 8
82 10 0.5 8
56 33 0.5 4
55 33 0.5 4
55 34 0.5 4
56 34 0.5 4
22 75 0.5 7
23 75 0.5 7
23 73 0.5 7
23 74 0.5 7
22 73 0.5 7
21 75 0.5 7
21 74 0.5 7
51 66 0.5 9
51 67 0.5 9
51 68 0.5 9
51 65 0.5 9
52 65 0.5 9
50 66 0.5 9
53 65 0.5 9
53 64 0.5 9
53 63 0.5 9
53 93 0.5 6
53 94 0.5 6
53 95 0.5 6
52 95 0.5 6
52 92 0.5 6
53 92 0.5 6
32 58 0.5 21
33 58 0.5 21
31 58 0.5 21
31 57 0.5 21
30 57 0.5 21
30 58 0.5 21
33 54 0.5 21
33 55 0.5 21
32 56 0.5 21
33 56 0.5 21
31 56 0.5 21
31 54 0.5 21
31 53 0.5 21
32 54 0.5 21
31 52 0.5 21
32 52 0.5 21
31 55 0.5 21
33 60 0.5 21
31 59 0.5 21
32 59 0.5 21
33 59 0.5 21
4 12 0.5 12
5 12 0.5 12
5 11 0.5 12
6 12 0.5 12
6 16 0.5 12
6 15 0.5 12
6 14 0.5 12
6 13 0.5 12
8 15 0.5 12
8 16 0.5 12
7 16 0.5 12
6 11 0.5 12
38 25 0.5 12
38 24 0.5 12
38 23 0.5 12
37 23 0.5 12
39 23 0.5 12
38 22 0.5 12
37 22 0.5 12
39 24 0.5 12
39 25 0.5 12
40 25 0.5 12
41 25 0.5 12
39 26 0.5 12
90 85 0.5 6
89 85 0.5 6
89 84 0.5 6
89 83 0.5 6
90 84 0.5 6
89 82 0.5 6
99 12 0.5 1
20 5 0.5 4
21 6 0.5 4
22 6 0.5 4
20 6 0.5 4
22 49 0.5 16
19 49 0.5 16
19 50 0.5 16
22 50 0.5 16
21 50 0.5 16
20 50 0.5 16
18 50 0.5 16
20 49 0.5 16
22 52 0.5 16
21 51 0.5 16
21 52 0.5 16
22 51 0.5 16
23 51 0.5 16
24 51 0.5 16
23 52 0.5 16
24 52 0.5 16
98 29 0.5 5
99 29 0.5 5
97 29 0.5 5
97 30 0.5 5
96 29 0.5 5
68 2 0.5 8
67 1 0.5 8
68 1 0.5 8
68 3 0.5 8
67 3 0.5 8
66 4 0.5 8
66 3 0.5 8
65 4 0.5 8
36 8 0.5 3
37 7 0.5 3
37 8 0.5 3
78 62 0.5 27
77 62 0.5 27
78 65 0.5 27
78 64 0.5 27
78 63 0.5 27
82 67 0.5 27
81 67 0.5 27
80 67 0.5 27
80 68 0.5 27
79 68 0.5 27
82 69 0.5 27
83 68 0.5 27
82 68 0.5 27
83 67 0.5 27
79 66 0.5 27
80 66 0.5 27
78 66 0.5 27
79 67 0.5 27
81 66 0.5 27
81 65 0.5 27
83 70 0.5 27
84 70 0.5 27
83 69 0.5 27
87 70 0.5 27
85 70 0.5 27
86 70 0.5 27
84 67 0.5 27
25 5 0.5 17
25 4 0.5 17
28 97 0.5 17
28 98 0.5 17
28 99 0.5 17
28 0 0.5 17
28 1 0.5 17
27 1 0.5 17
26 1 0.5 17
26 2 0.5 17
26 3 0.5 17
26 4 0.5 17
28 2 0.5 17
28 95 0.5 17
29 94 0.5 17
29 95 0.5 17
28 96 0.5 17
61 69 0.5 13
60 69 0.5 13
60 68 0.5 13
62 69 0.5 13
62 70 0.5 13
62 68 0.5 13
60 67 0.5 13
63 68 0.5 13
64 68 0.5 13
61 70 0.5 13
60 70 0.5 13
60 72 0.5 13
60 71 0.5 13
99 24 0.5 3
99 23 0.5 3
99 22 0.5 3
95 53 0.5 15
94 53 0.5 15
93 53 0.5 15
93 54 0.5 15
94 54 0.5 15
95 55 0.5 15
95 54 0.5 15
95 56 0.5 15
96 56 0.5 15
94 58 0.5 15
93 58 0.5 15
95 58 0.5 15
96 58 0.5 15
95 57 0.5 15
92 58 0.5 15
94 91 0.5 13
95 91 0.5 13
93 91 0.5 13
97 91 0.5 13
98 91 0.5 13
99 91 0.5 13
98 90 0.5 13
96 91 0.5 13
98 89 0.5 13
96 92 0.5 13
96 93 0.5 13
96 94 0.5 13
97 94 0.5 13
97 69 0.5 11
96 69 0.5 11
96 68 0.5 11
97 71 0.5 11
97 70 0.5 11
97 72 0.5 11
98 71 0.5 11
98 72 0.5 11
98 73 0.5 11
96 70 0.5 11
96 71 0.5 11
75 69 0.5 2
76 69 0.5 2
15 82 0.5 20
14 82 0.5 20
15 83 0.5 20
15 81 0.5 20
15 84 0.5 20
12 82 0.5 20
13 82 0.5 20
15 86 0.5 20
15 87 0.5 20
15 88 0.5 20
14 88 0.5 20
15 85 0.5 20
14 89 0.5 20
13 83 0.5 20
10 83 0.5 20
11 83 0.5 20
12 83 0.5 20
9 84 0.5 20
10 84 0.5 20
10 85 0.5 20
41 64 0.5 4
40 64 0.5 4
41 63 0.5 4
42 63 0.5 4
95 39 0.5 11
96 39 0.5 11
97 39 0.5 11
96 40 0.5 11
95 40 0.5 11
94 39 0.5 11
98 39 0.5 11
97 38 0.5 11
97 37 0.5 11
97 36 0.5 11
97 35 0.5 11
94 88 0.5 1
60 27 0.5 6
61 27 0.5 6
60 30 0.5 6
61 30 0.5 6
61 28 0.5 6
61 29 0.5 6
1 1 0.5 2
2 1 0.5 2
21 15 0.5 5
22 15 0.5 5
21 16 0.5 5
20 16 0.5 5
20 17 0.5 5
23 94 0.5 6
20 95 0.5 6
23 95 0.5 6
21 95 0.5 6
22 95 0.5 6
23 96 0.5 6
75 77 0.5 3
74 77 0.5 3
75 76 0.5 3
21 82 0.5 9
21 80 0.5 9
21 81 0.5 9
23 81 0.5 9
22 81 0.5 9
23 82 0.5 9
23 83 0.5 9
24 83 0.5 9
25 83 0.5 9
70 79 0.5 10
70 80 0.5 10
71 80 0.5 10
70 81 0.5 10
74 80 0.5 10
73 79 0.5 10
74 79 0.5 10
72 80 0.5 10
73 80 0.5 10
75 80 0.5 10
29 59 0.5 4
30 60 0.5 4
29 60 0.5 4
30 61 0.5 4
87 40 0.5 16
85 39 0.5 16
84 39 0.5 16
86 40 0.5 16
86 39 0.5 16
85 38 0.5 16
86 38 0.5 16
88 40 0.5 16
86 41 0.5 16
85 41 0.5 16
84 41 0.5 16
84 42 0.5 16
83 42 0.5 16
87 41 0.5 16
87 38 0.5 16
87 37 0.5 16
38 29 0.5 8
37 29 0.5 8
38 28 0.5 8
36 29 0.5 8
36 28 0.5 8
37 30 0.5 8
35 30 0.5 8
35 29 0.5 8
79 54 0.5 12
78 54 0.5 12
78 53 0.5 12
80 50 0.5 12
81 50 0.5 12
77 51 0.5 12
78 51 0.5 12
78 50 0.5 12
78 49 0.5 12
79 50 0.5 12
78 52 0.5 12
76 51 0.5 12
56 82 0.5 13
56 81 0.5 13
57 82 0.5 13
57 83 0.5 13
57 80 0.5 13
57 81 0.5 13
59 79 0.5 13
58 80 0.5 13
59 80 0.5 13
58 83 0.5 13
56 84 0.5 13
56 83 0.5 13
55 84 0.5 13
83 26 0.5 2
83 25 0.5 2
84 60 0.5 3
82 60 0.5 3
83 60 0.5 3
57 54 0.5 6
57 53 0.5 6
57 52 0.5 6
56 52 0.5 6
56 51 0.5 6
56 50 0.5 6
77 75 0.5 3
77 74 0.5 3
78 74 0.5 3
72 59 0.5 8
73 59 0.5 8
71 59 0.5 8
71 60 0.5 8
71 58 0.5 8
71 61 0.5 8
70 61 0.5 8
70 60 0.5 8
58 87 0.5 2
58 86 0.5 2
38 78 0.5 2
38 79 0.5 2
46 33 0.5 14
46 34 0.5 14
46 35 0.5 14
46 32 0.5 14
45 31 0.5 14
45 32 0.5 14
44 31 0.5 14
43 32 0.5 14
43 31 0.5 14
43 33 0.5 14
43 34 0.5 14
42 33 0.5 14
41 33 0.5 14
46 36 0.5 14
72 13 0.5 11
73 13 0.5 11
72 14 0.5 11
72 15 0.5 11
72 16 0.5 11
74 12 0.5 11
74 13 0.5 11
73 12 0.5 11
75 11 0.5 11
76 12 0.5 11
75 12 0.5 11
65 97 0.5 1
84 86 0.5 7
83 86 0.5 7
84 85 0.5 7
85 84 0.5 7
84 84 0.5 7
82 86 0.5 7
85 83 0.5 7
43 2 0.5 6
42 0 0.5 6
42 99 0.5 6
43 1 0.5 6
43 0 0.5 6
43 99 0.5 6
27 15 0.5 4
27 14 0.5 4
28 16 0.5 4
28 15 0.5 4
52 72 0.5 6
53 72 0.5 6
52 73 0.5 6
51 72 0.5 6
54 72 0.5 6
52 74 0.5 6
88 92 0.5 1
14 68 0.5 7
14 69 0.5 7
15 69 0.5 7
15 70 0.5 7
15 67 0.5 7
15 68 0.5 7
14 67 0.5 7
66 15 0.5 5
66 16 0.5 5
66 17 0.5 5
66 18 0.5 5
65 18 0.5 5
91 75 0.5 3
92 75 0.5 3
92 76 0.5 3
39 9 0.5 5
40 9 0.5 5
39 10 0.5 5
40 10 0.5 5
39 11 0.5 5
72 40 0.5 2
72 41 0.5 2
55 18 0.5 5
55 19 0.5 5
56 19 0.5 5
57 19 0.5 5
56 18 0.5 5
87 67 0.5 11
88 65 0.5 11
88 66 0.5 11
87 66 0.5 11
88 68 0.5 11
89 68 0.5 11
88 67 0.5 11
90 68 0.5 11
91 68 0.5 11
90 69 0.5 11
91 69 0.5 11
50 44 0.5 2
50 45 0.5 2
0 45 0.5 8
99 44 0.5 8
99 43 0.5 8
99 45 0.5 8
99 42 0.5 8
98 43 0.5 8
97 44 0.5 8
98 44 0.5 8
30 20 0.5 1
86 77 0.5 7
87 77 0.5 7
87 78 0.5 7
88 76 0.5 7
88 77 0.5 7
86 78 0.5 7
86 79 0.5 7
66 24 0.5 10
65 24 0.5 10
66 25 0.5 10
71 26 0.5 10
70 26 0.5 10
69 26 0.5 10
67 26 0.5 10
66 26 0.5 10
68 26 0.5 10
72 26 0.5 10
37 69 0.5 19
37 71 0.5 19
37 72 0.5 19
37 70 0.5 19
36 72 0.5 19
36 69 0.5 19
35 66 0.5 19
35 67 0.5 19
36 67 0.5 19
35 69 0.5 19
35 70 0.5 19
35 68 0.5 19
35 72 0.5 19
37 74 0.5 19
36 74 0.5 19
35 74 0.5 19
34 73 0.5 19
34 74 0.5 19
34 72 0.5 19
22 4 0.5 1
7 19 0.5 1
34 4 0.5 2
34 5 0.5 2
30 10 0.5 6
30 9 0.5 6
30 8 0.5 6
30 7 0.5 6
30 5 0.5 6
30 6 0.5 6
37 0 0.5 3
37 1 0.5 3
38 1 0.5 3
62 51 0.5 2
61 51 0.5 2
48 51 0.5 2
48 50 0.5 2
64 79 0.5 4
65 79 0.5 4
65 80 0.5 4
63 79 0.5 4
54 38 0.5 6
53 38 0.5 6
52 38 0.5 6
52 39 0.5 6
51 38 0.5 6
51 39 0.5 6
15 33 0.5 7
14 33 0.5 7
14 31 0.5 7
13 31 0.5 7
14 32 0.5 7
12 31 0.5 7
13 32 0.5 7
58 1 0.5 11
59 0 0.5 11
58 0 0.5 11
57 0 0.5 11
60 0 0.5 11
60 2 0.5 11
59 1 0.5 11
60 1 0.5 11
62 2 0.5 11
61 3 0.5 11
61 2 0.5 11
3 64 0.5 3
2 64 0.5 3
3 63 0.5 3
44 89 0.5 7
44 90 0.5 7
45 89 0.5 7
45 88 0.5 7
45 90 0.5 7
44 88 0.5 7
44 91 0.5 7
60 9 0.5 2
59 9 0.5 2
44 59 0.5 4
43 59 0.5 4
45 58 0.5 4
45 59 0.5 4
12 71 0.5 4
10 71 0.5 4
11 71 0.5 4
9 71 0.5 4
23 25 0.5 20
23 24 0.5 20
22 24 0.5 20
20 23 0.5 20
21 22 0.5 20
21 23 0.5 20
22 23 0.5 20
22 22 0.5 20
22 21 0.5 20
23 19 0.5 20
24 19 0.5 20
22 19 0.5 20
21 19 0.5 20
20 19 0.5 20
23 20 0.5 20
20 20 0.5 20
19 20 0.5 20
22 20 0.5 20
21 20 0.5 20
24 18 0.5 20
71 88 0.5 5
72 88 0.5 5
73 87 0.5 5
74 87 0.5 5
72 87 0.5 5
27 50 0.5 4
28 50 0.5 4
27 51 0.5 4
27 49 0.5 4
60 57 0.5 8
61 59 0.5 8
61 58 0.5 8
60 58 0.5 8
59 56 0.5 8
60 56 0.5 8
58 57 0.5 8
58 56 0.5 8
65 87 0.5 3
65 86 0.5 3
66 87 0.5 3
22 67 0.5 1
44 68 0.5 11
44 69 0.5 11
44 70 0.5 11
44 71 0.5 11
46 71 0.5 11
45 71 0.5 11
41 70 0.5 11
41 69 0.5 11
43 69 0.5 11
43 70 0.5 11
42 69 0.5 11
97 98 0.5 3
96 98 0.5 3
98 98 0.5 3
6 3 0.5 3
8 3 0.5 3
7 3 0.5 3
47 91 0.5 2
46 91 0.5 2
50 11 0.5 1
5 59 0.5 7
4 59 0.5 7
3 57 0.5 7
3 58 0.5 7
4 58 0.5 7
5 58 0.5 7
4 57 0.5 7
77 29 0.5 7
77 30 0.5 7
77 31 0.5 7
76 29 0.5 7
78 30 0.5 7
79 30 0.5 7
80 30 0.5 7
53 14 0.5 3
54 14 0.5 3
53 15 0.5 3
6 28 0.5 6
5 28 0.5 6
4 28 0.5 6
4 29 0.5 6
5 29 0.5 6
5 30 0.5 6
97 23 0.5 2
97 24 0.5 2
60 96 0.5 2
60 97 0.5 2
42 53 0.5 1
3 84 0.5 1
49 81 0.5 2
50 81 0.5 2
82 0 0.5 1
62 6 0.5 1
54 21 0.5 2
55 21 0.5 2
3 93 0.5 4
3 92 0.5 4
4 92 0.5 4
4 93 0.5 4
90 2 0.5 4
88 3 0.5 4
88 2 0.5 4
89 2 0.5 4
51 79 0.5 1
69 7 0.5 2
70 7 0.5 2
10 9 0.5 1
3 34 0.5 1
59 39 0.5 6
57 39 0.5 6
58 39 0.5 6
58 37 0.5 6
59 37 0.5 6
59 38 0.5 6
89 50 0.5 1
50 48 0.5 2
50 49 0.5 2
7 89 0.5 1
40 31 0.5 1
51 20 0.5 2
51 21 0.5 2
25 45 0.5 5
25 46 0.5 5
24 44 0.5 5
25 44 0.5 5
23 44 0.5 5
4 51 0.5 5
3 51 0.5 5
2 51 0.5 5
4 52 0.5 5
5 52 0.5 5
8 62 0.5 3
8 63 0.5 3
8 64 0.5 3
92 8 0.5 1
6 77 0.5 2
7 77 0.5 2
88 99 0.5 4
88 98 0.5 4
87 99 0.5 4
87 0 0.5 4
15 44 0.5 1
81 76 0.5 4
81 75 0.5 4
81 77 0.5 4
82 77 0.5 4
17 43 0.5 3
17 42 0.5 3
16 42 0.5 3
14 98 0.5 1
4 40 0.5 1
69 67 0.5 1
63 63 0.5 1
8 95 0.5 1
29 26 0.5 3
30 26 0.5 3
29 27 0.5 3
20 67 0.5 1
68 44 0.5 1
55 42 0.5 2
55 41 0.5 2
32 33 0.5 3
34 33 0.5 3
33 33 0.5 3
84 90 0.5 1
39 35 0.5 1
39 88 0.5 1
18 32 0.5 2
19 32 0.5 2
40 51 0.5 3
40 50 0.5 3
40 49 0.5 3
0 4 0.5 1
96 50 0.5 1
64 74 0.5 5
65 74 0.5 5
63 73 0.5 5
63 74 0.5 5
62 74 0.5 5
24 64 0.5 1
89 94 0.5 1
51 63 0.5 1
91 19 0.5 1
79 94 0.5 1
44 5 0.5 2
44 4 0.5 2
66 58 0.5 1
19 41 0.5 1
70 13 0.5 1
5 78 0.5 1
12 6 0.5 1
62 91 0.5 1
67 8 0.5 1
53 52 0.5 1
35 46 0.5 1
88 27 0.5 2
88 28 0.5 2
71 98 0.5 3
70 99 0.5 3
70 98 0.5 3
8 38 0.5 2
9 38 0.5 2
16 91 0.5 1
77 90 0.5 3
77 91 0.5 3
78 91 0.5 3
30 69 0.5 2
30 68 0.5 2
35 82 0.5 1
85 53 0.5 1
88 22 0.5 1
29 34 0.5 1
9 75 0.5 1
75 96 0.5 1
92 87 0.5 1
6 39 0.5 1
0 25 0.5 1
72 22 0.5 1
13 10 0.5 1
8 51 0.5 1
44 40 0.5 1
27 21 0.5 1
89 32 0.5 2
88 32 0.5 2
92 46 0.5 1
