34 19 0.5 9
34 17 0.5 9
34 18 0.5 9
34 16 0.5 9
33 16 0.5 9
34 12 0.5 9
34 14 0.5 9
34 13 0.5 9
34 15 0.5 9
80 20 0.5 13
80 19 0.5 13
79 20 0.5 13
81 19 0.5 13
82 19 0.5 13
81 18 0.5 13
82 18 0.5 13
84 17 0.5 13
83 18 0.5 13
83 17 0.5 13
84 18 0.5 13
85 18 0.5 13
85 17 0.5 13
59 14 0.5 3
61 14 0.5 3
60 14 0.5 3
40 43 0.5 7
39 43 0.5 7
38 43 0.5 7
39 44 0.5 7
39 45 0.5 7
39 46 0.5 7
40 44 0.5 7
98 67 0.5 4
98 66 0.5 4
98 65 0.5 4
97 65 0.5 4
89 5 0.5 3
88 5 0.5 3
88 6 0.5 3
30 87 0.5 13
30 86 0.5 13
30 85 0.5 13
31 85 0.5 13
31 87 0.5 13
30 83 0.5 13
31 83 0.5 13
31 84 0.5 13
29 83 0.5 13
33 87 0.5 13
32 87 0.5 13
33 88 0.5 13
33 89 0.5 13
44 19 0.5 15
44 18 0.5 15
45 18 0.5 15
45 16 0.5 15
46 16 0.5 15
44 17 0.5 15
44 16 0.5 15
44 15 0.5 15
47 16 0.5 15
42 15 0.5 15
43 15 0.5 15
45 13 0.5 15
46 15 0.5 15
46 14 0.5 15
45 14 0.5 15
71 50 0.5 11
70 50 0.5 11
71 51 0.5 11
72 50 0.5 11
70 49 0.5 11
69 49 0.5 11
68 49 0.5 11
68 48 0.5 11
71 49 0.5 11
71 52 0.5 11
70 52 0.5 11
53 24 0.5 7
53 23 0.5 7
52 25 0.5 7
53 25 0.5 7
53 26 0.5 7
53 27 0.5 7
52 23 0.5 7
30 41 0.5 8
30 42 0.5 8
30 40 0.5 8
27 42 0.5 8
28 42 0.5 8
29 42 0.5 8
29 43 0.5 8
27 41 0.5 8
65 35 0.5 9
66 35 0.5 9
64 35 0.5 9
64 34 0.5 9
66 33 0.5 9
66 34 0.5 9
66 32 0.5 9
65 32 0.5 9
66 31 0.5 9
52 5 0.5 19
52 6 0.5 19
52 8 0.5 19
52 7 0.5 19
51 8 0.5 19
53 6 0.5 19
53 7 0.5 19
53 8 0.5 19
51 4 0.5 19
51 5 0.5 19
48 10 0.5 19
47 10 0.5 19
49 9 0.5 19
48 9 0.5 19
50 9 0.5 19
50 8 0.5 19
48 8 0.5 19
48 7 0.5 19
50 10 0.5 19
49 56 0.5 2
49 57 0.5 2
1 9 0.5 5
99 9 0.5 5
0 9 0.5 5
99 10 0.5 5
99 8 0.5 5
22 58 0.5 8
22 59 0.5 8
21 58 0.5 8
20 60 0.5 8
20 58 0.5 8
20 59 0.5 8
21 60 0.5 8
22 60 0.5 8
80 41 0.5 2
80 40 0.5 2
12 14 0.5 9
12 15 0.5 9
11 16 0.5 9
12 16 0.5 9
11 15 0.5 9
10 15 0.5 9
11 14 0.5 9
10 14 0.5 9
11 13 0.5 9
91 15 0.5 10
92 15 0.5 10
91 16 0.5 10
91 14 0.5 10
89 13 0.5 10
89 14 0.5 10
90 17 0.5 10
90 15 0.5 10
90 16 0.5 10
90 14 0.5 10
82 98 0.5 7
83 98 0.5 7
83 97 0.5 7
83 96 0.5 7
84 96 0.5 7
84 99 0.5 7
84 98 0.5 7
42 71 0.5 23
42 75 0.5 23
41 74 0.5 23
42 74 0.5 23
40 75 0.5 23
40 74 0.5 23
40 73 0.5 23
42 73 0.5 23
42 72 0.5 23
43 76 0.5 23
43 75 0.5 23
44 75 0.5 23
43 68 0.5 23
43 69 0.5 23
43 70 0.5 23
43 71 0.5 23
45 71 0.5 23
44 71 0.5 23
40 70 0.5 23
40 69 0.5 23
42 69 0.5 23
42 70 0.5 23
41 69 0.5 23
20 93 0.5 11
19 93 0.5 11
21 93 0.5 11
21 92 0.5 11
21 91 0.5 11
21 89 0.5 11
21 90 0.5 11
23 90 0.5 11
22 90 0.5 11
24 90 0.5 11
25 90 0.5 11
79 33 0.5 16
80 33 0.5 16
78 33 0.5 16
81 33 0.5 16
80 32 0.5 16
81 32 0.5 16
81 31 0.5 16
82 31 0.5 16
81 30 0.5 16
77 29 0.5 16
77 30 0.5 16
77 31 0.5 16
76 29 0.5 16
78 30 0.5 16
79 30 0.5 16
80 30 0.5 16
83 9 0.5 8
82 9 0.5 8
80 9 0.5 8
79 9 0.5 8
81 9 0.5 8
82 10 0.5 8
80 10 0.5 8
81 10 0.5 8
55 33 0.5 4
54 33 0.5 4
54 34 0.5 4
55 34 0.5 4
22 76 0.5 7
23 76 0.5 7
23 74 0.5 7
23 75 0.5 7
22 74 0.5 7
21 76 0.5 7
21 75 0.5 7
51 65 0.5 10
51 66 0.5 10
51 67 0.5 10
51 64 0.5 10
52 64 0.5 10
50 65 0.5 10
53 64 0.5 10
53 63 0.5 10
53 62 0.5 10
51 63 0.5 10
53 92 0.5 6
53 93 0.5 6
53 94 0.5 6
52 94 0.5 6
52 91 0.5 6
53 91 0.5 6
32 57 0.5 21
33 57 0.5 21
31 57 0.5 21
31 56 0.5 21
30 56 0.5 21
30 57 0.5 21
33 53 0.5 21
33 54 0.5 21
32 55 0.5 21
33 55 0.5 21
31 55 0.5 21
31 53 0.5 21
31 52 0.5 21
32 53 0.5 21
31 51 0.5 21
32 51 0.5 21
31 54 0.5 21
33 59 0.5 21
31 58 0.5 21
32 58 0.5 21
33 58 0.5 21
3 12 0.5 12
4 12 0.5 12
4 11 0.5 12
5 12 0.5 12
5 16 0.5 12
5 15 0.5 12
5 14 0.5 12
5 13 0.5 12
7 15 0.5 12
7 16 0.5 12
6 16 0.5 12
5 11 0.5 12
39 25 0.5 12
39 24 0.5 12
39 23 0.5 12
38 23 0.5 12
40 23 0.5 12
39 22 0.5 12
38 22 0.5 12
40 24 0.5 12
40 25 0.5 12
41 25 0.5 12
42 25 0.5 12
40 26 0.5 12
91 85 0.5 6
90 85 0.5 6
90 84 0.5 6
90 83 0.5 6
91 84 0.5 6
90 82 0.5 6
99 13 0.5 1
21 5 0.5 4
22 6 0.5 4
23 6 0.5 4
21 6 0.5 4
22 50 0.5 16
19 50 0.5 16
19 51 0.5 16
22 51 0.5 16
21 51 0.5 16
20 51 0.5 16
18 51 0.5 16
20 50 0.5 16
22 53 0.5 16
21 52 0.5 16
21 53 0.5 16
22 52 0.5 16
23 52 0.5 16
24 52 0.5 16
23 53 0.5 16
24 53 0.5 16
98 30 0.5 5
99 30 0.5 5
97 30 0.5 5
97 31 0.5 5
96 30 0.5 5
67 2 0.5 8
66 1 0.5 8
67 1 0.5 8
67 3 0.5 8
66 3 0.5 8
65 4 0.5 8
65 3 0.5 8
64 4 0.5 8
37 8 0.5 3
38 7 0.5 3
38 8 0.5 3
78 61 0.5 27
77 61 0.5 27
78 64 0.5 27
78 63 0.5 27
78 62 0.5 27
82 66 0.5 27
81 66 0.5 27
80 66 0.5 27
80 67 0.5 27
79 67 0.5 27
82 68 0.5 27
83 67 0.5 27
82 67 0.5 27
83 66 0.5 27
79 65 0.5 27
80 65 0.5 27
78 65 0.5 27
79 66 0.5 27
81 65 0.5 27
81 64 0.5 27
83 69 0.5 27
84 69 0.5 27
83 68 0.5 27
87 69 0.5 27
85 69 0.5 27
86 69 0.5 27
84 66 0.5 27
25 4 0.5 17
25 3 0.5 17
28 96 0.5 17
28 97 0.5 17
28 98 0.5 17
28 99 0.5 17
28 0 0.5 17
27 0 0.5 17
26 0 0.5 17
26 1 0.5 17
26 2 0.5 17
26 3 0.5 17
28 1 0.5 17
28 94 0.5 17
29 93 0.5 17
29 94 0.5 17
28 95 0.5 17
62 69 0.5 13
61 69 0.5 13
61 68 0.5 13
63 69 0.5 13
63 70 0.5 13
63 68 0.5 13
61 67 0.5 13
64 68 0.5 13
65 68 0.5 13
62 70 0.5 13
61 70 0.5 13
61 72 0.5 13
61 71 0.5 13
99 25 0.5 6
99 24 0.5 6
99 23 0.5 6
0 25 0.5 6
98 23 0.5 6
98 24 0.5 6
94 53 0.5 15
93 53 0.5 15
92 53 0.5 15
92 54 0.5 15
93 54 0.5 15
94 55 0.5 15
94 54 0.5 15
94 56 0.5 15
95 56 0.5 15
93 58 0.5 15
92 58 0.5 15
94 58 0.5 15
95 58 0.5 15
94 57 0.5 15
91 58 0.5 15
94 90 0.5 13
95 90 0.5 13
93 90 0.5 13
97 90 0.5 13
98 90 0.5 13
99 90 0.5 13
98 89 0.5 13
96 90 0.5 13
98 88 0.5 13
96 91 0.5 13
96 92 0.5 13
96 93 0.5 13
97 93 0.5 13
96 69 0.5 11
95 69 0.5 11
95 68 0.5 11
96 71 0.5 11
96 70 0.5 11
96 72 0.5 11
97 71 0.5 11
97 72 0.5 11
97 73 0.5 11
95 70 0.5 11
95 71 0.5 11
76 69 0.5 2
77 69 0.5 2
15 83 0.5 20
14 83 0.5 20
15 84 0.5 20
15 82 0.5 20
15 85 0.5 20
12 83 0.5 20
13 83 0.5 20
15 87 0.5 20
15 88 0.5 20
15 89 0.5 20
14 89 0.5 20
15 86 0.5 20
14 90 0.5 20
13 84 0.5 20
10 84 0.5 20
11 84 0.5 20
12 84 0.5 20
9 85 0.5 20
10 85 0.5 20
10 86 0.5 20
41 63 0.5 4
40 63 0.5 4
41 62 0.5 4
42 62 0.5 4
95 40 0.5 11
96 40 0.5 11
97 40 0.5 11
96 41 0.5 11
95 41 0.5 11
94 40 0.5 11
98 40 0.5 11
97 39 0.5 11
97 38 0.5 11
97 37 0.5 11
97 36 0.5 11
95 88 0.5 1
60 26 0.5 6
61 26 0.5 6
60 29 0.5 6
61 29 0.5 6
61 27 0.5 6
61 28 0.5 6
0 1 0.5 2
1 1 0.5 2
22 15 0.5 5
23 15 0.5 5
22 16 0.5 5
21 16 0.5 5
21 17 0.5 5
22 94 0.5 6
19 95 0.5 6
22 95 0.5 6
20 95 0.5 6
21 95 0.5 6
22 96 0.5 6
75 76 0.5 3
74 76 0.5 3
75 75 0.5 3
21 81 0.5 9
21 79 0.5 9
21 80 0.5 9
23 80 0.5 9
22 80 0.5 9
23 81 0.5 9
23 82 0.5 9
24 82 0.5 9
25 82 0.5 9
71 79 0.5 10
71 80 0.5 10
72 80 0.5 10
71 81 0.5 10
75 80 0.5 10
74 79 0.5 10
75 79 0.5 10
73 80 0.5 10
74 80 0.5 10
76 80 0.5 10
30 59 0.5 4
31 60 0.5 4
30 60 0.5 4
31 61 0.5 4
86 40 0.5 16
84 39 0.5 16
83 39 0.5 16
85 40 0.5 16
85 39 0.5 16
84 38 0.5 16
85 38 0.5 16
87 40 0.5 16
85 41 0.5 16
84 41 0.5 16
83 41 0.5 16
83 42 0.5 16
82 42 0.5 16
86 41 0.5 16
86 38 0.5 16
86 37 0.5 16
39 29 0.5 8
38 29 0.5 8
39 28 0.5 8
37 29 0.5 8
37 28 0.5 8
38 30 0.5 8
36 30 0.5 8
36 29 0.5 8
78 54 0.5 12
77 54 0.5 12
77 53 0.5 12
79 50 0.5 12
80 50 0.5 12
76 51 0.5 12
77 51 0.5 12
77 50 0.5 12
77 49 0.5 12
78 50 0.5 12
77 52 0.5 12
75 51 0.5 12
57 82 0.5 13
57 81 0.5 13
58 82 0.5 13
58 83 0.5 13
58 80 0.5 13
58 81 0.5 13
60 79 0.5 13
59 80 0.5 13
60 80 0.5 13
59 83 0.5 13
57 84 0.5 13
57 83 0.5 13
56 84 0.5 13
83 27 0.5 2
83 26 0.5 2
84 61 0.5 3
82 61 0.5 3
83 61 0.5 3
57 55 0.5 14
57 54 0.5 14
57 53 0.5 14
56 53 0.5 14
56 52 0.5 14
56 51 0.5 14
59 57 0.5 14
60 59 0.5 14
60 58 0.5 14
59 58 0.5 14
58 56 0.5 14
59 56 0.5 14
57 57 0.5 14
57 56 0.5 14
78 75 0.5 3
78 74 0.5 3
79 74 0.5 3
72 60 0.5 8
73 60 0.5 8
71 60 0.5 8
71 61 0.5 8
71 59 0.5 8
71 62 0.5 8
70 62 0.5 8
70 61 0.5 8
58 86 0.5 2
58 85 0.5 2
38 79 0.5 2
38 80 0.5 2
46 34 0.5 14
46 35 0.5 14
46 36 0.5 14
46 33 0.5 14
45 32 0.5 14
45 33 0.5 14
44 32 0.5 14
43 33 0.5 14
43 32 0.5 14
43 34 0.5 14
43 35 0.5 14
42 34 0.5 14
41 34 0.5 14
46 37 0.5 14
72 14 0.5 11
73 14 0.5 11
72 15 0.5 11
72 16 0.5 11
72 17 0.5 11
74 13 0.5 11
74 14 0.5 11
73 13 0.5 11
75 12 0.5 11
76 13 0.5 11
75 13 0.5 11
65 98 0.5 1
84 85 0.5 7
83 85 0.5 7
84 84 0.5 7
85 83 0.5 7
84 83 0.5 7
82 85 0.5 7
85 82 0.5 7
42 2 0.5 6
41 0 0.5 6
41 99 0.5 6
42 1 0.5 6
42 0 0.5 6
42 99 0.5 6
27 14 0.5 4
27 13 0.5 4
28 15 0.5 4
28 14 0.5 4
52 71 0.5 6
53 71 0.5 6
52 72 0.5 6
51 71 0.5 6
54 71 0.5 6
52 73 0.5 6
88 91 0.5 1
13 68 0.5 7
13 69 0.5 7
14 69 0.5 7
14 70 0.5 7
14 67 0.5 7
14 68 0.5 7
13 67 0.5 7
66 16 0.5 5
66 17 0.5 5
66 18 0.5 5
66 19 0.5 5
65 19 0.5 5
92 75 0.5 3
93 75 0.5 3
93 76 0.5 3
39 10 0.5 5
40 10 0.5 5
39 11 0.5 5
40 11 0.5 5
39 12 0.5 5
73 40 0.5 2
73 41 0.5 2
54 18 0.5 5
54 19 0.5 5
55 19 0.5 5
56 19 0.5 5
55 18 0.5 5
88 67 0.5 11
89 65 0.5 11
89 66 0.5 11
88 66 0.5 11
89 68 0.5 11
90 68 0.5 11
89 67 0.5 11
91 68 0.5 11
92 68 0.5 11
91 69 0.5 11
92 69 0.5 11
50 43 0.5 2
50 44 0.5 2
1 45 0.5 8
0 44 0.5 8
0 43 0.5 8
0 45 0.5 8
0 42 0.5 8
99 43 0.5 8
98 44 0.5 8
99 44 0.5 8
29 20 0.5 1
85 77 0.5 7
86 77 0.5 7
86 78 0.5 7
87 76 0.5 7
87 77 0.5 7
85 78 0.5 7
85 79 0.5 7
66 23 0.5 10
65 23 0.5 10
66 24 0.5 10
71 25 0.5 10
70 25 0.5 10
69 25 0.5 10
67 25 0.5 10
66 25 0.5 10
68 25 0.5 10
72 25 0.5 10
37 70 0.5 19
37 72 0.5 19
37 73 0.5 19
37 71 0.5 19
36 73 0.5 19
36 70 0.5 19
35 67 0.5 19
35 68 0.5 19
36 68 0.5 19
35 70 0.5 19
35 71 0.5 19
35 69 0.5 19
35 73 0.5 19
37 75 0.5 19
36 75 0.5 19
35 75 0.5 19
34 74 0.5 19
34 75 0.5 19
34 73 0.5 19
22 3 0.5 1
7 20 0.5 1
35 4 0.5 2
35 5 0.5 2
31 10 0.5 6
31 9 0.5 6
31 8 0.5 6
31 7 0.5 6
31 5 0.5 6
31 6 0.5 6
38 0 0.5 3
38 1 0.5 3
39 1 0.5 3
61 51 0.5 2
60 51 0.5 2
47 51 0.5 2
47 50 0.5 2
64 78 0.5 4
65 78 0.5 4
65 79 0.5 4
63 78 0.5 4
55 38 0.5 6
54 38 0.5 6
53 38 0.5 6
53 39 0.5 6
52 38 0.5 6
52 39 0.5 6
15 34 0.5 7
14 34 0.5 7
14 32 0.5 7
13 32 0.5 7
14 33 0.5 7
12 32 0.5 7
13 33 0.5 7
57 1 0.5 11
58 0 0.5 11
57 0 0.5 11
56 0 0.5 11
59 0 0.5 11
59 2 0.5 11
58 1 0.5 11
59 1 0.5 11
61 2 0.5 11
60 3 0.5 11
60 2 0.5 11
3 65 0.5 3
2 65 0.5 3
3 64 0.5 3
44 90 0.5 9
44 91 0.5 9
45 90 0.5 9
45 89 0.5 9
45 91 0.5 9
44 89 0.5 9
44 92 0.5 9
47 91 0.5 9
46 91 0.5 9
60 10 0.5 2
59 10 0.5 2
45 59 0.5 4
44 59 0.5 4
46 58 0.5 4
46 59 0.5 4
11 71 0.5 4
9 71 0.5 4
10 71 0.5 4
8 71 0.5 4
23 26 0.5 20
23 25 0.5 20
22 25 0.5 20
20 24 0.5 20
21 23 0.5 20
21 24 0.5 20
22 24 0.5 20
22 23 0.5 20
22 22 0.5 20
23 20 0.5 20
24 20 0.5 20
22 20 0.5 20
21 20 0.5 20
20 20 0.5 20
23 21 0.5 20
20 21 0.5 20
19 21 0.5 20
22 21 0.5 20
21 21 0.5 20
24 19 0.5 20
70 88 0.5 5
71 88 0.5 5
72 87 0.5 5
73 87 0.5 5
71 87 0.5 5
26 50 0.5 4
27 50 0.5 4
26 51 0.5 4
26 49 0.5 4
65 87 0.5 3
65 86 0.5 3
66 87 0.5 3
22 68 0.5 1
97 98 0.5 3
96 98 0.5 3
98 98 0.5 3
5 3 0.5 3
7 3 0.5 3
6 3 0.5 3
5 59 0.5 7
4 59 0.5 7
3 57 0.5 7
3 58 0.5 7
4 58 0.5 7
5 58 0.5 7
4 57 0.5 7
54 14 0.5 3
55 14 0.5 3
54 15 0.5 3
6 29 0.5 6
5 29 0.5 6
4 29 0.5 6
4 30 0.5 6
5 30 0.5 6
5 31 0.5 6
60 96 0.5 2
60 97 0.5 2
42 52 0.5 1
4 84 0.5 1
48 81 0.5 2
49 81 0.5 2
81 0 0.5 1
63 6 0.5 1
55 21 0.5 2
56 21 0.5 2
3 94 0.5 4
3 93 0.5 4
4 93 0.5 4
4 94 0.5 4
90 1 0.5 4
88 2 0.5 4
88 1 0.5 4
89 1 0.5 4
52 79 0.5 1
68 7 0.5 3
69 7 0.5 3
67 7 0.5 3
10 10 0.5 1
3 33 0.5 1
59 38 0.5 6
57 38 0.5 6
58 38 0.5 6
58 36 0.5 6
59 36 0.5 6
59 37 0.5 6
89 51 0.5 1
49 48 0.5 2
49 49 0.5 2
7 90 0.5 1
39 31 0.5 1
51 19 0.5 2
51 20 0.5 2
25 46 0.5 5
25 47 0.5 5
24 45 0.5 5
25 45 0.5 5
23 45 0.5 5
3 51 0.5 5
2 51 0.5 5
1 51 0.5 5
3 52 0.5 5
4 52 0.5 5
8 61 0.5 3
8 62 0.5 3
8 63 0.5 3
93 8 0.5 1
6 76 0.5 2
7 76 0.5 2
87 99 0.5 4
87 98 0.5 4
86 99 0.5 4
86 0 0.5 4
16 44 0.5 4
16 43 0.5 4
16 42 0.5 4
15 42 0.5 4
80 76 0.5 4
80 75 0.5 4
80 77 0.5 4
81 77 0.5 4
14 98 0.5 1
4 41 0.5 1
69 68 0.5 1
62 63 0.5 1
9 95 0.5 1
30 26 0.5 3
31 26 0.5 3
30 27 0.5 3
21 67 0.5 1
67 44 0.5 1
56 42 0.5 2
56 41 0.5 2
33 33 0.5 3
35 33 0.5 3
34 33 0.5 3
84 91 0.5 1
38 35 0.5 1
39 87 0.5 1
17 32 0.5 2
18 32 0.5 2
40 50 0.5 3
40 49 0.5 3
40 48 0.5 3
0 5 0.5 1
96 51 0.5 1
63 74 0.5 5
64 74 0.5 5
62 73 0.5 5
62 74 0.5 5
61 74 0.5 5
23 64 0.5 1
88 94 0.5 1
90 19 0.5 1
78 94 0.5 1
44 4 0.5 2
44 3 0.5 2
65 58 0.5 1
20 41 0.5 1
71 13 0.5 1
5 77 0.5 1
11 6 0.5 1
61 91 0.5 1
53 52 0.5 1
36 46 0.5 1
87 27 0.5 2
87 28 0.5 2
71 97 0.5 3
70 98 0.5 3
70 97 0.5 3
9 38 0.5 2
10 38 0.5 2
16 92 0.5 1
77 89 0.5 3
77 90 0.5 3
78 90 0.5 3
30 68 0.5 2
30 67 0.5 2
35 83 0.5 1
86 53 0.5 1
88 23 0.5 1
29 35 0.5 1
9 74 0.5 1
76 96 0.5 1
92 88 0.5 1
5 39 0.5 1
71 22 0.5 1
12 10 0.5 1
8 50 0.5 1
45 40 0.5 1
28 21 0.5 1
90 32 0.5 2
89 32 0.5 2
92 45 0.5 1
