67 69 0.5 5
69 69 0.5 5
69 70 0.5 5
68 69 0.5 5
67 68 0.5 5
98 21 0.5 3
97 21 0.5 3
97 20 0.5 3
16 65 0.5 5
15 65 0.5 5
15 63 0.5 5
14 63 0.5 5
15 64 0.5 5
0 46 0.5 13
1 46 0.5 13
2 46 0.5 13
99 46 0.5 13
6 46 0.5 13
5 46 0.5 13
5 47 0.5 13
4 47 0.5 13
3 46 0.5 13
4 46 0.5 13
3 45 0.5 13
6 47 0.5 13
0 45 0.5 13
74 26 0.5 21
72 26 0.5 21
73 26 0.5 21
75 26 0.5 21
77 26 0.5 21
76 26 0.5 21
77 25 0.5 21
76 27 0.5 21
76 28 0.5 21
69 26 0.5 21
69 25 0.5 21
71 26 0.5 21
70 26 0.5 21
70 25 0.5 21
70 24 0.5 21
77 24 0.5 21
68 22 0.5 21
70 23 0.5 21
69 23 0.5 21
68 23 0.5 21
69 24 0.5 21
13 20 0.5 24
13 21 0.5 24
14 20 0.5 24
12 21 0.5 24
15 20 0.5 24
10 19 0.5 24
10 20 0.5 24
11 20 0.5 24
12 20 0.5 24
9 19 0.5 24
10 21 0.5 24
16 20 0.5 24
17 20 0.5 24
15 19 0.5 24
14 19 0.5 24
19 22 0.5 24
18 22 0.5 24
18 21 0.5 24
18 19 0.5 24
18 20 0.5 24
19 18 0.5 24
19 19 0.5 24
20 23 0.5 24
20 22 0.5 24
27 68 0.5 5
27 67 0.5 5
25 68 0.5 5
25 69 0.5 5
26 68 0.5 5
75 40 0.5 17
76 40 0.5 17
76 41 0.5 17
74 39 0.5 17
73 39 0.5 17
74 40 0.5 17
74 38 0.5 17
76 39 0.5 17
77 39 0.5 17
78 39 0.5 17
79 39 0.5 17
80 39 0.5 17
78 40 0.5 17
81 39 0.5 17
81 40 0.5 17
80 40 0.5 17
80 41 0.5 17
31 74 0.5 2
32 74 0.5 2
9 17 0.5 3
8 17 0.5 3
8 16 0.5 3
28 31 0.5 6
27 31 0.5 6
27 32 0.5 6
29 31 0.5 6
30 31 0.5 6
31 31 0.5 6
16 34 0.5 17
16 35 0.5 17
15 38 0.5 17
15 37 0.5 17
15 36 0.5 17
15 35 0.5 17
17 34 0.5 17
17 35 0.5 17
20 31 0.5 17
19 31 0.5 17
20 32 0.5 17
18 31 0.5 17
19 30 0.5 17
21 32 0.5 17
18 32 0.5 17
17 32 0.5 17
17 33 0.5 17
85 79 0.5 15
85 80 0.5 15
85 78 0.5 15
87 79 0.5 15
87 80 0.5 15
87 78 0.5 15
86 80 0.5 15
87 77 0.5 15
85 77 0.5 15
86 77 0.5 15
85 75 0.5 15
85 76 0.5 15
86 75 0.5 15
84 77 0.5 15
84 76 0.5 15
39 20 0.5 19
39 19 0.5 19
38 19 0.5 19
35 20 0.5 19
35 19 0.5 19
36 19 0.5 19
37 19 0.5 19
34 20 0.5 19
33 20 0.5 19
33 21 0.5 19
33 19 0.5 19
31 22 0.5 19
31 23 0.5 19
33 22 0.5 19
32 22 0.5 19
32 20 0.5 19
30 22 0.5 19
39 21 0.5 19
39 22 0.5 19
20 50 0.5 6
19 50 0.5 6
19 51 0.5 6
21 51 0.5 6
21 50 0.5 6
22 51 0.5 6
74 3 0.5 9
74 4 0.5 9
73 3 0.5 9
73 2 0.5 9
71 3 0.5 9
72 4 0.5 9
71 4 0.5 9
72 3 0.5 9
73 1 0.5 9
41 47 0.5 2
41 46 0.5 2
51 8 0.5 8
51 9 0.5 8
52 9 0.5 8
49 11 0.5 8
50 11 0.5 8
50 12 0.5 8
51 11 0.5 8
51 10 0.5 8
72 47 0.5 4
72 48 0.5 4
71 48 0.5 4
73 47 0.5 4
28 92 0.5 22
27 92 0.5 22
28 93 0.5 22
27 93 0.5 22
28 91 0.5 22
27 90 0.5 22
27 91 0.5 22
26 90 0.5 22
25 90 0.5 22
28 90 0.5 22
27 89 0.5 22
26 89 0.5 22
25 89 0.5 22
29 92 0.5 22
24 98 0.5 22
24 97 0.5 22
25 96 0.5 22
25 97 0.5 22
26 95 0.5 22
25 95 0.5 22
26 94 0.5 22
27 94 0.5 22
96 3 0.5 18
95 3 0.5 18
94 3 0.5 18
98 1 0.5 18
98 2 0.5 18
98 0 0.5 18
99 0 0.5 18
96 2 0.5 18
97 2 0.5 18
99 99 0.5 18
94 2 0.5 18
94 1 0.5 18
99 98 0.5 18
93 2 0.5 18
0 99 0.5 18
1 99 0.5 18
96 4 0.5 18
0 0 0.5 18
24 27 0.5 5
23 27 0.5 5
23 26 0.5 5
22 27 0.5 5
22 28 0.5 5
85 59 0.5 21
86 59 0.5 21
87 59 0.5 21
87 58 0.5 21
84 59 0.5 21
88 58 0.5 21
85 58 0.5 21
82 61 0.5 21
82 60 0.5 21
83 60 0.5 21
82 64 0.5 21
82 62 0.5 21
82 63 0.5 21
83 59 0.5 21
88 57 0.5 21
86 61 0.5 21
86 60 0.5 21
86 62 0.5 21
87 62 0.5 21
88 62 0.5 21
85 61 0.5 21
56 94 0.5 13
55 94 0.5 13
54 93 0.5 13
55 93 0.5 13
55 92 0.5 13
54 89 0.5 13
56 89 0.5 13
56 90 0.5 13
55 89 0.5 13
57 90 0.5 13
56 91 0.5 13
55 91 0.5 13
53 89 0.5 13
10 59 0.5 28
9 59 0.5 28
11 60 0.5 28
11 59 0.5 28
6 61 0.5 28
5 61 0.5 28
5 62 0.5 28
6 62 0.5 28
4 62 0.5 28
4 64 0.5 28
4 63 0.5 28
5 65 0.5 28
6 64 0.5 28
5 64 0.5 28
7 61 0.5 28
7 60 0.5 28
7 59 0.5 28
7 64 0.5 28
8 59 0.5 28
8 58 0.5 28
11 55 0.5 28
11 56 0.5 28
11 57 0.5 28
11 58 0.5 28
10 58 0.5 28
9 58 0.5 28
6 66 0.5 28
5 66 0.5 28
55 27 0.5 13
53 26 0.5 13
53 25 0.5 13
53 27 0.5 13
54 26 0.5 13
54 27 0.5 13
55 26 0.5 13
53 22 0.5 13
53 23 0.5 13
53 24 0.5 13
52 27 0.5 13
51 28 0.5 13
51 27 0.5 13
49 43 0.5 4
50 43 0.5 4
50 42 0.5 4
49 44 0.5 4
67 33 0.5 11
68 33 0.5 11
66 33 0.5 11
64 31 0.5 11
65 31 0.5 11
63 31 0.5 11
66 32 0.5 11
65 32 0.5 11
63 28 0.5 11
63 29 0.5 11
63 30 0.5 11
26 57 0.5 1
45 26 0.5 11
45 25 0.5 11
43 25 0.5 11
44 25 0.5 11
46 25 0.5 11
43 26 0.5 11
43 27 0.5 11
42 26 0.5 11
43 24 0.5 11
43 23 0.5 11
43 22 0.5 11
45 74 0.5 6
44 73 0.5 6
44 72 0.5 6
45 73 0.5 6
43 72 0.5 6
45 75 0.5 6
29 36 0.5 8
30 36 0.5 8
28 36 0.5 8
29 35 0.5 8
28 38 0.5 8
28 37 0.5 8
27 38 0.5 8
26 38 0.5 8
88 11 0.5 7
88 12 0.5 7
89 12 0.5 7
89 11 0.5 7
90 12 0.5 7
91 12 0.5 7
91 11 0.5 7
86 96 0.5 13
85 96 0.5 13
84 96 0.5 13
83 96 0.5 13
85 95 0.5 13
85 94 0.5 13
83 95 0.5 13
83 94 0.5 13
85 91 0.5 13
85 92 0.5 13
85 93 0.5 13
84 91 0.5 13
84 90 0.5 13
68 91 0.5 13
69 91 0.5 13
67 91 0.5 13
66 91 0.5 13
67 92 0.5 13
73 92 0.5 13
73 91 0.5 13
70 92 0.5 13
71 92 0.5 13
72 92 0.5 13
70 91 0.5 13
72 91 0.5 13
74 92 0.5 13
55 69 0.5 3
55 68 0.5 3
55 67 0.5 3
91 91 0.5 12
92 91 0.5 12
90 91 0.5 12
90 90 0.5 12
91 92 0.5 12
88 89 0.5 12
89 89 0.5 12
89 88 0.5 12
90 89 0.5 12
89 87 0.5 12
90 87 0.5 12
93 91 0.5 12
23 56 0.5 6
23 55 0.5 6
22 56 0.5 6
22 57 0.5 6
22 58 0.5 6
21 57 0.5 6
81 2 0.5 7
80 2 0.5 7
80 1 0.5 7
79 1 0.5 7
78 1 0.5 7
78 2 0.5 7
77 2 0.5 7
22 76 0.5 6
23 76 0.5 6
21 76 0.5 6
20 77 0.5 6
21 77 0.5 6
22 77 0.5 6
9 68 0.5 4
10 68 0.5 4
8 68 0.5 4
11 68 0.5 4
59 15 0.5 23
59 13 0.5 23
60 13 0.5 23
60 15 0.5 23
60 14 0.5 23
61 16 0.5 23
61 15 0.5 23
62 15 0.5 23
63 15 0.5 23
63 14 0.5 23
62 13 0.5 23
63 13 0.5 23
64 13 0.5 23
59 16 0.5 23
64 15 0.5 23
65 15 0.5 23
68 15 0.5 23
67 15 0.5 23
66 15 0.5 23
58 12 0.5 23
56 12 0.5 23
57 12 0.5 23
58 13 0.5 23
34 71 0.5 2
34 72 0.5 2
35 99 0.5 1
76 94 0.5 4
77 94 0.5 4
77 96 0.5 4
77 95 0.5 4
10 10 0.5 9
11 11 0.5 9
10 11 0.5 9
11 12 0.5 9
9 11 0.5 9
8 10 0.5 9
9 10 0.5 9
7 10 0.5 9
7 11 0.5 9
19 9 0.5 34
18 9 0.5 34
19 11 0.5 34
18 11 0.5 34
18 10 0.5 34
19 12 0.5 34
18 8 0.5 34
19 8 0.5 34
20 8 0.5 34
19 7 0.5 34
19 6 0.5 34
18 7 0.5 34
17 6 0.5 34
18 6 0.5 34
16 6 0.5 34
20 12 0.5 34
21 11 0.5 34
21 13 0.5 34
21 12 0.5 34
15 6 0.5 34
15 5 0.5 34
14 5 0.5 34
14 6 0.5 34
13 4 0.5 34
14 4 0.5 34
12 4 0.5 34
19 3 0.5 34
19 4 0.5 34
18 5 0.5 34
19 5 0.5 34
18 3 0.5 34
17 3 0.5 34
17 2 0.5 34
16 3 0.5 34
88 44 0.5 4
88 42 0.5 4
88 43 0.5 4
89 43 0.5 4
56 80 0.5 7
55 80 0.5 7
54 80 0.5 7
57 82 0.5 7
56 82 0.5 7
56 81 0.5 7
55 81 0.5 7
50 45 0.5 5
51 45 0.5 5
52 45 0.5 5
48 45 0.5 5
49 45 0.5 5
81 11 0.5 5
80 11 0.5 5
80 12 0.5 5
79 11 0.5 5
82 11 0.5 5
10 93 0.5 8
11 93 0.5 8
10 92 0.5 8
11 92 0.5 8
12 93 0.5 8
12 92 0.5 8
13 92 0.5 8
12 94 0.5 8
67 76 0.5 1
10 79 0.5 4
12 78 0.5 4
12 79 0.5 4
11 79 0.5 4
63 49 0.5 17
64 49 0.5 17
62 49 0.5 17
62 50 0.5 17
62 51 0.5 17
62 52 0.5 17
61 53 0.5 17
61 54 0.5 17
61 52 0.5 17
62 55 0.5 17
61 55 0.5 17
60 51 0.5 17
61 51 0.5 17
62 48 0.5 17
62 47 0.5 17
62 46 0.5 17
61 46 0.5 17
87 22 0.5 15
87 23 0.5 15
86 24 0.5 15
87 24 0.5 15
85 24 0.5 15
88 24 0.5 15
88 23 0.5 15
86 23 0.5 15
90 23 0.5 15
89 23 0.5 15
85 20 0.5 15
85 21 0.5 15
85 22 0.5 15
85 23 0.5 15
86 20 0.5 15
22 71 0.5 6
21 71 0.5 6
20 72 0.5 6
20 71 0.5 6
19 70 0.5 6
19 71 0.5 6
96 35 0.5 1
61 76 0.5 11
61 77 0.5 11
61 79 0.5 11
61 78 0.5 11
60 77 0.5 11
59 74 0.5 11
59 76 0.5 11
59 77 0.5 11
58 77 0.5 11
59 75 0.5 11
58 78 0.5 11
94 51 0.5 8
93 51 0.5 8
92 51 0.5 8
93 50 0.5 8
94 52 0.5 8
91 49 0.5 8
91 50 0.5 8
91 51 0.5 8
37 51 0.5 18
38 53 0.5 18
37 52 0.5 18
37 53 0.5 18
44 54 0.5 18
43 54 0.5 18
42 54 0.5 18
41 54 0.5 18
40 54 0.5 18
39 52 0.5 18
40 53 0.5 18
39 53 0.5 18
44 53 0.5 18
44 52 0.5 18
44 51 0.5 18
45 50 0.5 18
45 49 0.5 18
45 51 0.5 18
54 35 0.5 2
54 34 0.5 2
83 83 0.5 8
83 82 0.5 8
82 81 0.5 8
83 81 0.5 8
83 84 0.5 8
83 85 0.5 8
82 84 0.5 8
84 85 0.5 8
37 41 0.5 15
37 42 0.5 15
38 41 0.5 15
34 42 0.5 15
35 42 0.5 15
36 42 0.5 15
34 43 0.5 15
34 44 0.5 15
33 44 0.5 15
36 40 0.5 15
37 40 0.5 15
35 40 0.5 15
35 39 0.5 15
34 39 0.5 15
36 39 0.5 15
52 59 0.5 6
52 60 0.5 6
53 60 0.5 6
53 59 0.5 6
51 60 0.5 6
54 60 0.5 6
22 48 0.5 2
21 48 0.5 2
45 40 0.5 1
43 34 0.5 1
56 31 0.5 2
56 32 0.5 2
32 64 0.5 2
32 63 0.5 2
94 30 0.5 6
94 31 0.5 6
95 31 0.5 6
95 29 0.5 6
94 29 0.5 6
93 29 0.5 6
94 78 0.5 4
94 77 0.5 4
95 79 0.5 4
94 79 0.5 4
30 0 0.5 3
30 1 0.5 3
29 1 0.5 3
46 15 0.5 7
46 13 0.5 7
45 14 0.5 7
46 14 0.5 7
46 12 0.5 7
46 11 0.5 7
46 10 0.5 7
29 10 0.5 17
29 9 0.5 17
29 8 0.5 17
28 12 0.5 17
28 10 0.5 17
28 11 0.5 17
27 12 0.5 17
26 12 0.5 17
25 12 0.5 17
32 12 0.5 17
32 13 0.5 17
31 12 0.5 17
31 11 0.5 17
32 14 0.5 17
31 14 0.5 17
30 11 0.5 17
30 10 0.5 17
99 59 0.5 3
99 60 0.5 3
99 61 0.5 3
8 43 0.5 14
7 43 0.5 14
9 42 0.5 14
10 42 0.5 14
10 43 0.5 14
11 43 0.5 14
9 43 0.5 14
8 42 0.5 14
8 41 0.5 14
8 40 0.5 14
9 40 0.5 14
10 40 0.5 14
11 41 0.5 14
10 41 0.5 14
3 11 0.5 1
63 61 0.5 6
64 61 0.5 6
64 63 0.5 6
64 62 0.5 6
65 62 0.5 6
62 61 0.5 6
16 77 0.5 2
15 77 0.5 2
78 86 0.5 8
78 85 0.5 8
77 85 0.5 8
76 83 0.5 8
77 83 0.5 8
76 84 0.5 8
76 85 0.5 8
75 83 0.5 8
11 84 0.5 5
10 84 0.5 5
10 83 0.5 5
10 82 0.5 5
10 85 0.5 5
68 57 0.5 8
68 56 0.5 8
68 55 0.5 8
67 55 0.5 8
68 59 0.5 8
67 59 0.5 8
68 58 0.5 8
69 55 0.5 8
4 80 0.5 16
2 83 0.5 16
3 81 0.5 16
2 81 0.5 16
2 82 0.5 16
3 80 0.5 16
1 84 0.5 16
2 84 0.5 16
2 85 0.5 16
3 85 0.5 16
3 86 0.5 16
1 82 0.5 16
3 87 0.5 16
3 88 0.5 16
2 89 0.5 16
3 89 0.5 16
38 63 0.5 6
37 63 0.5 6
36 63 0.5 6
36 61 0.5 6
36 62 0.5 6
39 63 0.5 6
19 81 0.5 2
20 81 0.5 2
96 41 0.5 4
95 42 0.5 4
95 43 0.5 4
96 42 0.5 4
21 92 0.5 7
21 93 0.5 7
19 90 0.5 7
19 89 0.5 7
20 92 0.5 7
19 91 0.5 7
20 91 0.5 7
61 87 0.5 1
62 22 0.5 1
78 6 0.5 5
78 7 0.5 5
77 6 0.5 5
76 6 0.5 5
76 7 0.5 5
29 51 0.5 3
28 51 0.5 3
30 51 0.5 3
55 50 0.5 6
55 51 0.5 6
53 50 0.5 6
53 51 0.5 6
54 51 0.5 6
53 52 0.5 6
44 86 0.5 3
44 85 0.5 3
43 86 0.5 3
43 44 0.5 4
43 45 0.5 4
42 43 0.5 4
42 44 0.5 4
99 38 0.5 3
0 37 0.5 3
99 37 0.5 3
28 54 0.5 4
28 53 0.5 4
27 53 0.5 4
27 52 0.5 4
71 63 0.5 3
72 63 0.5 3
73 63 0.5 3
83 5 0.5 2
83 6 0.5 2
7 23 0.5 2
6 23 0.5 2
78 67 0.5 9
79 67 0.5 9
80 67 0.5 9
75 68 0.5 9
75 67 0.5 9
75 69 0.5 9
77 68 0.5 9
78 68 0.5 9
76 68 0.5 9
26 77 0.5 16
26 76 0.5 16
26 78 0.5 16
27 77 0.5 16
26 75 0.5 16
27 75 0.5 16
28 78 0.5 16
29 78 0.5 16
27 78 0.5 16
28 77 0.5 16
28 74 0.5 16
27 74 0.5 16
26 72 0.5 16
27 72 0.5 16
27 73 0.5 16
26 73 0.5 16
34 97 0.5 2
34 96 0.5 2
99 15 0.5 3
99 14 0.5 3
0 15 0.5 3
48 91 0.5 2
48 92 0.5 2
52 82 0.5 3
53 82 0.5 3
53 83 0.5 3
70 35 0.5 3
70 34 0.5 3
70 36 0.5 3
22 64 0.5 4
23 66 0.5 4
23 64 0.5 4
23 65 0.5 4
52 36 0.5 1
99 24 0.5 8
0 24 0.5 8
1 24 0.5 8
1 23 0.5 8
99 25 0.5 8
98 24 0.5 8
97 24 0.5 8
97 23 0.5 8
29 19 0.5 2
30 19 0.5 2
53 4 0.5 3
52 5 0.5 3
53 5 0.5 3
71 40 0.5 1
67 74 0.5 2
66 74 0.5 2
36 29 0.5 10
37 28 0.5 10
36 28 0.5 10
35 28 0.5 10
35 24 0.5 10
35 26 0.5 10
35 25 0.5 10
35 27 0.5 10
36 27 0.5 10
34 25 0.5 10
97 89 0.5 7
98 88 0.5 7
98 89 0.5 7
97 91 0.5 7
98 91 0.5 7
97 90 0.5 7
99 91 0.5 7
92 41 0.5 1
33 85 0.5 5
32 86 0.5 5
32 85 0.5 5
30 85 0.5 5
31 85 0.5 5
75 73 0.5 2
75 74 0.5 2
39 13 0.5 4
40 13 0.5 4
40 12 0.5 4
40 11 0.5 4
65 97 0.5 3
64 97 0.5 3
63 97 0.5 3
8 51 0.5 3
8 50 0.5 3
9 50 0.5 3
37 68 0.5 2
36 68 0.5 2
48 97 0.5 9
48 96 0.5 9
50 97 0.5 9
49 97 0.5 9
50 96 0.5 9
51 95 0.5 9
51 96 0.5 9
47 97 0.5 9
47 96 0.5 9
35 56 0.5 1
35 53 0.5 3
35 52 0.5 3
34 53 0.5 3
39 79 0.5 5
40 79 0.5 5
42 79 0.5 5
41 79 0.5 5
39 78 0.5 5
95 17 0.5 3
96 17 0.5 3
94 17 0.5 3
60 81 0.5 1
63 36 0.5 1
77 15 0.5 4
77 14 0.5 4
77 13 0.5 4
76 13 0.5 4
36 89 0.5 1
96 71 0.5 8
96 72 0.5 8
96 73 0.5 8
97 71 0.5 8
95 72 0.5 8
95 74 0.5 8
96 74 0.5 8
97 74 0.5 8
49 79 0.5 2
48 79 0.5 2
69 82 0.5 1
85 31 0.5 5
85 30 0.5 5
87 31 0.5 5
86 31 0.5 5
88 31 0.5 5
51 64 0.5 3
51 65 0.5 3
52 65 0.5 3
26 43 0.5 1
18 58 0.5 1
54 0 0.5 1
88 66 0.5 2
88 67 0.5 2
85 37 0.5 2
85 36 0.5 2
7 29 0.5 2
8 29 0.5 2
76 80 0.5 5
77 80 0.5 5
75 80 0.5 5
74 81 0.5 5
74 80 0.5 5
7 97 0.5 1
14 73 0.5 1
21 85 0.5 1
90 6 0.5 3
90 5 0.5 3
90 4 0.5 3
76 50 0.5 6
76 49 0.5 6
75 50 0.5 6
74 50 0.5 6
77 50 0.5 6
76 51 0.5 6
67 19 0.5 1
50 75 0.5 1
3 6 0.5 1
73 22 0.5 1
40 92 0.5 4
39 94 0.5 4
39 93 0.5 4
39 92 0.5 4
95 59 0.5 1
13 29 0.5 2
12 29 0.5 2
0 31 0.5 1
39 4 0.5 4
38 4 0.5 4
40 4 0.5 4
41 4 0.5 4
84 48 0.5 2
85 48 0.5 2
43 67 0.5 2
43 66 0.5 2
3 29 0.5 2
3 28 0.5 2
6 76 0.5 2
7 76 0.5 2
72 44 0.5 1
26 81 0.5 1
42 85 0.5 1
74 66 0.5 1
91 36 0.5 1
61 40 0.5 1
23 11 0.5 1
40 98 0.5 1
64 68 0.5 1
18 97 0.5 1
36 75 0.5 1
95 6 0.5 1
19 53 0.5 1
