67 68 0.5 5
69 68 0.5 5
69 69 0.5 5
68 68 0.5 5
67 67 0.5 5
99 21 0.5 3
98 21 0.5 3
98 20 0.5 3
16 66 0.5 5
15 66 0.5 5
15 64 0.5 5
14 64 0.5 5
15 65 0.5 5
1 46 0.5 13
2 46 0.5 13
3 46 0.5 13
0 46 0.5 13
7 46 0.5 13
6 46 0.5 13
6 47 0.5 13
5 47 0.5 13
4 46 0.5 13
5 46 0.5 13
4 45 0.5 13
7 47 0.5 13
1 45 0.5 13
74 25 0.5 21
72 25 0.5 21
73 25 0.5 21
75 25 0.5 21
77 25 0.5 21
76 25 0.5 21
77 24 0.5 21
76 26 0.5 21
76 27 0.5 21
69 25 0.5 21
69 24 0.5 21
71 25 0.5 21
70 25 0.5 21
70 24 0.5 21
70 23 0.5 21
77 23 0.5 21
68 21 0.5 21
70 22 0.5 21
69 22 0.5 21
68 22 0.5 21
69 23 0.5 21
12 20 0.5 27
12 21 0.5 27
13 20 0.5 27
11 21 0.5 27
14 20 0.5 27
9 19 0.5 27
9 20 0.5 27
10 20 0.5 27
11 20 0.5 27
8 19 0.5 27
9 21 0.5 27
15 20 0.5 27
16 20 0.5 27
14 19 0.5 27
13 19 0.5 27
18 22 0.5 27
17 22 0.5 27
17 21 0.5 27
17 19 0.5 27
17 20 0.5 27
18 18 0.5 27
18 19 0.5 27
19 23 0.5 27
19 22 0.5 27
9 18 0.5 27
8 18 0.5 27
8 17 0.5 27
27 69 0.5 5
27 68 0.5 5
25 69 0.5 5
25 70 0.5 5
26 69 0.5 5
75 41 0.5 17
76 41 0.5 17
76 42 0.5 17
74 40 0.5 17
73 40 0.5 17
74 41 0.5 17
74 39 0.5 17
76 40 0.5 17
77 40 0.5 17
78 40 0.5 17
79 40 0.5 17
80 40 0.5 17
78 41 0.5 17
81 40 0.5 17
81 41 0.5 17
80 41 0.5 17
80 42 0.5 17
32 74 0.5 2
33 74 0.5 2
28 31 0.5 6
27 31 0.5 6
27 32 0.5 6
29 31 0.5 6
30 31 0.5 6
31 31 0.5 6
17 34 0.5 17
17 35 0.5 17
16 38 0.5 17
16 37 0.5 17
16 36 0.5 17
16 35 0.5 17
18 34 0.5 17
18 35 0.5 17
21 31 0.5 17
20 31 0.5 17
21 32 0.5 17
19 31 0.5 17
20 30 0.5 17
22 32 0.5 17
19 32 0.5 17
18 32 0.5 17
18 33 0.5 17
85 80 0.5 15
85 81 0.5 15
85 79 0.5 15
87 80 0.5 15
87 81 0.5 15
87 79 0.5 15
86 81 0.5 15
87 78 0.5 15
85 78 0.5 15
86 78 0.5 15
85 76 0.5 15
85 77 0.5 15
86 76 0.5 15
84 78 0.5 15
84 77 0.5 15
39 19 0.5 19
39 18 0.5 19
38 18 0.5 19
35 19 0.5 19
35 18 0.5 19
36 18 0.5 19
37 18 0.5 19
34 19 0.5 19
33 19 0.5 19
33 20 0.5 19
33 18 0.5 19
31 21 0.5 19
31 22 0.5 19
33 21 0.5 19
32 21 0.5 19
32 19 0.5 19
30 21 0.5 19
39 20 0.5 19
39 21 0.5 19
19 50 0.5 6
18 50 0.5 6
18 51 0.5 6
20 51 0.5 6
20 50 0.5 6
21 51 0.5 6
75 3 0.5 9
75 4 0.5 9
74 3 0.5 9
74 2 0.5 9
72 3 0.5 9
73 4 0.5 9
72 4 0.5 9
73 3 0.5 9
74 1 0.5 9
42 47 0.5 2
42 46 0.5 2
51 9 0.5 8
51 10 0.5 8
52 10 0.5 8
49 12 0.5 8
50 12 0.5 8
50 13 0.5 8
51 12 0.5 8
51 11 0.5 8
73 47 0.5 4
73 48 0.5 4
72 48 0.5 4
74 47 0.5 4
29 92 0.5 22
28 92 0.5 22
29 93 0.5 22
28 93 0.5 22
29 91 0.5 22
28 90 0.5 22
28 91 0.5 22
27 90 0.5 22
26 90 0.5 22
29 90 0.5 22
28 89 0.5 22
27 89 0.5 22
26 89 0.5 22
30 92 0.5 22
25 98 0.5 22
25 97 0.5 22
26 96 0.5 22
26 97 0.5 22
27 95 0.5 22
26 95 0.5 22
27 94 0.5 22
28 94 0.5 22
95 3 0.5 18
94 3 0.5 18
93 3 0.5 18
97 1 0.5 18
97 2 0.5 18
97 0 0.5 18
98 0 0.5 18
95 2 0.5 18
96 2 0.5 18
98 99 0.5 18
93 2 0.5 18
93 1 0.5 18
98 98 0.5 18
92 2 0.5 18
99 99 0.5 18
0 99 0.5 18
95 4 0.5 18
99 0 0.5 18
24 26 0.5 5
23 26 0.5 5
23 25 0.5 5
22 26 0.5 5
22 27 0.5 5
85 58 0.5 21
86 58 0.5 21
87 58 0.5 21
87 57 0.5 21
84 58 0.5 21
88 57 0.5 21
85 57 0.5 21
82 60 0.5 21
82 59 0.5 21
83 59 0.5 21
82 63 0.5 21
82 61 0.5 21
82 62 0.5 21
83 58 0.5 21
88 56 0.5 21
86 60 0.5 21
86 59 0.5 21
86 61 0.5 21
87 61 0.5 21
88 61 0.5 21
85 60 0.5 21
57 94 0.5 13
56 94 0.5 13
55 93 0.5 13
56 93 0.5 13
56 92 0.5 13
55 89 0.5 13
57 89 0.5 13
57 90 0.5 13
56 89 0.5 13
58 90 0.5 13
57 91 0.5 13
56 91 0.5 13
54 89 0.5 13
10 58 0.5 28
9 58 0.5 28
11 59 0.5 28
11 58 0.5 28
6 60 0.5 28
5 60 0.5 28
5 61 0.5 28
6 61 0.5 28
4 61 0.5 28
4 63 0.5 28
4 62 0.5 28
5 64 0.5 28
6 63 0.5 28
5 63 0.5 28
7 60 0.5 28
7 59 0.5 28
7 58 0.5 28
7 63 0.5 28
8 58 0.5 28
8 57 0.5 28
11 54 0.5 28
11 55 0.5 28
11 56 0.5 28
11 57 0.5 28
10 57 0.5 28
9 57 0.5 28
6 65 0.5 28
5 65 0.5 28
55 26 0.5 13
53 25 0.5 13
53 24 0.5 13
53 26 0.5 13
54 25 0.5 13
54 26 0.5 13
55 25 0.5 13
53 21 0.5 13
53 22 0.5 13
53 23 0.5 13
52 26 0.5 13
51 27 0.5 13
51 26 0.5 13
50 43 0.5 9
51 43 0.5 9
51 42 0.5 9
50 44 0.5 9
50 45 0.5 9
51 45 0.5 9
52 45 0.5 9
48 45 0.5 9
49 45 0.5 9
66 33 0.5 11
67 33 0.5 11
65 33 0.5 11
63 31 0.5 11
64 31 0.5 11
62 31 0.5 11
65 32 0.5 11
64 32 0.5 11
62 28 0.5 11
62 29 0.5 11
62 30 0.5 11
26 58 0.5 1
45 25 0.5 11
45 24 0.5 11
43 24 0.5 11
44 24 0.5 11
46 24 0.5 11
43 25 0.5 11
43 26 0.5 11
42 25 0.5 11
43 23 0.5 11
43 22 0.5 11
43 21 0.5 11
46 74 0.5 6
45 73 0.5 6
45 72 0.5 6
46 73 0.5 6
44 72 0.5 6
46 75 0.5 6
29 35 0.5 8
30 35 0.5 8
28 35 0.5 8
29 34 0.5 8
28 37 0.5 8
28 36 0.5 8
27 37 0.5 8
26 37 0.5 8
88 12 0.5 7
88 13 0.5 7
89 13 0.5 7
89 12 0.5 7
90 13 0.5 7
91 13 0.5 7
91 12 0.5 7
86 97 0.5 13
85 97 0.5 13
84 97 0.5 13
83 97 0.5 13
85 96 0.5 13
85 95 0.5 13
83 96 0.5 13
83 95 0.5 13
85 92 0.5 13
85 93 0.5 13
85 94 0.5 13
84 92 0.5 13
84 91 0.5 13
68 92 0.5 13
69 92 0.5 13
67 92 0.5 13
66 92 0.5 13
67 93 0.5 13
73 93 0.5 13
73 92 0.5 13
70 93 0.5 13
71 93 0.5 13
72 93 0.5 13
70 92 0.5 13
72 92 0.5 13
74 93 0.5 13
54 69 0.5 3
54 68 0.5 3
54 67 0.5 3
90 91 0.5 12
91 91 0.5 12
89 91 0.5 12
89 90 0.5 12
90 92 0.5 12
87 89 0.5 12
88 89 0.5 12
88 88 0.5 12
89 89 0.5 12
88 87 0.5 12
89 87 0.5 12
92 91 0.5 12
23 57 0.5 6
23 56 0.5 6
22 57 0.5 6
22 58 0.5 6
22 59 0.5 6
21 58 0.5 6
81 1 0.5 7
80 1 0.5 7
80 0 0.5 7
79 0 0.5 7
78 0 0.5 7
78 1 0.5 7
77 1 0.5 7
21 76 0.5 6
22 76 0.5 6
20 76 0.5 6
19 77 0.5 6
20 77 0.5 6
21 77 0.5 6
9 69 0.5 4
10 69 0.5 4
8 69 0.5 4
11 69 0.5 4
59 16 0.5 23
59 14 0.5 23
60 14 0.5 23
60 16 0.5 23
60 15 0.5 23
61 17 0.5 23
61 16 0.5 23
62 16 0.5 23
63 16 0.5 23
63 15 0.5 23
62 14 0.5 23
63 14 0.5 23
64 14 0.5 23
59 17 0.5 23
64 16 0.5 23
65 16 0.5 23
68 16 0.5 23
67 16 0.5 23
66 16 0.5 23
58 13 0.5 23
56 13 0.5 23
57 13 0.5 23
58 14 0.5 23
34 72 0.5 2
34 73 0.5 2
35 0 0.5 1
76 95 0.5 4
77 95 0.5 4
77 97 0.5 4
77 96 0.5 4
10 9 0.5 9
11 10 0.5 9
10 10 0.5 9
11 11 0.5 9
9 10 0.5 9
8 9 0.5 9
9 9 0.5 9
7 9 0.5 9
7 10 0.5 9
19 8 0.5 34
18 8 0.5 34
19 10 0.5 34
18 10 0.5 34
18 9 0.5 34
19 11 0.5 34
18 7 0.5 34
19 7 0.5 34
20 7 0.5 34
19 6 0.5 34
19 5 0.5 34
18 6 0.5 34
17 5 0.5 34
18 5 0.5 34
16 5 0.5 34
20 11 0.5 34
21 10 0.5 34
21 12 0.5 34
21 11 0.5 34
15 5 0.5 34
15 4 0.5 34
14 4 0.5 34
14 5 0.5 34
13 3 0.5 34
14 3 0.5 34
12 3 0.5 34
19 2 0.5 34
19 3 0.5 34
18 4 0.5 34
19 4 0.5 34
18 2 0.5 34
17 2 0.5 34
17 1 0.5 34
16 2 0.5 34
87 44 0.5 4
87 42 0.5 4
87 43 0.5 4
88 43 0.5 4
56 81 0.5 7
55 81 0.5 7
54 81 0.5 7
57 83 0.5 7
56 83 0.5 7
56 82 0.5 7
55 82 0.5 7
81 10 0.5 5
80 10 0.5 5
80 11 0.5 5
79 10 0.5 5
82 10 0.5 5
10 94 0.5 8
11 94 0.5 8
10 93 0.5 8
11 93 0.5 8
12 94 0.5 8
12 93 0.5 8
13 93 0.5 8
12 95 0.5 8
66 76 0.5 1
10 78 0.5 4
12 77 0.5 4
12 78 0.5 4
11 78 0.5 4
63 48 0.5 17
64 48 0.5 17
62 48 0.5 17
62 49 0.5 17
62 50 0.5 17
62 51 0.5 17
61 52 0.5 17
61 53 0.5 17
61 51 0.5 17
62 54 0.5 17
61 54 0.5 17
60 50 0.5 17
61 50 0.5 17
62 47 0.5 17
62 46 0.5 17
62 45 0.5 17
61 45 0.5 17
87 23 0.5 15
87 24 0.5 15
86 25 0.5 15
87 25 0.5 15
85 25 0.5 15
88 25 0.5 15
88 24 0.5 15
86 24 0.5 15
90 24 0.5 15
89 24 0.5 15
85 21 0.5 15
85 22 0.5 15
85 23 0.5 15
85 24 0.5 15
86 21 0.5 15
22 72 0.5 6
21 72 0.5 6
20 73 0.5 6
20 72 0.5 6
19 71 0.5 6
19 72 0.5 6
96 34 0.5 1
60 76 0.5 11
60 77 0.5 11
60 79 0.5 11
60 78 0.5 11
59 77 0.5 11
58 74 0.5 11
58 76 0.5 11
58 77 0.5 11
57 77 0.5 11
58 75 0.5 11
57 78 0.5 11
94 50 0.5 8
93 50 0.5 8
92 50 0.5 8
93 49 0.5 8
94 51 0.5 8
91 48 0.5 8
91 49 0.5 8
91 50 0.5 8
38 51 0.5 18
39 53 0.5 18
38 52 0.5 18
38 53 0.5 18
45 54 0.5 18
44 54 0.5 18
43 54 0.5 18
42 54 0.5 18
41 54 0.5 18
40 52 0.5 18
41 53 0.5 18
40 53 0.5 18
45 53 0.5 18
45 52 0.5 18
45 51 0.5 18
46 50 0.5 18
46 49 0.5 18
46 51 0.5 18
53 35 0.5 2
53 34 0.5 2
82 83 0.5 8
82 82 0.5 8
81 81 0.5 8
82 81 0.5 8
82 84 0.5 8
82 85 0.5 8
81 84 0.5 8
83 85 0.5 8
37 42 0.5 15
37 43 0.5 15
38 42 0.5 15
34 43 0.5 15
35 43 0.5 15
36 43 0.5 15
34 44 0.5 15
34 45 0.5 15
33 45 0.5 15
36 41 0.5 15
37 41 0.5 15
35 41 0.5 15
35 40 0.5 15
34 40 0.5 15
36 40 0.5 15
52 60 0.5 6
52 61 0.5 6
53 61 0.5 6
53 60 0.5 6
51 61 0.5 6
54 61 0.5 6
22 47 0.5 2
21 47 0.5 2
44 40 0.5 1
44 34 0.5 1
56 32 0.5 2
56 33 0.5 2
32 65 0.5 2
32 64 0.5 2
94 29 0.5 6
94 30 0.5 6
95 30 0.5 6
95 28 0.5 6
94 28 0.5 6
93 28 0.5 6
94 77 0.5 4
94 76 0.5 4
95 78 0.5 4
94 78 0.5 4
29 0 0.5 3
29 1 0.5 3
28 1 0.5 3
45 15 0.5 7
45 13 0.5 7
44 14 0.5 7
45 14 0.5 7
45 12 0.5 7
45 11 0.5 7
45 10 0.5 7
29 9 0.5 17
29 8 0.5 17
29 7 0.5 17
28 11 0.5 17
28 9 0.5 17
28 10 0.5 17
27 11 0.5 17
26 11 0.5 17
25 11 0.5 17
32 11 0.5 17
32 12 0.5 17
31 11 0.5 17
31 10 0.5 17
32 13 0.5 17
31 13 0.5 17
30 10 0.5 17
30 9 0.5 17
0 59 0.5 3
0 60 0.5 3
0 61 0.5 3
7 43 0.5 14
6 43 0.5 14
8 42 0.5 14
9 42 0.5 14
9 43 0.5 14
10 43 0.5 14
8 43 0.5 14
7 42 0.5 14
7 41 0.5 14
7 40 0.5 14
8 40 0.5 14
9 40 0.5 14
10 41 0.5 14
9 41 0.5 14
2 11 0.5 1
62 61 0.5 6
63 61 0.5 6
63 63 0.5 6
63 62 0.5 6
64 62 0.5 6
61 61 0.5 6
17 77 0.5 2
16 77 0.5 2
77 86 0.5 8
77 85 0.5 8
76 85 0.5 8
75 83 0.5 8
76 83 0.5 8
75 84 0.5 8
75 85 0.5 8
74 83 0.5 8
11 83 0.5 5
10 83 0.5 5
10 82 0.5 5
10 81 0.5 5
10 84 0.5 5
68 56 0.5 8
68 55 0.5 8
68 54 0.5 8
67 54 0.5 8
68 58 0.5 8
67 58 0.5 8
68 57 0.5 8
69 54 0.5 8
4 81 0.5 16
2 84 0.5 16
3 82 0.5 16
2 82 0.5 16
2 83 0.5 16
3 81 0.5 16
1 85 0.5 16
2 85 0.5 16
2 86 0.5 16
3 86 0.5 16
3 87 0.5 16
1 83 0.5 16
3 88 0.5 16
3 89 0.5 16
2 90 0.5 16
3 90 0.5 16
39 63 0.5 6
38 63 0.5 6
37 63 0.5 6
37 61 0.5 6
37 62 0.5 6
40 63 0.5 6
18 81 0.5 2
19 81 0.5 2
96 42 0.5 4
95 43 0.5 4
95 44 0.5 4
96 43 0.5 4
20 92 0.5 7
20 93 0.5 7
18 90 0.5 7
18 89 0.5 7
19 92 0.5 7
18 91 0.5 7
19 91 0.5 7
61 88 0.5 1
62 23 0.5 1
77 6 0.5 5
77 7 0.5 5
76 6 0.5 5
75 6 0.5 5
75 7 0.5 5
29 52 0.5 7
28 52 0.5 7
30 52 0.5 7
28 54 0.5 7
28 53 0.5 7
27 53 0.5 7
27 52 0.5 7
54 50 0.5 6
54 51 0.5 6
52 50 0.5 6
52 51 0.5 6
53 51 0.5 6
52 52 0.5 6
43 86 0.5 4
43 85 0.5 4
42 86 0.5 4
42 85 0.5 4
43 43 0.5 4
43 44 0.5 4
42 42 0.5 4
42 43 0.5 4
0 38 0.5 3
1 37 0.5 3
0 37 0.5 3
71 62 0.5 3
72 62 0.5 3
73 62 0.5 3
83 6 0.5 2
83 7 0.5 2
6 23 0.5 2
5 23 0.5 2
78 66 0.5 10
79 66 0.5 10
80 66 0.5 10
75 67 0.5 10
75 66 0.5 10
75 68 0.5 10
77 67 0.5 10
78 67 0.5 10
76 67 0.5 10
74 66 0.5 10
26 76 0.5 16
26 75 0.5 16
26 77 0.5 16
27 76 0.5 16
26 74 0.5 16
27 74 0.5 16
28 77 0.5 16
29 77 0.5 16
27 77 0.5 16
28 76 0.5 16
28 73 0.5 16
27 73 0.5 16
26 71 0.5 16
27 71 0.5 16
27 72 0.5 16
26 72 0.5 16
34 98 0.5 2
34 97 0.5 2
0 15 0.5 3
0 14 0.5 3
1 15 0.5 3
47 91 0.5 2
47 92 0.5 2
52 83 0.5 3
53 83 0.5 3
53 84 0.5 3
70 36 0.5 3
70 35 0.5 3
70 37 0.5 3
21 64 0.5 4
22 66 0.5 4
22 64 0.5 4
22 65 0.5 4
52 37 0.5 1
98 24 0.5 8
99 24 0.5 8
0 24 0.5 8
0 23 0.5 8
98 25 0.5 8
97 24 0.5 8
96 24 0.5 8
96 23 0.5 8
29 18 0.5 2
30 18 0.5 2
53 3 0.5 3
52 4 0.5 3
53 4 0.5 3
71 41 0.5 1
68 74 0.5 2
67 74 0.5 2
36 28 0.5 10
37 27 0.5 10
36 27 0.5 10
35 27 0.5 10
35 23 0.5 10
35 25 0.5 10
35 24 0.5 10
35 26 0.5 10
36 26 0.5 10
34 24 0.5 10
97 88 0.5 7
98 87 0.5 7
98 88 0.5 7
97 90 0.5 7
98 90 0.5 7
97 89 0.5 7
99 90 0.5 7
92 40 0.5 1
32 85 0.5 5
31 86 0.5 5
31 85 0.5 5
29 85 0.5 5
30 85 0.5 5
75 74 0.5 2
75 75 0.5 2
38 13 0.5 4
39 13 0.5 4
39 12 0.5 4
39 11 0.5 4
65 98 0.5 3
64 98 0.5 3
63 98 0.5 3
8 50 0.5 3
8 49 0.5 3
9 49 0.5 3
36 68 0.5 2
35 68 0.5 2
47 97 0.5 9
47 96 0.5 9
49 97 0.5 9
48 97 0.5 9
49 96 0.5 9
50 95 0.5 9
50 96 0.5 9
46 97 0.5 9
46 96 0.5 9
35 57 0.5 1
35 52 0.5 3
35 51 0.5 3
34 52 0.5 3
39 78 0.5 5
40 78 0.5 5
42 78 0.5 5
41 78 0.5 5
39 77 0.5 5
95 16 0.5 3
96 16 0.5 3
94 16 0.5 3
61 81 0.5 1
64 36 0.5 1
77 14 0.5 4
77 13 0.5 4
77 12 0.5 4
76 12 0.5 4
37 89 0.5 1
95 71 0.5 8
95 72 0.5 8
95 73 0.5 8
96 71 0.5 8
94 72 0.5 8
94 74 0.5 8
95 74 0.5 8
96 74 0.5 8
50 79 0.5 2
49 79 0.5 2
68 82 0.5 1
85 30 0.5 5
85 29 0.5 5
87 30 0.5 5
86 30 0.5 5
88 30 0.5 5
51 63 0.5 3
51 64 0.5 3
52 64 0.5 3
26 42 0.5 1
17 58 0.5 1
54 99 0.5 1
88 67 0.5 2
88 68 0.5 2
85 38 0.5 2
85 37 0.5 2
7 30 0.5 2
8 30 0.5 2
76 79 0.5 5
77 79 0.5 5
75 79 0.5 5
74 80 0.5 5
74 79 0.5 5
7 96 0.5 1
15 73 0.5 1
20 85 0.5 1
91 6 0.5 3
91 5 0.5 3
91 4 0.5 3
76 49 0.5 6
76 48 0.5 6
75 49 0.5 6
74 49 0.5 6
77 49 0.5 6
76 50 0.5 6
67 20 0.5 1
50 74 0.5 1
3 7 0.5 1
73 21 0.5 1
40 91 0.5 4
39 93 0.5 4
39 92 0.5 4
39 91 0.5 4
95 60 0.5 1
12 29 0.5 2
11 29 0.5 2
1 31 0.5 1
39 3 0.5 4
38 3 0.5 4
40 3 0.5 4
41 3 0.5 4
84 49 0.5 2
85 49 0.5 2
43 68 0.5 2
43 67 0.5 2
3 30 0.5 2
3 29 0.5 2
7 76 0.5 2
8 76 0.5 2
73 44 0.5 1
25 81 0.5 1
90 36 0.5 1
61 39 0.5 1
23 10 0.5 1
40 97 0.5 1
64 69 0.5 1
19 97 0.5 1
36 74 0.5 1
94 6 0.5 1
19 54 0.5 1
