66 68 0.5 5
68 68 0.5 5
68 69 0.5 5
67 68 0.5 5
66 67 0.5 5
0 21 0.5 3
99 21 0.5 3
99 20 0.5 3
15 66 0.5 5
14 66 0.5 5
14 64 0.5 5
13 64 0.5 5
14 65 0.5 5
0 46 0.5 13
1 46 0.5 13
2 46 0.5 13
99 46 0.5 13
6 46 0.5 13
5 46 0.5 13
5 47 0.5 13
4 47 0.5 13
3 46 0.5 13
4 46 0.5 13
3 45 0.5 13
6 47 0.5 13
0 45 0.5 13
74 24 0.5 22
72 24 0.5 22
73 24 0.5 22
75 24 0.5 22
77 24 0.5 22
76 24 0.5 22
77 23 0.5 22
76 25 0.5 22
76 26 0.5 22
69 24 0.5 22
69 23 0.5 22
71 24 0.5 22
70 24 0.5 22
70 23 0.5 22
70 22 0.5 22
77 22 0.5 22
68 20 0.5 22
70 21 0.5 22
69 21 0.5 22
68 21 0.5 22
69 22 0.5 22
67 20 0.5 22
12 21 0.5 27
12 22 0.5 27
13 21 0.5 27
11 22 0.5 27
14 21 0.5 27
9 20 0.5 27
9 21 0.5 27
10 21 0.5 27
11 21 0.5 27
8 20 0.5 27
9 22 0.5 27
15 21 0.5 27
16 21 0.5 27
14 20 0.5 27
13 20 0.5 27
18 23 0.5 27
17 23 0.5 27
17 22 0.5 27
17 20 0.5 27
17 21 0.5 27
18 19 0.5 27
18 20 0.5 27
19 24 0.5 27
19 23 0.5 27
9 19 0.5 27
8 19 0.5 27
8 18 0.5 27
27 68 0.5 5
27 67 0.5 5
25 68 0.5 5
25 69 0.5 5
26 68 0.5 5
75 40 0.5 17
76 40 0.5 17
76 41 0.5 17
74 39 0.5 17
73 39 0.5 17
74 40 0.5 17
74 38 0.5 17
76 39 0.5 17
77 39 0.5 17
78 39 0.5 17
79 39 0.5 17
80 39 0.5 17
78 40 0.5 17
81 39 0.5 17
81 40 0.5 17
80 40 0.5 17
80 41 0.5 17
31 74 0.5 2
32 74 0.5 2
28 30 0.5 6
27 30 0.5 6
27 31 0.5 6
29 30 0.5 6
30 30 0.5 6
31 30 0.5 6
18 34 0.5 17
18 35 0.5 17
17 38 0.5 17
17 37 0.5 17
17 36 0.5 17
17 35 0.5 17
19 34 0.5 17
19 35 0.5 17
22 31 0.5 17
21 31 0.5 17
22 32 0.5 17
20 31 0.5 17
21 30 0.5 17
23 32 0.5 17
20 32 0.5 17
19 32 0.5 17
19 33 0.5 17
85 81 0.5 15
85 82 0.5 15
85 80 0.5 15
87 81 0.5 15
87 82 0.5 15
87 80 0.5 15
86 82 0.5 15
87 79 0.5 15
85 79 0.5 15
86 79 0.5 15
85 77 0.5 15
85 78 0.5 15
86 77 0.5 15
84 79 0.5 15
84 78 0.5 15
40 19 0.5 19
40 18 0.5 19
39 18 0.5 19
36 19 0.5 19
36 18 0.5 19
37 18 0.5 19
38 18 0.5 19
35 19 0.5 19
34 19 0.5 19
34 20 0.5 19
34 18 0.5 19
32 21 0.5 19
32 22 0.5 19
34 21 0.5 19
33 21 0.5 19
33 19 0.5 19
31 21 0.5 19
40 20 0.5 19
40 21 0.5 19
19 51 0.5 6
18 51 0.5 6
18 52 0.5 6
20 52 0.5 6
20 51 0.5 6
21 52 0.5 6
74 3 0.5 9
74 4 0.5 9
73 3 0.5 9
73 2 0.5 9
71 3 0.5 9
72 4 0.5 9
71 4 0.5 9
72 3 0.5 9
73 1 0.5 9
42 46 0.5 6
42 45 0.5 6
42 43 0.5 6
42 44 0.5 6
41 42 0.5 6
41 43 0.5 6
50 9 0.5 8
50 10 0.5 8
51 10 0.5 8
48 12 0.5 8
49 12 0.5 8
49 13 0.5 8
50 12 0.5 8
50 11 0.5 8
73 46 0.5 4
73 47 0.5 4
72 47 0.5 4
74 46 0.5 4
30 92 0.5 22
29 92 0.5 22
30 93 0.5 22
29 93 0.5 22
30 91 0.5 22
29 90 0.5 22
29 91 0.5 22
28 90 0.5 22
27 90 0.5 22
30 90 0.5 22
29 89 0.5 22
28 89 0.5 22
27 89 0.5 22
31 92 0.5 22
26 98 0.5 22
26 97 0.5 22
27 96 0.5 22
27 97 0.5 22
28 95 0.5 22
27 95 0.5 22
28 94 0.5 22
29 94 0.5 22
95 4 0.5 22
94 4 0.5 22
93 4 0.5 22
97 2 0.5 22
97 3 0.5 22
97 1 0.5 22
98 1 0.5 22
95 3 0.5 22
96 3 0.5 22
98 0 0.5 22
93 3 0.5 22
93 2 0.5 22
98 99 0.5 22
92 3 0.5 22
99 0 0.5 22
0 0 0.5 22
95 5 0.5 22
99 1 0.5 22
91 5 0.5 22
91 4 0.5 22
91 3 0.5 22
95 6 0.5 22
23 26 0.5 5
22 26 0.5 5
22 25 0.5 5
21 26 0.5 5
21 27 0.5 5
85 57 0.5 21
86 57 0.5 21
87 57 0.5 21
87 56 0.5 21
84 57 0.5 21
88 56 0.5 21
85 56 0.5 21
82 59 0.5 21
82 58 0.5 21
83 58 0.5 21
82 62 0.5 21
82 60 0.5 21
82 61 0.5 21
83 57 0.5 21
88 55 0.5 21
86 59 0.5 21
86 58 0.5 21
86 60 0.5 21
87 60 0.5 21
88 60 0.5 21
85 59 0.5 21
57 95 0.5 13
56 95 0.5 13
55 94 0.5 13
56 94 0.5 13
56 93 0.5 13
55 90 0.5 13
57 90 0.5 13
57 91 0.5 13
56 90 0.5 13
58 91 0.5 13
57 92 0.5 13
56 92 0.5 13
54 90 0.5 13
9 58 0.5 28
8 58 0.5 28
10 59 0.5 28
10 58 0.5 28
5 60 0.5 28
4 60 0.5 28
4 61 0.5 28
5 61 0.5 28
3 61 0.5 28
3 63 0.5 28
3 62 0.5 28
4 64 0.5 28
5 63 0.5 28
4 63 0.5 28
6 60 0.5 28
6 59 0.5 28
6 58 0.5 28
6 63 0.5 28
7 58 0.5 28
7 57 0.5 28
10 54 0.5 28
10 55 0.5 28
10 56 0.5 28
10 57 0.5 28
9 57 0.5 28
8 57 0.5 28
5 65 0.5 28
4 65 0.5 28
54 26 0.5 13
52 25 0.5 13
52 24 0.5 13
52 26 0.5 13
53 25 0.5 13
53 26 0.5 13
54 25 0.5 13
52 21 0.5 13
52 22 0.5 13
52 23 0.5 13
51 26 0.5 13
50 27 0.5 13
50 26 0.5 13
50 44 0.5 9
51 44 0.5 9
51 43 0.5 9
50 45 0.5 9
50 46 0.5 9
51 46 0.5 9
52 46 0.5 9
48 46 0.5 9
49 46 0.5 9
66 34 0.5 11
67 34 0.5 11
65 34 0.5 11
63 32 0.5 11
64 32 0.5 11
62 32 0.5 11
65 33 0.5 11
64 33 0.5 11
62 29 0.5 11
62 30 0.5 11
62 31 0.5 11
26 57 0.5 1
46 25 0.5 11
46 24 0.5 11
44 24 0.5 11
45 24 0.5 11
47 24 0.5 11
44 25 0.5 11
44 26 0.5 11
43 25 0.5 11
44 23 0.5 11
44 22 0.5 11
44 21 0.5 11
45 74 0.5 6
44 73 0.5 6
44 72 0.5 6
45 73 0.5 6
43 72 0.5 6
45 75 0.5 6
29 34 0.5 8
30 34 0.5 8
28 34 0.5 8
29 33 0.5 8
28 36 0.5 8
28 35 0.5 8
27 36 0.5 8
26 36 0.5 8
87 12 0.5 7
87 13 0.5 7
88 13 0.5 7
88 12 0.5 7
89 13 0.5 7
90 13 0.5 7
90 12 0.5 7
86 96 0.5 13
85 96 0.5 13
84 96 0.5 13
83 96 0.5 13
85 95 0.5 13
85 94 0.5 13
83 95 0.5 13
83 94 0.5 13
85 91 0.5 13
85 92 0.5 13
85 93 0.5 13
84 91 0.5 13
84 90 0.5 13
69 92 0.5 13
70 92 0.5 13
68 92 0.5 13
67 92 0.5 13
68 93 0.5 13
74 93 0.5 13
74 92 0.5 13
71 93 0.5 13
72 93 0.5 13
73 93 0.5 13
71 92 0.5 13
73 92 0.5 13
75 93 0.5 13
54 70 0.5 3
54 69 0.5 3
54 68 0.5 3
90 90 0.5 12
91 90 0.5 12
89 90 0.5 12
89 89 0.5 12
90 91 0.5 12
87 88 0.5 12
88 88 0.5 12
88 87 0.5 12
89 88 0.5 12
88 86 0.5 12
89 86 0.5 12
92 90 0.5 12
22 57 0.5 6
22 56 0.5 6
21 57 0.5 6
21 58 0.5 6
21 59 0.5 6
20 58 0.5 6
81 0 0.5 7
80 0 0.5 7
80 99 0.5 7
79 99 0.5 7
78 99 0.5 7
78 0 0.5 7
77 0 0.5 7
21 75 0.5 12
22 75 0.5 12
20 75 0.5 12
19 76 0.5 12
20 76 0.5 12
21 76 0.5 12
22 73 0.5 12
21 73 0.5 12
20 74 0.5 12
20 73 0.5 12
19 72 0.5 12
19 73 0.5 12
9 68 0.5 4
10 68 0.5 4
8 68 0.5 4
11 68 0.5 4
59 15 0.5 23
59 13 0.5 23
60 13 0.5 23
60 15 0.5 23
60 14 0.5 23
61 16 0.5 23
61 15 0.5 23
62 15 0.5 23
63 15 0.5 23
63 14 0.5 23
62 13 0.5 23
63 13 0.5 23
64 13 0.5 23
59 16 0.5 23
64 15 0.5 23
65 15 0.5 23
68 15 0.5 23
67 15 0.5 23
66 15 0.5 23
58 12 0.5 23
56 12 0.5 23
57 12 0.5 23
58 13 0.5 23
33 72 0.5 2
33 73 0.5 2
34 0 0.5 1
75 95 0.5 4
76 95 0.5 4
76 97 0.5 4
76 96 0.5 4
11 9 0.5 9
12 10 0.5 9
11 10 0.5 9
12 11 0.5 9
10 10 0.5 9
9 9 0.5 9
10 9 0.5 9
8 9 0.5 9
8 10 0.5 9
18 8 0.5 34
17 8 0.5 34
18 10 0.5 34
17 10 0.5 34
17 9 0.5 34
18 11 0.5 34
17 7 0.5 34
18 7 0.5 34
19 7 0.5 34
18 6 0.5 34
18 5 0.5 34
17 6 0.5 34
16 5 0.5 34
17 5 0.5 34
15 5 0.5 34
19 11 0.5 34
20 10 0.5 34
20 12 0.5 34
20 11 0.5 34
14 5 0.5 34
14 4 0.5 34
13 4 0.5 34
13 5 0.5 34
12 3 0.5 34
13 3 0.5 34
11 3 0.5 34
18 2 0.5 34
18 3 0.5 34
17 4 0.5 34
18 4 0.5 34
17 2 0.5 34
16 2 0.5 34
16 1 0.5 34
15 2 0.5 34
87 45 0.5 4
87 43 0.5 4
87 44 0.5 4
88 44 0.5 4
56 80 0.5 7
55 80 0.5 7
54 80 0.5 7
57 82 0.5 7
56 82 0.5 7
56 81 0.5 7
55 81 0.5 7
81 11 0.5 5
80 11 0.5 5
80 12 0.5 5
79 11 0.5 5
82 11 0.5 5
10 95 0.5 8
11 95 0.5 8
10 94 0.5 8
11 94 0.5 8
12 95 0.5 8
12 94 0.5 8
13 94 0.5 8
12 96 0.5 8
65 76 0.5 1
9 78 0.5 4
11 77 0.5 4
11 78 0.5 4
10 78 0.5 4
63 49 0.5 17
64 49 0.5 17
62 49 0.5 17
62 50 0.5 17
62 51 0.5 17
62 52 0.5 17
61 53 0.5 17
61 54 0.5 17
61 52 0.5 17
62 55 0.5 17
61 55 0.5 17
60 51 0.5 17
61 51 0.5 17
62 48 0.5 17
62 47 0.5 17
62 46 0.5 17
61 46 0.5 17
88 23 0.5 15
88 24 0.5 15
87 25 0.5 15
88 25 0.5 15
86 25 0.5 15
89 25 0.5 15
89 24 0.5 15
87 24 0.5 15
91 24 0.5 15
90 24 0.5 15
86 21 0.5 15
86 22 0.5 15
86 23 0.5 15
86 24 0.5 15
87 21 0.5 15
96 34 0.5 1
60 75 0.5 11
60 76 0.5 11
60 78 0.5 11
60 77 0.5 11
59 76 0.5 11
58 73 0.5 11
58 75 0.5 11
58 76 0.5 11
57 76 0.5 11
58 74 0.5 11
57 77 0.5 11
93 50 0.5 8
92 50 0.5 8
91 50 0.5 8
92 49 0.5 8
93 51 0.5 8
90 48 0.5 8
90 49 0.5 8
90 50 0.5 8
38 52 0.5 18
39 54 0.5 18
38 53 0.5 18
38 54 0.5 18
45 55 0.5 18
44 55 0.5 18
43 55 0.5 18
42 55 0.5 18
41 55 0.5 18
40 53 0.5 18
41 54 0.5 18
40 54 0.5 18
45 54 0.5 18
45 53 0.5 18
45 52 0.5 18
46 51 0.5 18
46 50 0.5 18
46 52 0.5 18
53 34 0.5 2
53 33 0.5 2
82 82 0.5 8
82 81 0.5 8
81 80 0.5 8
82 80 0.5 8
82 83 0.5 8
82 84 0.5 8
81 83 0.5 8
83 84 0.5 8
37 41 0.5 15
37 42 0.5 15
38 41 0.5 15
34 42 0.5 15
35 42 0.5 15
36 42 0.5 15
34 43 0.5 15
34 44 0.5 15
33 44 0.5 15
36 40 0.5 15
37 40 0.5 15
35 40 0.5 15
35 39 0.5 15
34 39 0.5 15
36 39 0.5 15
51 60 0.5 6
51 61 0.5 6
52 61 0.5 6
52 60 0.5 6
50 61 0.5 6
53 61 0.5 6
21 47 0.5 2
20 47 0.5 2
44 41 0.5 1
43 34 0.5 1
56 31 0.5 2
56 32 0.5 2
31 65 0.5 2
31 64 0.5 2
93 29 0.5 6
93 30 0.5 6
94 30 0.5 6
94 28 0.5 6
93 28 0.5 6
92 28 0.5 6
94 78 0.5 4
94 77 0.5 4
95 79 0.5 4
94 79 0.5 4
29 1 0.5 3
29 2 0.5 3
28 2 0.5 3
45 16 0.5 7
45 14 0.5 7
44 15 0.5 7
45 15 0.5 7
45 13 0.5 7
45 12 0.5 7
45 11 0.5 7
28 9 0.5 18
28 8 0.5 18
28 7 0.5 18
27 11 0.5 18
27 9 0.5 18
27 10 0.5 18
26 11 0.5 18
25 11 0.5 18
24 11 0.5 18
31 11 0.5 18
31 12 0.5 18
30 11 0.5 18
30 10 0.5 18
31 13 0.5 18
30 13 0.5 18
29 10 0.5 18
29 9 0.5 18
24 10 0.5 18
0 60 0.5 3
0 61 0.5 3
0 62 0.5 3
7 42 0.5 14
6 42 0.5 14
8 41 0.5 14
9 41 0.5 14
9 42 0.5 14
10 42 0.5 14
8 42 0.5 14
7 41 0.5 14
7 40 0.5 14
7 39 0.5 14
8 39 0.5 14
9 39 0.5 14
10 40 0.5 14
9 40 0.5 14
1 11 0.5 1
62 62 0.5 6
63 62 0.5 6
63 64 0.5 6
63 63 0.5 6
64 63 0.5 6
61 62 0.5 6
17 78 0.5 2
16 78 0.5 2
77 85 0.5 8
77 84 0.5 8
76 84 0.5 8
75 82 0.5 8
76 82 0.5 8
75 83 0.5 8
75 84 0.5 8
74 82 0.5 8
11 84 0.5 5
10 84 0.5 5
10 83 0.5 5
10 82 0.5 5
10 85 0.5 5
68 55 0.5 8
68 54 0.5 8
68 53 0.5 8
67 53 0.5 8
68 57 0.5 8
67 57 0.5 8
68 56 0.5 8
69 53 0.5 8
4 80 0.5 16
2 83 0.5 16
3 81 0.5 16
2 81 0.5 16
2 82 0.5 16
3 80 0.5 16
1 84 0.5 16
2 84 0.5 16
2 85 0.5 16
3 85 0.5 16
3 86 0.5 16
1 82 0.5 16
3 87 0.5 16
3 88 0.5 16
2 89 0.5 16
3 89 0.5 16
39 64 0.5 6
38 64 0.5 6
37 64 0.5 6
37 62 0.5 6
37 63 0.5 6
40 64 0.5 6
19 81 0.5 2
20 81 0.5 2
97 42 0.5 4
96 43 0.5 4
96 44 0.5 4
97 43 0.5 4
21 92 0.5 7
21 93 0.5 7
19 90 0.5 7
19 89 0.5 7
20 92 0.5 7
19 91 0.5 7
20 91 0.5 7
61 87 0.5 1
63 23 0.5 1
77 5 0.5 5
77 6 0.5 5
76 5 0.5 5
75 5 0.5 5
75 6 0.5 5
30 52 0.5 7
29 52 0.5 7
31 52 0.5 7
29 54 0.5 7
29 53 0.5 7
28 53 0.5 7
28 52 0.5 7
54 51 0.5 6
54 52 0.5 6
52 51 0.5 6
52 52 0.5 6
53 52 0.5 6
52 53 0.5 6
43 87 0.5 4
43 86 0.5 4
42 87 0.5 4
42 86 0.5 4
0 38 0.5 3
1 37 0.5 3
0 37 0.5 3
70 62 0.5 3
71 62 0.5 3
72 62 0.5 3
82 6 0.5 2
82 7 0.5 2
6 24 0.5 2
5 24 0.5 2
79 66 0.5 10
80 66 0.5 10
81 66 0.5 10
76 67 0.5 10
76 66 0.5 10
76 68 0.5 10
78 67 0.5 10
79 67 0.5 10
77 67 0.5 10
75 66 0.5 10
26 75 0.5 16
26 74 0.5 16
26 76 0.5 16
27 75 0.5 16
26 73 0.5 16
27 73 0.5 16
28 76 0.5 16
29 76 0.5 16
27 76 0.5 16
28 75 0.5 16
28 72 0.5 16
27 72 0.5 16
26 70 0.5 16
27 70 0.5 16
27 71 0.5 16
26 71 0.5 16
35 98 0.5 2
35 97 0.5 2
0 16 0.5 3
0 15 0.5 3
1 16 0.5 3
47 92 0.5 2
47 93 0.5 2
52 82 0.5 3
53 82 0.5 3
53 83 0.5 3
71 36 0.5 3
71 35 0.5 3
71 37 0.5 3
22 64 0.5 4
23 66 0.5 4
23 64 0.5 4
23 65 0.5 4
53 37 0.5 1
99 24 0.5 8
0 24 0.5 8
1 24 0.5 8
1 23 0.5 8
99 25 0.5 8
98 24 0.5 8
97 24 0.5 8
97 23 0.5 8
28 18 0.5 2
29 18 0.5 2
54 3 0.5 3
53 4 0.5 3
54 4 0.5 3
71 42 0.5 1
67 74 0.5 2
66 74 0.5 2
36 27 0.5 10
37 26 0.5 10
36 26 0.5 10
35 26 0.5 10
35 22 0.5 10
35 24 0.5 10
35 23 0.5 10
35 25 0.5 10
36 25 0.5 10
34 23 0.5 10
97 89 0.5 7
98 88 0.5 7
98 89 0.5 7
97 91 0.5 7
98 91 0.5 7
97 90 0.5 7
99 91 0.5 7
91 40 0.5 1
32 86 0.5 5
31 87 0.5 5
31 86 0.5 5
29 86 0.5 5
30 86 0.5 5
76 74 0.5 2
76 75 0.5 2
38 12 0.5 4
39 12 0.5 4
39 11 0.5 4
39 10 0.5 4
64 98 0.5 3
63 98 0.5 3
62 98 0.5 3
7 50 0.5 3
7 49 0.5 3
8 49 0.5 3
36 67 0.5 2
35 67 0.5 2
47 96 0.5 9
47 95 0.5 9
49 96 0.5 9
48 96 0.5 9
49 95 0.5 9
50 94 0.5 9
50 95 0.5 9
46 96 0.5 9
46 95 0.5 9
35 56 0.5 1
34 52 0.5 3
34 51 0.5 3
33 52 0.5 3
39 79 0.5 5
40 79 0.5 5
42 79 0.5 5
41 79 0.5 5
39 78 0.5 5
94 16 0.5 3
95 16 0.5 3
93 16 0.5 3
61 82 0.5 1
64 35 0.5 1
78 14 0.5 4
78 13 0.5 4
78 12 0.5 4
77 12 0.5 4
38 89 0.5 1
94 71 0.5 8
94 72 0.5 8
94 73 0.5 8
95 71 0.5 8
93 72 0.5 8
93 74 0.5 8
94 74 0.5 8
95 74 0.5 8
50 78 0.5 2
49 78 0.5 2
69 82 0.5 1
85 29 0.5 5
85 28 0.5 5
87 29 0.5 5
86 29 0.5 5
88 29 0.5 5
51 64 0.5 3
51 65 0.5 3
52 65 0.5 3
27 42 0.5 1
17 59 0.5 1
54 98 0.5 1
87 67 0.5 2
87 68 0.5 2
85 39 0.5 2
85 38 0.5 2
6 30 0.5 2
7 30 0.5 2
76 78 0.5 5
77 78 0.5 5
75 78 0.5 5
74 79 0.5 5
74 78 0.5 5
8 96 0.5 1
14 73 0.5 1
21 85 0.5 1
76 49 0.5 6
76 48 0.5 6
75 49 0.5 6
74 49 0.5 6
77 49 0.5 6
76 50 0.5 6
50 73 0.5 1
4 7 0.5 1
72 21 0.5 1
40 90 0.5 4
39 92 0.5 4
39 91 0.5 4
39 90 0.5 4
95 59 0.5 1
13 29 0.5 2
12 29 0.5 2
2 31 0.5 3
2 30 0.5 3
2 29 0.5 3
38 3 0.5 4
37 3 0.5 4
39 3 0.5 4
40 3 0.5 4
83 49 0.5 2
84 49 0.5 2
43 67 0.5 2
43 66 0.5 2
7 76 0.5 2
8 76 0.5 2
73 43 0.5 1
25 80 0.5 1
90 35 0.5 1
62 39 0.5 1
40 97 0.5 1
64 70 0.5 1
19 96 0.5 1
37 74 0.5 1
19 54 0.5 1
