33 22 0.5 3
33 20 0.5 3
33 21 0.5 3
78 20 0.5 2
78 19 0.5 2
61 12 0.5 1
41 38 0.5 4
40 38 0.5 4
39 38 0.5 4
40 39 0.5 4
99 62 0.5 3
99 61 0.5 3
99 60 0.5 3
93 9 0.5 1
30 87 0.5 4
30 86 0.5 4
30 85 0.5 4
31 85 0.5 4
44 23 0.5 3
44 22 0.5 3
45 22 0.5 3
72 47 0.5 4
71 47 0.5 4
72 48 0.5 4
73 47 0.5 4
97 59 0.5 1
54 28 0.5 2
54 27 0.5 2
33 40 0.5 3
33 41 0.5 3
33 39 0.5 3
66 38 0.5 6
67 38 0.5 6
65 38 0.5 6
65 37 0.5 6
67 36 0.5 6
67 37 0.5 6
53 4 0.5 5
53 5 0.5 5
53 7 0.5 5
53 6 0.5 5
52 7 0.5 5
51 58 0.5 1
6 8 0.5 4
4 8 0.5 4
5 8 0.5 4
4 9 0.5 4
19 63 0.5 2
19 64 0.5 2
79 42 0.5 2
79 41 0.5 2
13 15 0.5 2
13 16 0.5 2
96 16 0.5 2
97 16 0.5 2
78 94 0.5 2
79 94 0.5 2
48 75 0.5 1
18 91 0.5 5
17 91 0.5 5
19 91 0.5 5
19 90 0.5 5
19 89 0.5 5
77 37 0.5 3
78 37 0.5 3
76 37 0.5 3
83 7 0.5 2
82 7 0.5 2
59 31 0.5 1
24 74 0.5 2
25 74 0.5 2
51 65 0.5 6
51 66 0.5 6
51 67 0.5 6
51 64 0.5 6
52 64 0.5 6
50 65 0.5 6
52 93 0.5 4
52 94 0.5 4
52 95 0.5 4
51 95 0.5 4
38 57 0.5 6
39 57 0.5 6
37 57 0.5 6
37 56 0.5 6
36 56 0.5 6
36 57 0.5 6
49 10 0.5 2
48 10 0.5 2
20 87 0.5 2
20 88 0.5 2
1 14 0.5 3
2 14 0.5 3
2 13 0.5 3
39 27 0.5 5
39 26 0.5 5
39 25 0.5 5
38 25 0.5 5
40 25 0.5 5
33 54 0.5 3
33 53 0.5 3
34 54 0.5 3
39 52 0.5 5
39 53 0.5 5
38 54 0.5 5
39 54 0.5 5
37 54 0.5 5
87 87 0.5 4
86 87 0.5 4
86 86 0.5 4
86 85 0.5 4
2 7 0.5 1
51 29 0.5 2
52 29 0.5 2
4 15 0.5 1
97 10 0.5 1
43 78 0.5 6
42 77 0.5 6
43 77 0.5 6
41 78 0.5 6
41 77 0.5 6
41 76 0.5 6
11 22 0.5 3
12 22 0.5 3
11 21 0.5 3
22 4 0.5 1
18 46 0.5 7
15 46 0.5 7
15 47 0.5 7
18 47 0.5 7
17 47 0.5 7
16 47 0.5 7
14 47 0.5 7
96 30 0.5 1
73 4 0.5 3
72 3 0.5 3
73 3 0.5 3
37 10 0.5 1
47 81 0.5 3
47 80 0.5 3
48 80 0.5 3
34 16 0.5 2
33 16 0.5 2
78 56 0.5 2
77 56 0.5 2
19 8 0.5 3
20 8 0.5 3
18 8 0.5 3
28 9 0.5 1
60 65 0.5 7
59 65 0.5 7
59 64 0.5 7
61 65 0.5 7
61 66 0.5 7
61 64 0.5 7
59 63 0.5 7
1 23 0.5 2
1 22 0.5 2
93 48 0.5 4
92 48 0.5 4
91 48 0.5 4
91 49 0.5 4
94 88 0.5 9
95 88 0.5 9
93 88 0.5 9
97 88 0.5 9
98 88 0.5 9
99 88 0.5 9
98 87 0.5 9
96 88 0.5 9
98 86 0.5 9
54 31 0.5 2
54 32 0.5 2
95 68 0.5 2
94 68 0.5 2
76 67 0.5 2
77 67 0.5 2
13 62 0.5 3
13 60 0.5 3
13 61 0.5 3
95 90 0.5 2
95 91 0.5 2
17 78 0.5 5
16 78 0.5 5
17 79 0.5 5
17 77 0.5 5
17 80 0.5 5
41 67 0.5 2
40 67 0.5 2
56 5 0.5 3
56 6 0.5 3
56 7 0.5 3
92 40 0.5 6
93 40 0.5 6
94 40 0.5 6
93 41 0.5 6
92 41 0.5 6
91 40 0.5 6
94 85 0.5 1
61 29 0.5 1
3 98 0.5 1
22 11 0.5 2
23 11 0.5 2
23 97 0.5 1
72 77 0.5 3
71 77 0.5 3
72 76 0.5 3
22 78 0.5 1
69 81 0.5 2
69 82 0.5 2
27 56 0.5 1
86 38 0.5 1
81 33 0.5 2
81 32 0.5 2
8 82 0.5 1
35 27 0.5 6
34 27 0.5 6
35 26 0.5 6
33 27 0.5 6
33 26 0.5 6
34 28 0.5 6
38 15 0.5 2
39 15 0.5 2
80 51 0.5 3
79 51 0.5 3
79 50 0.5 3
73 6 0.5 1
77 61 0.5 2
77 60 0.5 2
56 80 0.5 2
56 79 0.5 2
83 25 0.5 2
83 24 0.5 2
93 50 0.5 1
79 47 0.5 8
80 47 0.5 8
76 48 0.5 8
77 48 0.5 8
77 47 0.5 8
77 46 0.5 8
78 47 0.5 8
77 49 0.5 8
85 60 0.5 1
59 51 0.5 3
59 50 0.5 3
59 49 0.5 3
69 1 0.5 2
69 0 0.5 2
78 75 0.5 3
78 74 0.5 3
79 74 0.5 3
73 59 0.5 1
58 92 0.5 1
92 12 0.5 2
92 13 0.5 2
82 22 0.5 3
83 22 0.5 3
82 21 0.5 3
37 78 0.5 1
50 32 0.5 6
50 33 0.5 6
50 34 0.5 6
50 31 0.5 6
49 30 0.5 6
49 31 0.5 6
72 14 0.5 5
73 14 0.5 5
72 15 0.5 5
72 16 0.5 5
72 17 0.5 5
71 98 0.5 1
76 11 0.5 1
80 86 0.5 3
79 86 0.5 3
80 85 0.5 3
43 1 0.5 1
27 18 0.5 4
27 17 0.5 4
28 19 0.5 4
28 18 0.5 4
32 96 0.5 1
13 82 0.5 2
13 83 0.5 2
4 85 0.5 6
5 85 0.5 6
6 85 0.5 6
3 86 0.5 6
4 86 0.5 6
4 87 0.5 6
32 31 0.5 2
32 30 0.5 2
74 10 0.5 2
74 11 0.5 2
17 58 0.5 1
87 16 0.5 1
52 71 0.5 4
53 71 0.5 4
52 72 0.5 4
51 71 0.5 4
62 30 0.5 2
63 30 0.5 2
89 94 0.5 1
12 71 0.5 2
12 72 0.5 2
50 5 0.5 2
50 4 0.5 2
82 94 0.5 2
82 93 0.5 2
66 16 0.5 1
69 44 0.5 4
68 44 0.5 4
67 44 0.5 4
67 43 0.5 4
91 77 0.5 1
21 48 0.5 1
42 10 0.5 4
43 10 0.5 4
42 11 0.5 4
43 11 0.5 4
72 37 0.5 2
72 38 0.5 2
57 25 0.5 4
57 26 0.5 4
58 26 0.5 4
59 26 0.5 4
88 61 0.5 1
14 71 0.5 2
14 72 0.5 2
49 43 0.5 2
49 44 0.5 2
55 64 0.5 3
55 63 0.5 3
55 62 0.5 3
4 45 0.5 1
29 20 0.5 1
92 19 0.5 4
92 17 0.5 4
92 18 0.5 4
92 16 0.5 4
33 63 0.5 1
86 78 0.5 5
87 78 0.5 5
87 79 0.5 5
88 77 0.5 5
88 78 0.5 5
67 22 0.5 3
66 22 0.5 3
67 23 0.5 3
41 70 0.5 6
41 72 0.5 6
41 73 0.5 6
41 71 0.5 6
40 73 0.5 6
40 70 0.5 6
19 2 0.5 1
55 47 0.5 2
55 46 0.5 2
15 66 0.5 1
10 25 0.5 1
35 4 0.5 1
31 16 0.5 4
31 15 0.5 4
31 14 0.5 4
31 13 0.5 4
36 98 0.5 3
36 99 0.5 3
37 99 0.5 3
63 49 0.5 2
62 49 0.5 2
46 30 0.5 4
45 31 0.5 4
45 30 0.5 4
45 32 0.5 4
47 48 0.5 1
91 34 0.5 1
28 94 0.5 1
65 78 0.5 1
69 55 0.5 2
69 56 0.5 2
28 39 0.5 4
29 39 0.5 4
30 39 0.5 4
30 40 0.5 4
56 36 0.5 3
55 36 0.5 3
54 36 0.5 3
43 19 0.5 4
44 19 0.5 4
42 20 0.5 4
42 19 0.5 4
15 62 0.5 2
16 62 0.5 2
13 36 0.5 1
30 62 0.5 1
55 96 0.5 4
56 95 0.5 4
55 95 0.5 4
54 95 0.5 4
82 67 0.5 8
81 67 0.5 8
80 67 0.5 8
80 68 0.5 8
79 68 0.5 8
82 69 0.5 8
83 68 0.5 8
82 68 0.5 8
1 67 0.5 2
0 67 0.5 2
46 88 0.5 2
46 89 0.5 2
38 90 0.5 2
37 90 0.5 2
61 8 0.5 1
46 60 0.5 2
45 60 0.5 2
10 66 0.5 1
82 60 0.5 1
27 28 0.5 1
69 93 0.5 2
70 93 0.5 2
32 86 0.5 1
29 52 0.5 3
30 52 0.5 3
29 53 0.5 3
22 17 0.5 5
23 17 0.5 5
21 17 0.5 5
20 17 0.5 5
19 17 0.5 5
86 43 0.5 6
85 43 0.5 6
84 43 0.5 6
84 44 0.5 6
83 44 0.5 6
87 43 0.5 6
58 57 0.5 1
21 83 0.5 3
21 84 0.5 3
22 84 0.5 3
44 76 0.5 2
44 75 0.5 2
63 87 0.5 2
63 86 0.5 2
18 66 0.5 1
36 74 0.5 1
47 65 0.5 2
47 66 0.5 2
97 99 0.5 2
96 99 0.5 2
67 30 0.5 1
23 88 0.5 2
22 88 0.5 2
62 71 0.5 1
26 71 0.5 2
26 72 0.5 2
41 35 0.5 1
15 82 0.5 1
46 9 0.5 1
0 45 0.5 4
0 44 0.5 4
0 46 0.5 4
0 43 0.5 4
4 2 0.5 1
22 27 0.5 1
52 9 0.5 2
51 9 0.5 2
54 86 0.5 3
54 85 0.5 3
53 86 0.5 3
77 80 0.5 3
76 79 0.5 3
77 79 0.5 3
28 25 0.5 1
94 55 0.5 5
93 55 0.5 5
95 55 0.5 5
96 55 0.5 5
95 54 0.5 5
45 92 0.5 1
50 14 0.5 1
58 32 0.5 1
6 59 0.5 1
75 28 0.5 3
75 29 0.5 3
75 30 0.5 3
96 50 0.5 4
96 49 0.5 4
96 51 0.5 4
97 51 0.5 4
72 25 0.5 6
71 25 0.5 6
70 25 0.5 6
68 25 0.5 6
67 25 0.5 6
69 25 0.5 6
50 16 0.5 2
51 16 0.5 2
6 25 0.5 3
5 25 0.5 3
4 25 0.5 3
18 94 0.5 1
66 2 0.5 1
24 51 0.5 3
25 51 0.5 3
26 51 0.5 3
79 26 0.5 1
96 24 0.5 2
96 25 0.5 2
91 63 0.5 4
92 63 0.5 4
91 62 0.5 4
93 63 0.5 4
10 11 0.5 1
50 59 0.5 1
34 9 0.5 4
34 11 0.5 4
34 10 0.5 4
34 12 0.5 4
22 37 0.5 1
21 72 0.5 2
21 71 0.5 2
8 18 0.5 3
8 19 0.5 3
7 19 0.5 3
68 79 0.5 2
68 80 0.5 2
22 98 0.5 1
64 28 0.5 2
64 29 0.5 2
79 92 0.5 2
79 91 0.5 2
60 69 0.5 2
59 69 0.5 2
77 14 0.5 1
62 93 0.5 2
62 94 0.5 2
47 16 0.5 2
47 15 0.5 2
5 31 0.5 1
62 99 0.5 1
43 25 0.5 4
43 26 0.5 4
44 26 0.5 4
45 26 0.5 4
40 8 0.5 1
65 83 0.5 1
99 99 0.5 1
32 98 0.5 9
32 99 0.5 9
32 0 0.5 9
32 1 0.5 9
31 1 0.5 9
30 1 0.5 9
30 2 0.5 9
30 3 0.5 9
30 4 0.5 9
2 54 0.5 1
78 64 0.5 4
79 64 0.5 4
77 64 0.5 4
78 65 0.5 4
84 71 0.5 3
85 71 0.5 3
84 70 0.5 3
41 52 0.5 1
67 34 0.5 1
61 59 0.5 3
61 58 0.5 3
60 58 0.5 3
0 87 0.5 1
52 91 0.5 2
53 91 0.5 2
48 84 0.5 2
49 84 0.5 2
97 41 0.5 1
17 27 0.5 1
82 99 0.5 1
36 77 0.5 3
35 77 0.5 3
34 77 0.5 3
64 7 0.5 1
49 90 0.5 3
49 89 0.5 3
49 91 0.5 3
53 24 0.5 2
54 24 0.5 2
24 76 0.5 4
24 77 0.5 4
26 77 0.5 4
25 77 0.5 4
31 75 0.5 2
31 76 0.5 2
99 69 0.5 1
63 63 0.5 1
4 94 0.5 2
4 93 0.5 2
84 18 0.5 2
84 17 0.5 2
70 49 0.5 2
69 49 0.5 2
38 92 0.5 1
91 97 0.5 1
23 14 0.5 1
83 29 0.5 1
27 44 0.5 1
51 77 0.5 1
94 29 0.5 1
86 65 0.5 1
27 5 0.5 1
19 13 0.5 1
69 9 0.5 2
70 9 0.5 2
6 1 0.5 1
11 89 0.5 1
18 19 0.5 4
17 19 0.5 4
20 19 0.5 4
19 19 0.5 4
41 44 0.5 1
13 7 0.5 1
78 59 0.5 1
24 91 0.5 1
12 35 0.5 1
11 85 0.5 2
10 85 0.5 2
3 35 0.5 1
39 97 0.5 4
39 96 0.5 4
40 98 0.5 4
40 97 0.5 4
82 89 0.5 1
32 60 0.5 2
33 60 0.5 2
63 46 0.5 1
97 71 0.5 2
97 70 0.5 2
83 32 0.5 1
72 56 0.5 1
89 49 0.5 1
27 60 0.5 2
26 60 0.5 2
13 28 0.5 1
50 50 0.5 2
50 51 0.5 2
90 55 0.5 1
97 29 0.5 1
88 4 0.5 1
37 66 0.5 3
37 67 0.5 3
38 67 0.5 3
20 23 0.5 3
20 24 0.5 3
21 24 0.5 3
48 68 0.5 4
48 69 0.5 4
50 69 0.5 4
49 69 0.5 4
2 89 0.5 1
45 72 0.5 5
45 71 0.5 5
47 71 0.5 5
47 72 0.5 5
46 71 0.5 5
61 38 0.5 2
62 38 0.5 2
94 38 0.5 2
94 37 0.5 2
39 32 0.5 1
53 75 0.5 1
86 20 0.5 3
87 20 0.5 3
87 19 0.5 3
2 72 0.5 2
2 73 0.5 2
77 7 0.5 2
76 7 0.5 2
50 21 0.5 1
25 44 0.5 5
25 45 0.5 5
24 43 0.5 5
25 43 0.5 5
23 43 0.5 5
6 48 0.5 1
92 71 0.5 2
92 72 0.5 2
10 60 0.5 1
70 60 0.5 3
69 60 0.5 3
69 59 0.5 3
96 5 0.5 1
90 58 0.5 3
90 59 0.5 3
89 59 0.5 3
72 89 0.5 3
73 89 0.5 3
71 89 0.5 3
5 77 0.5 1
95 65 0.5 1
88 98 0.5 3
88 97 0.5 3
87 98 0.5 3
4 4 0.5 2
3 4 0.5 2
10 46 0.5 1
22 23 0.5 2
22 22 0.5 2
47 96 0.5 1
50 26 0.5 1
51 1 0.5 1
31 56 0.5 1
83 65 0.5 1
13 79 0.5 2
14 79 0.5 2
58 80 0.5 2
58 81 0.5 2
52 39 0.5 1
49 22 0.5 1
86 75 0.5 2
86 74 0.5 2
19 40 0.5 1
57 55 0.5 2
58 55 0.5 2
13 96 0.5 1
35 52 0.5 2
36 52 0.5 2
3 37 0.5 1
84 83 0.5 1
92 75 0.5 1
72 63 0.5 1
64 55 0.5 1
82 78 0.5 1
97 20 0.5 1
12 93 0.5 1
30 28 0.5 2
31 28 0.5 2
34 81 0.5 3
35 81 0.5 3
35 82 0.5 3
60 95 0.5 1
79 6 0.5 1
84 10 0.5 1
75 15 0.5 1
2 27 0.5 2
3 27 0.5 2
63 26 0.5 1
41 62 0.5 2
42 62 0.5 2
8 63 0.5 2
8 64 0.5 2
63 14 0.5 2
62 14 0.5 2
85 35 0.5 6
84 35 0.5 6
86 36 0.5 6
86 35 0.5 6
85 34 0.5 6
86 34 0.5 6
22 68 0.5 1
41 14 0.5 1
80 37 0.5 1
68 40 0.5 1
45 15 0.5 1
82 16 0.5 1
19 96 0.5 2
20 96 0.5 2
54 43 0.5 1
24 0 0.5 1
31 7 0.5 2
31 8 0.5 2
82 3 0.5 1
62 77 0.5 1
19 50 0.5 2
19 51 0.5 2
26 82 0.5 1
59 44 0.5 2
60 44 0.5 2
90 73 0.5 2
91 73 0.5 2
82 63 0.5 2
82 62 0.5 2
4 47 0.5 1
56 90 0.5 1
28 36 0.5 1
82 56 0.5 1
46 5 0.5 2
46 4 0.5 2
96 72 0.5 1
43 94 0.5 1
76 24 0.5 1
98 91 0.5 1
46 47 0.5 1
98 43 0.5 1
91 2 0.5 1
88 90 0.5 1
94 75 0.5 1
75 49 0.5 1
42 37 0.5 1
57 34 0.5 2
58 34 0.5 2
64 18 0.5 2
64 19 0.5 2
57 61 0.5 2
57 60 0.5 2
80 29 0.5 1
14 31 0.5 1
36 70 0.5 2
36 71 0.5 2
38 88 0.5 1
38 29 0.5 1
90 37 0.5 1
2 57 0.5 4
2 58 0.5 4
3 58 0.5 4
4 58 0.5 4
60 79 0.5 2
61 79 0.5 2
8 52 0.5 2
9 52 0.5 2
23 19 0.5 1
17 32 0.5 2
18 32 0.5 2
92 27 0.5 1
29 91 0.5 2
29 92 0.5 2
68 52 0.5 1
43 50 0.5 2
43 49 0.5 2
3 64 0.5 1
73 9 0.5 1
97 6 0.5 1
29 61 0.5 1
65 64 0.5 1
89 70 0.5 1
95 31 0.5 1
98 49 0.5 1
65 70 0.5 1
68 77 0.5 2
69 77 0.5 2
23 62 0.5 1
70 84 0.5 1
92 67 0.5 1
91 94 0.5 1
8 78 0.5 1
50 61 0.5 1
60 5 0.5 2
60 4 0.5 2
81 83 0.5 2
80 83 0.5 2
75 87 0.5 1
37 46 0.5 2
37 47 0.5 2
90 17 0.5 1
4 50 0.5 1
67 87 0.5 1
15 40 0.5 1
47 19 0.5 1
59 0 0.5 1
3 22 0.5 2
3 21 0.5 2
13 69 0.5 1
79 98 0.5 1
6 91 0.5 1
31 73 0.5 1
35 69 0.5 1
64 22 0.5 1
27 95 0.5 1
41 5 0.5 2
41 4 0.5 2
29 29 0.5 1
66 61 0.5 1
39 23 0.5 1
94 3 0.5 1
55 99 0.5 2
56 99 0.5 2
23 40 0.5 1
67 11 0.5 1
67 73 0.5 3
67 74 0.5 3
66 74 0.5 3
2 80 0.5 1
45 83 0.5 1
11 4 0.5 1
33 5 0.5 1
54 2 0.5 1
34 33 0.5 1
43 89 0.5 1
40 79 0.5 1
58 88 0.5 1
38 34 0.5 1
67 6 0.5 1
13 66 0.5 1
24 71 0.5 1
79 34 0.5 1
97 47 0.5 2
98 47 0.5 2
88 69 0.5 2
89 69 0.5 2
54 51 0.5 1
80 10 0.5 2
81 10 0.5 2
98 15 0.5 1
34 47 0.5 1
89 29 0.5 2
89 30 0.5 2
72 44 0.5 1
72 93 0.5 1
6 41 0.5 2
7 41 0.5 2
71 6 0.5 1
67 96 0.5 2
67 95 0.5 2
15 93 0.5 1
2 62 0.5 1
35 6 0.5 1
50 40 0.5 1
74 80 0.5 2
75 80 0.5 2
61 21 0.5 1
77 88 0.5 3
77 89 0.5 3
78 89 0.5 3
24 53 0.5 2
25 53 0.5 2
10 17 0.5 1
16 15 0.5 2
16 16 0.5 2
68 21 0.5 1
32 67 0.5 2
32 66 0.5 2
79 78 0.5 1
10 9 0.5 1
96 18 0.5 1
7 71 0.5 1
36 21 0.5 1
81 25 0.5 1
38 81 0.5 1
7 15 0.5 1
50 37 0.5 1
75 83 0.5 1
44 34 0.5 1
82 50 0.5 1
89 86 0.5 1
90 22 0.5 1
62 40 0.5 1
96 36 0.5 2
96 35 0.5 2
71 85 0.5 1
11 30 0.5 1
32 36 0.5 1
59 13 0.5 1
29 81 0.5 1
11 74 0.5 1
74 94 0.5 1
90 88 0.5 1
55 71 0.5 1
7 35 0.5 1
51 43 0.5 1
31 91 0.5 1
16 44 0.5 1
74 25 0.5 1
7 24 0.5 1
13 42 0.5 1
92 10 0.5 1
71 20 0.5 1
15 9 0.5 1
58 77 0.5 2
58 78 0.5 2
14 51 0.5 1
45 40 0.5 1
7 67 0.5 2
8 67 0.5 2
9 13 0.5 1
82 75 0.5 1
73 27 0.5 1
43 46 0.5 1
95 95 0.5 1
44 54 0.5 2
44 55 0.5 2
64 36 0.5 1
2 19 0.5 2
2 18 0.5 2
43 40 0.5 1
90 80 0.5 1
8 92 0.5 1
25 93 0.5 1
85 78 0.5 1
38 8 0.5 1
25 26 0.5 1
90 10 0.5 1
9 29 0.5 1
92 32 0.5 1
55 50 0.5 1
31 32 0.5 1
89 35 0.5 1
10 33 0.5 1
41 17 0.5 1
53 17 0.5 1
60 84 0.5 1
91 45 0.5 1
92 30 0.5 1
