66 69 0.5 5
68 69 0.5 5
68 70 0.5 5
67 69 0.5 5
66 68 0.5 5
1 21 0.5 3
0 21 0.5 3
0 20 0.5 3
16 66 0.5 5
15 66 0.5 5
15 64 0.5 5
14 64 0.5 5
15 65 0.5 5
1 46 0.5 16
2 46 0.5 16
3 46 0.5 16
0 46 0.5 16
7 46 0.5 16
6 46 0.5 16
6 47 0.5 16
5 47 0.5 16
4 46 0.5 16
5 46 0.5 16
4 45 0.5 16
7 47 0.5 16
1 45 0.5 16
7 49 0.5 16
7 48 0.5 16
8 48 0.5 16
74 25 0.5 22
72 25 0.5 22
73 25 0.5 22
75 25 0.5 22
77 25 0.5 22
76 25 0.5 22
77 24 0.5 22
76 26 0.5 22
76 27 0.5 22
69 25 0.5 22
69 24 0.5 22
71 25 0.5 22
70 25 0.5 22
70 24 0.5 22
70 23 0.5 22
77 23 0.5 22
68 21 0.5 22
70 22 0.5 22
69 22 0.5 22
68 22 0.5 22
69 23 0.5 22
67 21 0.5 22
12 20 0.5 27
12 21 0.5 27
13 20 0.5 27
11 21 0.5 27
14 20 0.5 27
9 19 0.5 27
9 20 0.5 27
10 20 0.5 27
11 20 0.5 27
8 19 0.5 27
9 21 0.5 27
15 20 0.5 27
16 20 0.5 27
14 19 0.5 27
13 19 0.5 27
18 22 0.5 27
17 22 0.5 27
17 21 0.5 27
17 19 0.5 27
17 20 0.5 27
18 18 0.5 27
18 19 0.5 27
19 23 0.5 27
19 22 0.5 27
9 18 0.5 27
8 18 0.5 27
8 17 0.5 27
26 68 0.5 5
26 67 0.5 5
24 68 0.5 5
24 69 0.5 5
25 68 0.5 5
76 40 0.5 17
77 40 0.5 17
77 41 0.5 17
75 39 0.5 17
74 39 0.5 17
75 40 0.5 17
75 38 0.5 17
77 39 0.5 17
78 39 0.5 17
79 39 0.5 17
80 39 0.5 17
81 39 0.5 17
79 40 0.5 17
82 39 0.5 17
82 40 0.5 17
81 40 0.5 17
81 41 0.5 17
31 75 0.5 2
32 75 0.5 2
28 29 0.5 6
27 29 0.5 6
27 30 0.5 6
29 29 0.5 6
30 29 0.5 6
31 29 0.5 6
18 33 0.5 17
18 34 0.5 17
17 37 0.5 17
17 36 0.5 17
17 35 0.5 17
17 34 0.5 17
19 33 0.5 17
19 34 0.5 17
22 30 0.5 17
21 30 0.5 17
22 31 0.5 17
20 30 0.5 17
21 29 0.5 17
23 31 0.5 17
20 31 0.5 17
19 31 0.5 17
19 32 0.5 17
86 81 0.5 15
86 82 0.5 15
86 80 0.5 15
88 81 0.5 15
88 82 0.5 15
88 80 0.5 15
87 82 0.5 15
88 79 0.5 15
86 79 0.5 15
87 79 0.5 15
86 77 0.5 15
86 78 0.5 15
87 77 0.5 15
85 79 0.5 15
85 78 0.5 15
40 18 0.5 19
40 17 0.5 19
39 17 0.5 19
36 18 0.5 19
36 17 0.5 19
37 17 0.5 19
38 17 0.5 19
35 18 0.5 19
34 18 0.5 19
34 19 0.5 19
34 17 0.5 19
32 20 0.5 19
32 21 0.5 19
34 20 0.5 19
33 20 0.5 19
33 18 0.5 19
31 20 0.5 19
40 19 0.5 19
40 20 0.5 19
18 51 0.5 7
17 51 0.5 7
17 52 0.5 7
19 52 0.5 7
19 51 0.5 7
20 52 0.5 7
19 53 0.5 7
73 3 0.5 9
73 4 0.5 9
72 3 0.5 9
72 2 0.5 9
70 3 0.5 9
71 4 0.5 9
70 4 0.5 9
71 3 0.5 9
72 1 0.5 9
42 47 0.5 6
42 46 0.5 6
42 44 0.5 6
42 45 0.5 6
41 43 0.5 6
41 44 0.5 6
49 9 0.5 8
49 10 0.5 8
50 10 0.5 8
47 12 0.5 8
48 12 0.5 8
48 13 0.5 8
49 12 0.5 8
49 11 0.5 8
73 45 0.5 4
73 46 0.5 4
72 46 0.5 4
74 45 0.5 4
29 92 0.5 22
28 92 0.5 22
29 93 0.5 22
28 93 0.5 22
29 91 0.5 22
28 90 0.5 22
28 91 0.5 22
27 90 0.5 22
26 90 0.5 22
29 90 0.5 22
28 89 0.5 22
27 89 0.5 22
26 89 0.5 22
30 92 0.5 22
25 98 0.5 22
25 97 0.5 22
26 96 0.5 22
26 97 0.5 22
27 95 0.5 22
26 95 0.5 22
27 94 0.5 22
28 94 0.5 22
96 4 0.5 22
95 4 0.5 22
94 4 0.5 22
98 2 0.5 22
98 3 0.5 22
98 1 0.5 22
99 1 0.5 22
96 3 0.5 22
97 3 0.5 22
99 0 0.5 22
94 3 0.5 22
94 2 0.5 22
99 99 0.5 22
93 3 0.5 22
0 0 0.5 22
1 0 0.5 22
96 5 0.5 22
0 1 0.5 22
92 5 0.5 22
92 4 0.5 22
92 3 0.5 22
96 6 0.5 22
23 25 0.5 5
22 25 0.5 5
22 24 0.5 5
21 25 0.5 5
21 26 0.5 5
85 56 0.5 21
86 56 0.5 21
87 56 0.5 21
87 55 0.5 21
84 56 0.5 21
88 55 0.5 21
85 55 0.5 21
82 58 0.5 21
82 57 0.5 21
83 57 0.5 21
82 61 0.5 21
82 59 0.5 21
82 60 0.5 21
83 56 0.5 21
88 54 0.5 21
86 58 0.5 21
86 57 0.5 21
86 59 0.5 21
87 59 0.5 21
88 59 0.5 21
85 58 0.5 21
57 94 0.5 13
56 94 0.5 13
55 93 0.5 13
56 93 0.5 13
56 92 0.5 13
55 89 0.5 13
57 89 0.5 13
57 90 0.5 13
56 89 0.5 13
58 90 0.5 13
57 91 0.5 13
56 91 0.5 13
54 89 0.5 13
10 58 0.5 28
9 58 0.5 28
11 59 0.5 28
11 58 0.5 28
6 60 0.5 28
5 60 0.5 28
5 61 0.5 28
6 61 0.5 28
4 61 0.5 28
4 63 0.5 28
4 62 0.5 28
5 64 0.5 28
6 63 0.5 28
5 63 0.5 28
7 60 0.5 28
7 59 0.5 28
7 58 0.5 28
7 63 0.5 28
8 58 0.5 28
8 57 0.5 28
11 54 0.5 28
11 55 0.5 28
11 56 0.5 28
11 57 0.5 28
10 57 0.5 28
9 57 0.5 28
6 65 0.5 28
5 65 0.5 28
54 25 0.5 13
52 24 0.5 13
52 23 0.5 13
52 25 0.5 13
53 24 0.5 13
53 25 0.5 13
54 24 0.5 13
52 20 0.5 13
52 21 0.5 13
52 22 0.5 13
51 25 0.5 13
50 26 0.5 13
50 25 0.5 13
50 43 0.5 9
51 43 0.5 9
51 42 0.5 9
50 44 0.5 9
50 45 0.5 9
51 45 0.5 9
52 45 0.5 9
48 45 0.5 9
49 45 0.5 9
66 35 0.5 12
67 35 0.5 12
65 35 0.5 12
63 33 0.5 12
64 33 0.5 12
62 33 0.5 12
65 34 0.5 12
64 34 0.5 12
62 30 0.5 12
62 31 0.5 12
62 32 0.5 12
64 35 0.5 12
27 57 0.5 1
45 25 0.5 11
45 24 0.5 11
43 24 0.5 11
44 24 0.5 11
46 24 0.5 11
43 25 0.5 11
43 26 0.5 11
42 25 0.5 11
43 23 0.5 11
43 22 0.5 11
43 21 0.5 11
46 74 0.5 6
45 73 0.5 6
45 72 0.5 6
46 73 0.5 6
44 72 0.5 6
46 75 0.5 6
30 34 0.5 8
31 34 0.5 8
29 34 0.5 8
30 33 0.5 8
29 36 0.5 8
29 35 0.5 8
28 36 0.5 8
27 36 0.5 8
87 13 0.5 7
87 14 0.5 7
88 14 0.5 7
88 13 0.5 7
89 14 0.5 7
90 14 0.5 7
90 13 0.5 7
86 97 0.5 13
85 97 0.5 13
84 97 0.5 13
83 97 0.5 13
85 96 0.5 13
85 95 0.5 13
83 96 0.5 13
83 95 0.5 13
85 92 0.5 13
85 93 0.5 13
85 94 0.5 13
84 92 0.5 13
84 91 0.5 13
68 92 0.5 13
69 92 0.5 13
67 92 0.5 13
66 92 0.5 13
67 93 0.5 13
73 93 0.5 13
73 92 0.5 13
70 93 0.5 13
71 93 0.5 13
72 93 0.5 13
70 92 0.5 13
72 92 0.5 13
74 93 0.5 13
54 69 0.5 3
54 68 0.5 3
54 67 0.5 3
89 90 0.5 12
90 90 0.5 12
88 90 0.5 12
88 89 0.5 12
89 91 0.5 12
86 88 0.5 12
87 88 0.5 12
87 87 0.5 12
88 88 0.5 12
87 86 0.5 12
88 86 0.5 12
91 90 0.5 12
22 56 0.5 6
22 55 0.5 6
21 56 0.5 6
21 57 0.5 6
21 58 0.5 6
20 57 0.5 6
81 1 0.5 7
80 1 0.5 7
80 0 0.5 7
79 0 0.5 7
78 0 0.5 7
78 1 0.5 7
77 1 0.5 7
22 75 0.5 12
23 75 0.5 12
21 75 0.5 12
20 76 0.5 12
21 76 0.5 12
22 76 0.5 12
23 73 0.5 12
22 73 0.5 12
21 74 0.5 12
21 73 0.5 12
20 72 0.5 12
20 73 0.5 12
8 68 0.5 4
9 68 0.5 4
7 68 0.5 4
10 68 0.5 4
58 15 0.5 23
58 13 0.5 23
59 13 0.5 23
59 15 0.5 23
59 14 0.5 23
60 16 0.5 23
60 15 0.5 23
61 15 0.5 23
62 15 0.5 23
62 14 0.5 23
61 13 0.5 23
62 13 0.5 23
63 13 0.5 23
58 16 0.5 23
63 15 0.5 23
64 15 0.5 23
67 15 0.5 23
66 15 0.5 23
65 15 0.5 23
57 12 0.5 23
55 12 0.5 23
56 12 0.5 23
57 13 0.5 23
33 71 0.5 2
33 72 0.5 2
35 0 0.5 1
75 94 0.5 4
76 94 0.5 4
76 96 0.5 4
76 95 0.5 4
11 10 0.5 9
12 11 0.5 9
11 11 0.5 9
12 12 0.5 9
10 11 0.5 9
9 10 0.5 9
10 10 0.5 9
8 10 0.5 9
8 11 0.5 9
17 8 0.5 34
16 8 0.5 34
17 10 0.5 34
16 10 0.5 34
16 9 0.5 34
17 11 0.5 34
16 7 0.5 34
17 7 0.5 34
18 7 0.5 34
17 6 0.5 34
17 5 0.5 34
16 6 0.5 34
15 5 0.5 34
16 5 0.5 34
14 5 0.5 34
18 11 0.5 34
19 10 0.5 34
19 12 0.5 34
19 11 0.5 34
13 5 0.5 34
13 4 0.5 34
12 4 0.5 34
12 5 0.5 34
11 3 0.5 34
12 3 0.5 34
10 3 0.5 34
17 2 0.5 34
17 3 0.5 34
16 4 0.5 34
17 4 0.5 34
16 2 0.5 34
15 2 0.5 34
15 1 0.5 34
14 2 0.5 34
86 45 0.5 4
86 43 0.5 4
86 44 0.5 4
87 44 0.5 4
55 80 0.5 10
54 80 0.5 10
53 80 0.5 10
56 82 0.5 10
55 82 0.5 10
55 81 0.5 10
54 81 0.5 10
52 81 0.5 10
53 81 0.5 10
53 82 0.5 10
81 12 0.5 9
80 12 0.5 9
80 13 0.5 9
79 12 0.5 9
82 12 0.5 9
78 14 0.5 9
78 13 0.5 9
78 12 0.5 9
77 12 0.5 9
10 94 0.5 8
11 94 0.5 8
10 93 0.5 8
11 93 0.5 8
12 94 0.5 8
12 93 0.5 8
13 93 0.5 8
12 95 0.5 8
65 75 0.5 3
66 74 0.5 3
65 74 0.5 3
9 79 0.5 4
11 78 0.5 4
11 79 0.5 4
10 79 0.5 4
63 48 0.5 17
64 48 0.5 17
62 48 0.5 17
62 49 0.5 17
62 50 0.5 17
62 51 0.5 17
61 52 0.5 17
61 53 0.5 17
61 51 0.5 17
62 54 0.5 17
61 54 0.5 17
60 50 0.5 17
61 50 0.5 17
62 47 0.5 17
62 46 0.5 17
62 45 0.5 17
61 45 0.5 17
87 23 0.5 15
87 24 0.5 15
86 25 0.5 15
87 25 0.5 15
85 25 0.5 15
88 25 0.5 15
88 24 0.5 15
86 24 0.5 15
90 24 0.5 15
89 24 0.5 15
85 21 0.5 15
85 22 0.5 15
85 23 0.5 15
85 24 0.5 15
86 21 0.5 15
95 34 0.5 1
60 76 0.5 11
60 77 0.5 11
60 79 0.5 11
60 78 0.5 11
59 77 0.5 11
58 74 0.5 11
58 76 0.5 11
58 77 0.5 11
57 77 0.5 11
58 75 0.5 11
57 78 0.5 11
94 50 0.5 8
93 50 0.5 8
92 50 0.5 8
93 49 0.5 8
94 51 0.5 8
91 48 0.5 8
91 49 0.5 8
91 50 0.5 8
37 52 0.5 18
38 54 0.5 18
37 53 0.5 18
37 54 0.5 18
44 55 0.5 18
43 55 0.5 18
42 55 0.5 18
41 55 0.5 18
40 55 0.5 18
39 53 0.5 18
40 54 0.5 18
39 54 0.5 18
44 54 0.5 18
44 53 0.5 18
44 52 0.5 18
45 51 0.5 18
45 50 0.5 18
45 52 0.5 18
53 33 0.5 2
53 32 0.5 2
82 81 0.5 8
82 80 0.5 8
81 79 0.5 8
82 79 0.5 8
82 82 0.5 8
82 83 0.5 8
81 82 0.5 8
83 83 0.5 8
37 40 0.5 15
37 41 0.5 15
38 40 0.5 15
34 41 0.5 15
35 41 0.5 15
36 41 0.5 15
34 42 0.5 15
34 43 0.5 15
33 43 0.5 15
36 39 0.5 15
37 39 0.5 15
35 39 0.5 15
35 38 0.5 15
34 38 0.5 15
36 38 0.5 15
51 61 0.5 9
51 62 0.5 9
52 62 0.5 9
52 61 0.5 9
50 62 0.5 9
53 62 0.5 9
51 63 0.5 9
51 64 0.5 9
52 64 0.5 9
21 48 0.5 2
20 48 0.5 2
45 41 0.5 1
44 34 0.5 1
57 31 0.5 2
57 32 0.5 2
30 65 0.5 2
30 64 0.5 2
94 29 0.5 6
94 30 0.5 6
95 30 0.5 6
95 28 0.5 6
94 28 0.5 6
93 28 0.5 6
94 77 0.5 4
94 76 0.5 4
95 78 0.5 4
94 78 0.5 4
29 2 0.5 3
29 3 0.5 3
28 3 0.5 3
45 17 0.5 7
45 15 0.5 7
44 16 0.5 7
45 16 0.5 7
45 14 0.5 7
45 13 0.5 7
45 12 0.5 7
27 9 0.5 18
27 8 0.5 18
27 7 0.5 18
26 11 0.5 18
26 9 0.5 18
26 10 0.5 18
25 11 0.5 18
24 11 0.5 18
23 11 0.5 18
30 11 0.5 18
30 12 0.5 18
29 11 0.5 18
29 10 0.5 18
30 13 0.5 18
29 13 0.5 18
28 10 0.5 18
28 9 0.5 18
23 10 0.5 18
0 61 0.5 3
0 62 0.5 3
0 63 0.5 3
7 41 0.5 14
6 41 0.5 14
8 40 0.5 14
9 40 0.5 14
9 41 0.5 14
10 41 0.5 14
8 41 0.5 14
7 40 0.5 14
7 39 0.5 14
7 38 0.5 14
8 38 0.5 14
9 38 0.5 14
10 39 0.5 14
9 39 0.5 14
1 12 0.5 1
62 61 0.5 6
63 61 0.5 6
63 63 0.5 6
63 62 0.5 6
64 62 0.5 6
61 61 0.5 6
17 79 0.5 2
16 79 0.5 2
78 85 0.5 8
78 84 0.5 8
77 84 0.5 8
76 82 0.5 8
77 82 0.5 8
76 83 0.5 8
76 84 0.5 8
75 82 0.5 8
12 84 0.5 5
11 84 0.5 5
11 83 0.5 5
11 82 0.5 5
11 85 0.5 5
68 54 0.5 8
68 53 0.5 8
68 52 0.5 8
67 52 0.5 8
68 56 0.5 8
67 56 0.5 8
68 55 0.5 8
69 52 0.5 8
5 80 0.5 16
3 83 0.5 16
4 81 0.5 16
3 81 0.5 16
3 82 0.5 16
4 80 0.5 16
2 84 0.5 16
3 84 0.5 16
3 85 0.5 16
4 85 0.5 16
4 86 0.5 16
2 82 0.5 16
4 87 0.5 16
4 88 0.5 16
3 89 0.5 16
4 89 0.5 16
40 64 0.5 6
39 64 0.5 6
38 64 0.5 6
38 62 0.5 6
38 63 0.5 6
41 64 0.5 6
19 80 0.5 2
20 80 0.5 2
96 42 0.5 4
95 43 0.5 4
95 44 0.5 4
96 43 0.5 4
21 93 0.5 7
21 94 0.5 7
19 91 0.5 7
19 90 0.5 7
20 93 0.5 7
19 92 0.5 7
20 92 0.5 7
61 86 0.5 1
63 22 0.5 1
77 4 0.5 5
77 5 0.5 5
76 4 0.5 5
75 4 0.5 5
75 5 0.5 5
30 53 0.5 7
29 53 0.5 7
31 53 0.5 7
29 55 0.5 7
29 54 0.5 7
28 54 0.5 7
28 53 0.5 7
54 50 0.5 6
54 51 0.5 6
52 50 0.5 6
52 51 0.5 6
53 51 0.5 6
52 52 0.5 6
43 88 0.5 4
43 87 0.5 4
42 88 0.5 4
42 87 0.5 4
99 38 0.5 3
0 37 0.5 3
99 37 0.5 3
69 62 0.5 3
70 62 0.5 3
71 62 0.5 3
82 7 0.5 2
82 8 0.5 2
6 25 0.5 2
5 25 0.5 2
79 65 0.5 10
80 65 0.5 10
81 65 0.5 10
76 66 0.5 10
76 65 0.5 10
76 67 0.5 10
78 66 0.5 10
79 66 0.5 10
77 66 0.5 10
75 65 0.5 10
25 75 0.5 16
25 74 0.5 16
25 76 0.5 16
26 75 0.5 16
25 73 0.5 16
26 73 0.5 16
27 76 0.5 16
28 76 0.5 16
26 76 0.5 16
27 75 0.5 16
27 72 0.5 16
26 72 0.5 16
25 70 0.5 16
26 70 0.5 16
26 71 0.5 16
25 71 0.5 16
34 98 0.5 2
34 97 0.5 2
99 16 0.5 3
99 15 0.5 3
0 16 0.5 3
48 92 0.5 2
48 93 0.5 2
71 36 0.5 3
71 35 0.5 3
71 37 0.5 3
22 63 0.5 4
23 65 0.5 4
23 63 0.5 4
23 64 0.5 4
53 36 0.5 1
99 25 0.5 8
0 25 0.5 8
1 25 0.5 8
1 24 0.5 8
99 26 0.5 8
98 25 0.5 8
97 25 0.5 8
97 24 0.5 8
27 18 0.5 2
28 18 0.5 2
54 4 0.5 3
53 5 0.5 3
54 5 0.5 3
71 43 0.5 1
36 27 0.5 10
37 26 0.5 10
36 26 0.5 10
35 26 0.5 10
35 22 0.5 10
35 24 0.5 10
35 23 0.5 10
35 25 0.5 10
36 25 0.5 10
34 23 0.5 10
96 89 0.5 7
97 88 0.5 7
97 89 0.5 7
96 91 0.5 7
97 91 0.5 7
96 90 0.5 7
98 91 0.5 7
91 39 0.5 1
32 85 0.5 5
31 86 0.5 5
31 85 0.5 5
29 85 0.5 5
30 85 0.5 5
76 75 0.5 7
76 76 0.5 7
76 77 0.5 7
77 77 0.5 7
75 77 0.5 7
74 78 0.5 7
74 77 0.5 7
38 13 0.5 4
39 13 0.5 4
39 12 0.5 4
39 11 0.5 4
64 97 0.5 3
63 97 0.5 3
62 97 0.5 3
36 67 0.5 2
35 67 0.5 2
48 96 0.5 9
48 95 0.5 9
50 96 0.5 9
49 96 0.5 9
50 95 0.5 9
51 94 0.5 9
51 95 0.5 9
47 96 0.5 9
47 95 0.5 9
36 56 0.5 1
33 52 0.5 3
33 51 0.5 3
32 52 0.5 3
39 80 0.5 5
40 80 0.5 5
42 80 0.5 5
41 80 0.5 5
39 79 0.5 5
94 15 0.5 3
95 15 0.5 3
93 15 0.5 3
61 83 0.5 1
38 90 0.5 5
40 90 0.5 5
39 92 0.5 5
39 91 0.5 5
39 90 0.5 5
93 71 0.5 8
93 72 0.5 8
93 73 0.5 8
94 71 0.5 8
92 72 0.5 8
92 74 0.5 8
93 74 0.5 8
94 74 0.5 8
49 78 0.5 2
48 78 0.5 2
69 81 0.5 1
84 29 0.5 5
84 28 0.5 5
86 29 0.5 5
85 29 0.5 5
87 29 0.5 5
27 42 0.5 1
17 60 0.5 1
54 97 0.5 1
87 66 0.5 2
87 67 0.5 2
84 39 0.5 2
84 38 0.5 2
7 30 0.5 2
8 30 0.5 2
8 96 0.5 1
14 72 0.5 1
21 84 0.5 1
76 48 0.5 6
76 47 0.5 6
75 48 0.5 6
74 48 0.5 6
77 48 0.5 6
76 49 0.5 6
49 73 0.5 1
5 7 0.5 1
73 21 0.5 1
95 58 0.5 1
13 28 0.5 2
12 28 0.5 2
3 31 0.5 3
3 30 0.5 3
3 29 0.5 3
37 3 0.5 4
36 3 0.5 4
38 3 0.5 4
39 3 0.5 4
84 49 0.5 2
85 49 0.5 2
43 68 0.5 2
43 67 0.5 2
6 76 0.5 2
7 76 0.5 2
73 42 0.5 1
25 79 0.5 1
89 35 0.5 1
61 39 0.5 1
40 96 0.5 1
65 70 0.5 1
18 96 0.5 1
37 75 0.5 1
