66 70 0.5 6
68 70 0.5 6
68 71 0.5 6
67 70 0.5 6
66 69 0.5 6
65 70 0.5 6
2 21 0.5 3
1 21 0.5 3
1 20 0.5 3
16 67 0.5 5
15 67 0.5 5
15 65 0.5 5
14 65 0.5 5
15 66 0.5 5
1 45 0.5 16
2 45 0.5 16
3 45 0.5 16
0 45 0.5 16
7 45 0.5 16
6 45 0.5 16
6 46 0.5 16
5 46 0.5 16
4 45 0.5 16
5 45 0.5 16
4 44 0.5 16
7 46 0.5 16
1 44 0.5 16
7 48 0.5 16
7 47 0.5 16
8 47 0.5 16
75 25 0.5 22
73 25 0.5 22
74 25 0.5 22
76 25 0.5 22
78 25 0.5 22
77 25 0.5 22
78 24 0.5 22
77 26 0.5 22
77 27 0.5 22
70 25 0.5 22
70 24 0.5 22
72 25 0.5 22
71 25 0.5 22
71 24 0.5 22
71 23 0.5 22
78 23 0.5 22
69 21 0.5 22
71 22 0.5 22
70 22 0.5 22
69 22 0.5 22
70 23 0.5 22
68 21 0.5 22
12 21 0.5 27
12 22 0.5 27
13 21 0.5 27
11 22 0.5 27
14 21 0.5 27
9 20 0.5 27
9 21 0.5 27
10 21 0.5 27
11 21 0.5 27
8 20 0.5 27
9 22 0.5 27
15 21 0.5 27
16 21 0.5 27
14 20 0.5 27
13 20 0.5 27
18 23 0.5 27
17 23 0.5 27
17 22 0.5 27
17 20 0.5 27
17 21 0.5 27
18 19 0.5 27
18 20 0.5 27
19 24 0.5 27
19 23 0.5 27
9 19 0.5 27
8 19 0.5 27
8 18 0.5 27
25 68 0.5 5
25 67 0.5 5
23 68 0.5 5
23 69 0.5 5
24 68 0.5 5
75 40 0.5 17
76 40 0.5 17
76 41 0.5 17
74 39 0.5 17
73 39 0.5 17
74 40 0.5 17
74 38 0.5 17
76 39 0.5 17
77 39 0.5 17
78 39 0.5 17
79 39 0.5 17
80 39 0.5 17
78 40 0.5 17
81 39 0.5 17
81 40 0.5 17
80 40 0.5 17
80 41 0.5 17
32 75 0.5 2
33 75 0.5 2
28 30 0.5 6
27 30 0.5 6
27 31 0.5 6
29 30 0.5 6
30 30 0.5 6
31 30 0.5 6
18 32 0.5 17
18 33 0.5 17
17 36 0.5 17
17 35 0.5 17
17 34 0.5 17
17 33 0.5 17
19 32 0.5 17
19 33 0.5 17
22 29 0.5 17
21 29 0.5 17
22 30 0.5 17
20 29 0.5 17
21 28 0.5 17
23 30 0.5 17
20 30 0.5 17
19 30 0.5 17
19 31 0.5 17
86 82 0.5 15
86 83 0.5 15
86 81 0.5 15
88 82 0.5 15
88 83 0.5 15
88 81 0.5 15
87 83 0.5 15
88 80 0.5 15
86 80 0.5 15
87 80 0.5 15
86 78 0.5 15
86 79 0.5 15
87 78 0.5 15
85 80 0.5 15
85 79 0.5 15
40 19 0.5 29
40 18 0.5 29
39 18 0.5 29
36 19 0.5 29
36 18 0.5 29
37 18 0.5 29
38 18 0.5 29
35 19 0.5 29
34 19 0.5 29
34 20 0.5 29
34 18 0.5 29
32 21 0.5 29
32 22 0.5 29
34 21 0.5 29
33 21 0.5 29
33 19 0.5 29
31 21 0.5 29
40 20 0.5 29
40 21 0.5 29
35 27 0.5 29
36 26 0.5 29
35 26 0.5 29
34 26 0.5 29
34 22 0.5 29
34 24 0.5 29
34 23 0.5 29
34 25 0.5 29
35 25 0.5 29
33 23 0.5 29
17 51 0.5 7
16 51 0.5 7
16 52 0.5 7
18 52 0.5 7
18 51 0.5 7
19 52 0.5 7
18 53 0.5 7
74 3 0.5 14
74 4 0.5 14
73 3 0.5 14
73 2 0.5 14
71 3 0.5 14
72 4 0.5 14
71 4 0.5 14
72 3 0.5 14
73 1 0.5 14
77 4 0.5 14
77 5 0.5 14
76 4 0.5 14
75 4 0.5 14
75 5 0.5 14
42 48 0.5 6
42 47 0.5 6
42 45 0.5 6
42 46 0.5 6
41 44 0.5 6
41 45 0.5 6
49 8 0.5 8
49 9 0.5 8
50 9 0.5 8
47 11 0.5 8
48 11 0.5 8
48 12 0.5 8
49 11 0.5 8
49 10 0.5 8
74 45 0.5 10
74 46 0.5 10
73 46 0.5 10
75 45 0.5 10
76 47 0.5 10
76 46 0.5 10
75 47 0.5 10
74 47 0.5 10
77 47 0.5 10
76 48 0.5 10
29 91 0.5 22
28 91 0.5 22
29 92 0.5 22
28 92 0.5 22
29 90 0.5 22
28 89 0.5 22
28 90 0.5 22
27 89 0.5 22
26 89 0.5 22
29 89 0.5 22
28 88 0.5 22
27 88 0.5 22
26 88 0.5 22
30 91 0.5 22
25 97 0.5 22
25 96 0.5 22
26 95 0.5 22
26 96 0.5 22
27 94 0.5 22
26 94 0.5 22
27 93 0.5 22
28 93 0.5 22
96 5 0.5 22
95 5 0.5 22
94 5 0.5 22
98 3 0.5 22
98 4 0.5 22
98 2 0.5 22
99 2 0.5 22
96 4 0.5 22
97 4 0.5 22
99 1 0.5 22
94 4 0.5 22
94 3 0.5 22
99 0 0.5 22
93 4 0.5 22
0 1 0.5 22
1 1 0.5 22
96 6 0.5 22
0 2 0.5 22
92 6 0.5 22
92 5 0.5 22
92 4 0.5 22
96 7 0.5 22
22 25 0.5 5
21 25 0.5 5
21 24 0.5 5
20 25 0.5 5
20 26 0.5 5
84 56 0.5 21
85 56 0.5 21
86 56 0.5 21
86 55 0.5 21
83 56 0.5 21
87 55 0.5 21
84 55 0.5 21
81 58 0.5 21
81 57 0.5 21
82 57 0.5 21
81 61 0.5 21
81 59 0.5 21
81 60 0.5 21
82 56 0.5 21
87 54 0.5 21
85 58 0.5 21
85 57 0.5 21
85 59 0.5 21
86 59 0.5 21
87 59 0.5 21
84 58 0.5 21
58 94 0.5 13
57 94 0.5 13
56 93 0.5 13
57 93 0.5 13
57 92 0.5 13
56 89 0.5 13
58 89 0.5 13
58 90 0.5 13
57 89 0.5 13
59 90 0.5 13
58 91 0.5 13
57 91 0.5 13
55 89 0.5 13
10 57 0.5 28
9 57 0.5 28
11 58 0.5 28
11 57 0.5 28
6 59 0.5 28
5 59 0.5 28
5 60 0.5 28
6 60 0.5 28
4 60 0.5 28
4 62 0.5 28
4 61 0.5 28
5 63 0.5 28
6 62 0.5 28
5 62 0.5 28
7 59 0.5 28
7 58 0.5 28
7 57 0.5 28
7 62 0.5 28
8 57 0.5 28
8 56 0.5 28
11 53 0.5 28
11 54 0.5 28
11 55 0.5 28
11 56 0.5 28
10 56 0.5 28
9 56 0.5 28
6 64 0.5 28
5 64 0.5 28
54 26 0.5 13
52 25 0.5 13
52 24 0.5 13
52 26 0.5 13
53 25 0.5 13
53 26 0.5 13
54 25 0.5 13
52 21 0.5 13
52 22 0.5 13
52 23 0.5 13
51 26 0.5 13
50 27 0.5 13
50 26 0.5 13
49 43 0.5 9
50 43 0.5 9
50 42 0.5 9
49 44 0.5 9
49 45 0.5 9
50 45 0.5 9
51 45 0.5 9
47 45 0.5 9
48 45 0.5 9
65 35 0.5 12
66 35 0.5 12
64 35 0.5 12
62 33 0.5 12
63 33 0.5 12
61 33 0.5 12
64 34 0.5 12
63 34 0.5 12
61 30 0.5 12
61 31 0.5 12
61 32 0.5 12
63 35 0.5 12
26 57 0.5 1
44 25 0.5 11
44 24 0.5 11
42 24 0.5 11
43 24 0.5 11
45 24 0.5 11
42 25 0.5 11
42 26 0.5 11
41 25 0.5 11
42 23 0.5 11
42 22 0.5 11
42 21 0.5 11
46 75 0.5 6
45 74 0.5 6
45 73 0.5 6
46 74 0.5 6
44 73 0.5 6
46 76 0.5 6
30 35 0.5 8
31 35 0.5 8
29 35 0.5 8
30 34 0.5 8
29 37 0.5 8
29 36 0.5 8
28 37 0.5 8
27 37 0.5 8
86 13 0.5 7
86 14 0.5 7
87 14 0.5 7
87 13 0.5 7
88 14 0.5 7
89 14 0.5 7
89 13 0.5 7
86 96 0.5 13
85 96 0.5 13
84 96 0.5 13
83 96 0.5 13
85 95 0.5 13
85 94 0.5 13
83 95 0.5 13
83 94 0.5 13
85 91 0.5 13
85 92 0.5 13
85 93 0.5 13
84 91 0.5 13
84 90 0.5 13
67 92 0.5 13
68 92 0.5 13
66 92 0.5 13
65 92 0.5 13
66 93 0.5 13
72 93 0.5 13
72 92 0.5 13
69 93 0.5 13
70 93 0.5 13
71 93 0.5 13
69 92 0.5 13
71 92 0.5 13
73 93 0.5 13
54 70 0.5 3
54 69 0.5 3
54 68 0.5 3
89 89 0.5 12
90 89 0.5 12
88 89 0.5 12
88 88 0.5 12
89 90 0.5 12
86 87 0.5 12
87 87 0.5 12
87 86 0.5 12
88 87 0.5 12
87 85 0.5 12
88 85 0.5 12
91 89 0.5 12
22 55 0.5 6
22 54 0.5 6
21 55 0.5 6
21 56 0.5 6
21 57 0.5 6
20 56 0.5 6
82 1 0.5 7
81 1 0.5 7
81 0 0.5 7
80 0 0.5 7
79 0 0.5 7
79 1 0.5 7
78 1 0.5 7
23 75 0.5 28
24 75 0.5 28
22 75 0.5 28
21 76 0.5 28
22 76 0.5 28
23 76 0.5 28
24 73 0.5 28
23 73 0.5 28
22 74 0.5 28
22 73 0.5 28
21 72 0.5 28
21 73 0.5 28
25 75 0.5 28
25 74 0.5 28
25 76 0.5 28
26 75 0.5 28
25 73 0.5 28
26 73 0.5 28
27 76 0.5 28
28 76 0.5 28
26 76 0.5 28
27 75 0.5 28
27 72 0.5 28
26 72 0.5 28
25 70 0.5 28
26 70 0.5 28
26 71 0.5 28
25 71 0.5 28
8 69 0.5 4
9 69 0.5 4
7 69 0.5 4
10 69 0.5 4
58 16 0.5 23
58 14 0.5 23
59 14 0.5 23
59 16 0.5 23
59 15 0.5 23
60 17 0.5 23
60 16 0.5 23
61 16 0.5 23
62 16 0.5 23
62 15 0.5 23
61 14 0.5 23
62 14 0.5 23
63 14 0.5 23
58 17 0.5 23
63 16 0.5 23
64 16 0.5 23
67 16 0.5 23
66 16 0.5 23
65 16 0.5 23
57 13 0.5 23
55 13 0.5 23
56 13 0.5 23
57 14 0.5 23
34 71 0.5 2
34 72 0.5 2
35 1 0.5 1
75 93 0.5 4
76 93 0.5 4
76 95 0.5 4
76 94 0.5 4
11 11 0.5 9
12 12 0.5 9
11 12 0.5 9
12 13 0.5 9
10 12 0.5 9
9 11 0.5 9
10 11 0.5 9
8 11 0.5 9
8 12 0.5 9
16 8 0.5 34
15 8 0.5 34
16 10 0.5 34
15 10 0.5 34
15 9 0.5 34
16 11 0.5 34
15 7 0.5 34
16 7 0.5 34
17 7 0.5 34
16 6 0.5 34
16 5 0.5 34
15 6 0.5 34
14 5 0.5 34
15 5 0.5 34
13 5 0.5 34
17 11 0.5 34
18 10 0.5 34
18 12 0.5 34
18 11 0.5 34
12 5 0.5 34
12 4 0.5 34
11 4 0.5 34
11 5 0.5 34
10 3 0.5 34
11 3 0.5 34
9 3 0.5 34
16 2 0.5 34
16 3 0.5 34
15 4 0.5 34
16 4 0.5 34
15 2 0.5 34
14 2 0.5 34
14 1 0.5 34
13 2 0.5 34
85 45 0.5 4
85 43 0.5 4
85 44 0.5 4
86 44 0.5 4
55 79 0.5 10
54 79 0.5 10
53 79 0.5 10
56 81 0.5 10
55 81 0.5 10
55 80 0.5 10
54 80 0.5 10
52 80 0.5 10
53 80 0.5 10
53 81 0.5 10
80 12 0.5 9
79 12 0.5 9
79 13 0.5 9
78 12 0.5 9
81 12 0.5 9
77 14 0.5 9
77 13 0.5 9
77 12 0.5 9
76 12 0.5 9
10 93 0.5 8
11 93 0.5 8
10 92 0.5 8
11 92 0.5 8
12 93 0.5 8
12 92 0.5 8
13 92 0.5 8
12 94 0.5 8
65 74 0.5 3
66 73 0.5 3
65 73 0.5 3
10 79 0.5 4
12 78 0.5 4
12 79 0.5 4
11 79 0.5 4
64 48 0.5 17
65 48 0.5 17
63 48 0.5 17
63 49 0.5 17
63 50 0.5 17
63 51 0.5 17
62 52 0.5 17
62 53 0.5 17
62 51 0.5 17
63 54 0.5 17
62 54 0.5 17
61 50 0.5 17
62 50 0.5 17
63 47 0.5 17
63 46 0.5 17
63 45 0.5 17
62 45 0.5 17
87 24 0.5 15
87 25 0.5 15
86 26 0.5 15
87 26 0.5 15
85 26 0.5 15
88 26 0.5 15
88 25 0.5 15
86 25 0.5 15
90 25 0.5 15
89 25 0.5 15
85 22 0.5 15
85 23 0.5 15
85 24 0.5 15
85 25 0.5 15
86 22 0.5 15
95 33 0.5 1
60 75 0.5 11
60 76 0.5 11
60 78 0.5 11
60 77 0.5 11
59 76 0.5 11
58 73 0.5 11
58 75 0.5 11
58 76 0.5 11
57 76 0.5 11
58 74 0.5 11
57 77 0.5 11
94 51 0.5 8
93 51 0.5 8
92 51 0.5 8
93 50 0.5 8
94 52 0.5 8
91 49 0.5 8
91 50 0.5 8
91 51 0.5 8
37 53 0.5 18
38 55 0.5 18
37 54 0.5 18
37 55 0.5 18
44 56 0.5 18
43 56 0.5 18
42 56 0.5 18
41 56 0.5 18
40 56 0.5 18
39 54 0.5 18
40 55 0.5 18
39 55 0.5 18
44 55 0.5 18
44 54 0.5 18
44 53 0.5 18
45 52 0.5 18
45 51 0.5 18
45 53 0.5 18
52 33 0.5 2
52 32 0.5 2
81 81 0.5 8
81 80 0.5 8
80 79 0.5 8
81 79 0.5 8
81 82 0.5 8
81 83 0.5 8
80 82 0.5 8
82 83 0.5 8
38 40 0.5 15
38 41 0.5 15
39 40 0.5 15
35 41 0.5 15
36 41 0.5 15
37 41 0.5 15
35 42 0.5 15
35 43 0.5 15
34 43 0.5 15
37 39 0.5 15
38 39 0.5 15
36 39 0.5 15
36 38 0.5 15
35 38 0.5 15
37 38 0.5 15
50 61 0.5 9
50 62 0.5 9
51 62 0.5 9
51 61 0.5 9
49 62 0.5 9
52 62 0.5 9
50 63 0.5 9
50 64 0.5 9
51 64 0.5 9
22 48 0.5 2
21 48 0.5 2
46 41 0.5 1
45 34 0.5 1
57 30 0.5 2
57 31 0.5 2
30 66 0.5 2
30 65 0.5 2
94 28 0.5 6
94 29 0.5 6
95 29 0.5 6
95 27 0.5 6
94 27 0.5 6
93 27 0.5 6
93 77 0.5 4
93 76 0.5 4
94 78 0.5 4
93 78 0.5 4
30 2 0.5 3
30 3 0.5 3
29 3 0.5 3
44 17 0.5 7
44 15 0.5 7
43 16 0.5 7
44 16 0.5 7
44 14 0.5 7
44 13 0.5 7
44 12 0.5 7
28 9 0.5 18
28 8 0.5 18
28 7 0.5 18
27 11 0.5 18
27 9 0.5 18
27 10 0.5 18
26 11 0.5 18
25 11 0.5 18
24 11 0.5 18
31 11 0.5 18
31 12 0.5 18
30 11 0.5 18
30 10 0.5 18
31 13 0.5 18
30 13 0.5 18
29 10 0.5 18
29 9 0.5 18
24 10 0.5 18
0 62 0.5 3
0 63 0.5 3
0 64 0.5 3
8 41 0.5 14
7 41 0.5 14
9 40 0.5 14
10 40 0.5 14
10 41 0.5 14
11 41 0.5 14
9 41 0.5 14
8 40 0.5 14
8 39 0.5 14
8 38 0.5 14
9 38 0.5 14
10 38 0.5 14
11 39 0.5 14
10 39 0.5 14
1 11 0.5 1
62 60 0.5 6
63 60 0.5 6
63 62 0.5 6
63 61 0.5 6
64 61 0.5 6
61 60 0.5 6
17 78 0.5 2
16 78 0.5 2
78 86 0.5 8
78 85 0.5 8
77 85 0.5 8
76 83 0.5 8
77 83 0.5 8
76 84 0.5 8
76 85 0.5 8
75 83 0.5 8
11 84 0.5 5
10 84 0.5 5
10 83 0.5 5
10 82 0.5 5
10 85 0.5 5
67 54 0.5 8
67 53 0.5 8
67 52 0.5 8
66 52 0.5 8
67 56 0.5 8
66 56 0.5 8
67 55 0.5 8
68 52 0.5 8
5 81 0.5 16
3 84 0.5 16
4 82 0.5 16
3 82 0.5 16
3 83 0.5 16
4 81 0.5 16
2 85 0.5 16
3 85 0.5 16
3 86 0.5 16
4 86 0.5 16
4 87 0.5 16
2 83 0.5 16
4 88 0.5 16
4 89 0.5 16
3 90 0.5 16
4 90 0.5 16
39 64 0.5 6
38 64 0.5 6
37 64 0.5 6
37 62 0.5 6
37 63 0.5 6
40 64 0.5 6
19 81 0.5 2
20 81 0.5 2
96 41 0.5 4
95 42 0.5 4
95 43 0.5 4
96 42 0.5 4
21 92 0.5 7
21 93 0.5 7
19 90 0.5 7
19 89 0.5 7
20 92 0.5 7
19 91 0.5 7
20 91 0.5 7
60 86 0.5 1
63 21 0.5 1
31 53 0.5 10
30 53 0.5 10
32 53 0.5 10
30 55 0.5 10
30 54 0.5 10
29 54 0.5 10
29 53 0.5 10
33 52 0.5 10
33 51 0.5 10
32 52 0.5 10
54 51 0.5 6
54 52 0.5 6
52 51 0.5 6
52 52 0.5 6
53 52 0.5 6
52 53 0.5 6
43 89 0.5 4
43 88 0.5 4
42 89 0.5 4
42 88 0.5 4
99 37 0.5 3
0 36 0.5 3
99 36 0.5 3
68 62 0.5 3
69 62 0.5 3
70 62 0.5 3
83 7 0.5 2
83 8 0.5 2
5 25 0.5 2
4 25 0.5 2
79 66 0.5 10
80 66 0.5 10
81 66 0.5 10
76 67 0.5 10
76 66 0.5 10
76 68 0.5 10
78 67 0.5 10
79 67 0.5 10
77 67 0.5 10
75 66 0.5 10
33 98 0.5 2
33 97 0.5 2
99 15 0.5 3
99 14 0.5 3
0 15 0.5 3
48 93 0.5 11
48 94 0.5 11
48 96 0.5 11
48 95 0.5 11
50 96 0.5 11
49 96 0.5 11
50 95 0.5 11
51 94 0.5 11
51 95 0.5 11
47 96 0.5 11
47 95 0.5 11
70 36 0.5 3
70 35 0.5 3
70 37 0.5 3
22 64 0.5 4
23 66 0.5 4
23 64 0.5 4
23 65 0.5 4
53 35 0.5 1
98 25 0.5 8
99 25 0.5 8
0 25 0.5 8
0 24 0.5 8
98 26 0.5 8
97 25 0.5 8
96 25 0.5 8
96 24 0.5 8
26 18 0.5 2
27 18 0.5 2
55 4 0.5 3
54 5 0.5 3
55 5 0.5 3
72 43 0.5 1
96 89 0.5 7
97 88 0.5 7
97 89 0.5 7
96 91 0.5 7
97 91 0.5 7
96 90 0.5 7
98 91 0.5 7
91 40 0.5 1
32 86 0.5 5
31 87 0.5 5
31 86 0.5 5
29 86 0.5 5
30 86 0.5 5
76 74 0.5 7
76 75 0.5 7
76 76 0.5 7
77 76 0.5 7
75 76 0.5 7
74 77 0.5 7
74 76 0.5 7
38 12 0.5 4
39 12 0.5 4
39 11 0.5 4
39 10 0.5 4
63 97 0.5 3
62 97 0.5 3
61 97 0.5 3
37 67 0.5 2
36 67 0.5 2
36 57 0.5 1
39 79 0.5 5
40 79 0.5 5
42 79 0.5 5
41 79 0.5 5
39 78 0.5 5
95 15 0.5 3
96 15 0.5 3
94 15 0.5 3
62 83 0.5 1
37 90 0.5 5
39 90 0.5 5
38 92 0.5 5
38 91 0.5 5
38 90 0.5 5
94 71 0.5 8
94 72 0.5 8
94 73 0.5 8
95 71 0.5 8
93 72 0.5 8
93 74 0.5 8
94 74 0.5 8
95 74 0.5 8
49 77 0.5 2
48 77 0.5 2
69 82 0.5 1
85 29 0.5 5
85 28 0.5 5
87 29 0.5 5
86 29 0.5 5
88 29 0.5 5
26 42 0.5 1
18 60 0.5 1
54 98 0.5 1
88 66 0.5 2
88 67 0.5 2
84 38 0.5 2
84 37 0.5 2
6 30 0.5 2
7 30 0.5 2
7 96 0.5 1
13 72 0.5 1
21 83 0.5 1
49 73 0.5 1
5 8 0.5 1
73 22 0.5 1
96 58 0.5 1
14 28 0.5 2
13 28 0.5 2
4 31 0.5 3
4 30 0.5 3
4 29 0.5 3
36 3 0.5 4
35 3 0.5 4
37 3 0.5 4
38 3 0.5 4
84 50 0.5 2
85 50 0.5 2
44 68 0.5 2
44 67 0.5 2
7 76 0.5 2
8 76 0.5 2
74 42 0.5 1
25 80 0.5 1
88 35 0.5 1
60 39 0.5 1
39 96 0.5 1
18 97 0.5 1
36 75 0.5 1
