65 70 0.5 6
67 70 0.5 6
67 71 0.5 6
66 70 0.5 6
65 69 0.5 6
64 70 0.5 6
2 20 0.5 3
1 20 0.5 3
1 19 0.5 3
15 67 0.5 5
14 67 0.5 5
14 65 0.5 5
13 65 0.5 5
14 66 0.5 5
1 46 0.5 16
2 46 0.5 16
3 46 0.5 16
0 46 0.5 16
7 46 0.5 16
6 46 0.5 16
6 47 0.5 16
5 47 0.5 16
4 46 0.5 16
5 46 0.5 16
4 45 0.5 16
7 47 0.5 16
1 45 0.5 16
7 49 0.5 16
7 48 0.5 16
8 48 0.5 16
75 26 0.5 22
73 26 0.5 22
74 26 0.5 22
76 26 0.5 22
78 26 0.5 22
77 26 0.5 22
78 25 0.5 22
77 27 0.5 22
77 28 0.5 22
70 26 0.5 22
70 25 0.5 22
72 26 0.5 22
71 26 0.5 22
71 25 0.5 22
71 24 0.5 22
78 24 0.5 22
69 22 0.5 22
71 23 0.5 22
70 23 0.5 22
69 23 0.5 22
70 24 0.5 22
68 22 0.5 22
12 22 0.5 32
12 23 0.5 32
13 22 0.5 32
11 23 0.5 32
14 22 0.5 32
9 21 0.5 32
9 22 0.5 32
10 22 0.5 32
11 22 0.5 32
8 21 0.5 32
9 23 0.5 32
15 22 0.5 32
16 22 0.5 32
14 21 0.5 32
13 21 0.5 32
18 24 0.5 32
17 24 0.5 32
17 23 0.5 32
17 21 0.5 32
17 22 0.5 32
18 20 0.5 32
18 21 0.5 32
19 25 0.5 32
19 24 0.5 32
9 20 0.5 32
8 20 0.5 32
8 19 0.5 32
22 25 0.5 32
21 25 0.5 32
21 24 0.5 32
20 25 0.5 32
20 26 0.5 32
25 67 0.5 9
25 66 0.5 9
23 67 0.5 9
23 68 0.5 9
24 67 0.5 9
22 64 0.5 9
23 66 0.5 9
23 64 0.5 9
23 65 0.5 9
76 40 0.5 17
77 40 0.5 17
77 41 0.5 17
75 39 0.5 17
74 39 0.5 17
75 40 0.5 17
75 38 0.5 17
77 39 0.5 17
78 39 0.5 17
79 39 0.5 17
80 39 0.5 17
81 39 0.5 17
79 40 0.5 17
82 39 0.5 17
82 40 0.5 17
81 40 0.5 17
81 41 0.5 17
32 76 0.5 2
33 76 0.5 2
27 30 0.5 6
26 30 0.5 6
26 31 0.5 6
28 30 0.5 6
29 30 0.5 6
30 30 0.5 6
18 31 0.5 17
18 32 0.5 17
17 35 0.5 17
17 34 0.5 17
17 33 0.5 17
17 32 0.5 17
19 31 0.5 17
19 32 0.5 17
22 28 0.5 17
21 28 0.5 17
22 29 0.5 17
20 28 0.5 17
21 27 0.5 17
23 29 0.5 17
20 29 0.5 17
19 29 0.5 17
19 30 0.5 17
86 81 0.5 15
86 82 0.5 15
86 80 0.5 15
88 81 0.5 15
88 82 0.5 15
88 80 0.5 15
87 82 0.5 15
88 79 0.5 15
86 79 0.5 15
87 79 0.5 15
86 77 0.5 15
86 78 0.5 15
87 77 0.5 15
85 79 0.5 15
85 78 0.5 15
41 19 0.5 40
41 18 0.5 40
40 18 0.5 40
37 19 0.5 40
37 18 0.5 40
38 18 0.5 40
39 18 0.5 40
36 19 0.5 40
35 19 0.5 40
35 20 0.5 40
35 18 0.5 40
33 21 0.5 40
33 22 0.5 40
35 21 0.5 40
34 21 0.5 40
34 19 0.5 40
32 21 0.5 40
41 20 0.5 40
41 21 0.5 40
36 27 0.5 40
37 26 0.5 40
36 26 0.5 40
35 26 0.5 40
35 22 0.5 40
35 24 0.5 40
35 23 0.5 40
35 25 0.5 40
36 25 0.5 40
34 23 0.5 40
44 25 0.5 40
44 24 0.5 40
42 24 0.5 40
43 24 0.5 40
45 24 0.5 40
42 25 0.5 40
42 26 0.5 40
41 25 0.5 40
42 23 0.5 40
42 22 0.5 40
42 21 0.5 40
17 52 0.5 7
16 52 0.5 7
16 53 0.5 7
18 53 0.5 7
18 52 0.5 7
19 53 0.5 7
18 54 0.5 7
75 3 0.5 14
75 4 0.5 14
74 3 0.5 14
74 2 0.5 14
72 3 0.5 14
73 4 0.5 14
72 4 0.5 14
73 3 0.5 14
74 1 0.5 14
78 4 0.5 14
78 5 0.5 14
77 4 0.5 14
76 4 0.5 14
76 5 0.5 14
42 49 0.5 6
42 48 0.5 6
42 46 0.5 6
42 47 0.5 6
41 45 0.5 6
41 46 0.5 6
48 8 0.5 8
48 9 0.5 8
49 9 0.5 8
46 11 0.5 8
47 11 0.5 8
47 12 0.5 8
48 11 0.5 8
48 10 0.5 8
74 46 0.5 10
74 47 0.5 10
73 47 0.5 10
75 46 0.5 10
76 48 0.5 10
76 47 0.5 10
75 48 0.5 10
74 48 0.5 10
77 48 0.5 10
76 49 0.5 10
29 92 0.5 22
28 92 0.5 22
29 93 0.5 22
28 93 0.5 22
29 91 0.5 22
28 90 0.5 22
28 91 0.5 22
27 90 0.5 22
26 90 0.5 22
29 90 0.5 22
28 89 0.5 22
27 89 0.5 22
26 89 0.5 22
30 92 0.5 22
25 98 0.5 22
25 97 0.5 22
26 96 0.5 22
26 97 0.5 22
27 95 0.5 22
26 95 0.5 22
27 94 0.5 22
28 94 0.5 22
96 6 0.5 22
95 6 0.5 22
94 6 0.5 22
98 4 0.5 22
98 5 0.5 22
98 3 0.5 22
99 3 0.5 22
96 5 0.5 22
97 5 0.5 22
99 2 0.5 22
94 5 0.5 22
94 4 0.5 22
99 1 0.5 22
93 5 0.5 22
0 2 0.5 22
1 2 0.5 22
96 7 0.5 22
0 3 0.5 22
92 7 0.5 22
92 6 0.5 22
92 5 0.5 22
96 8 0.5 22
84 55 0.5 21
85 55 0.5 21
86 55 0.5 21
86 54 0.5 21
83 55 0.5 21
87 54 0.5 21
84 54 0.5 21
81 57 0.5 21
81 56 0.5 21
82 56 0.5 21
81 60 0.5 21
81 58 0.5 21
81 59 0.5 21
82 55 0.5 21
87 53 0.5 21
85 57 0.5 21
85 56 0.5 21
85 58 0.5 21
86 58 0.5 21
87 58 0.5 21
84 57 0.5 21
57 94 0.5 13
56 94 0.5 13
55 93 0.5 13
56 93 0.5 13
56 92 0.5 13
55 89 0.5 13
57 89 0.5 13
57 90 0.5 13
56 89 0.5 13
58 90 0.5 13
57 91 0.5 13
56 91 0.5 13
54 89 0.5 13
10 56 0.5 28
9 56 0.5 28
11 57 0.5 28
11 56 0.5 28
6 58 0.5 28
5 58 0.5 28
5 59 0.5 28
6 59 0.5 28
4 59 0.5 28
4 61 0.5 28
4 60 0.5 28
5 62 0.5 28
6 61 0.5 28
5 61 0.5 28
7 58 0.5 28
7 57 0.5 28
7 56 0.5 28
7 61 0.5 28
8 56 0.5 28
8 55 0.5 28
11 52 0.5 28
11 53 0.5 28
11 54 0.5 28
11 55 0.5 28
10 55 0.5 28
9 55 0.5 28
6 63 0.5 28
5 63 0.5 28
55 26 0.5 13
53 25 0.5 13
53 24 0.5 13
53 26 0.5 13
54 25 0.5 13
54 26 0.5 13
55 25 0.5 13
53 21 0.5 13
53 22 0.5 13
53 23 0.5 13
52 26 0.5 13
51 27 0.5 13
51 26 0.5 13
48 43 0.5 9
49 43 0.5 9
49 42 0.5 9
48 44 0.5 9
48 45 0.5 9
49 45 0.5 9
50 45 0.5 9
46 45 0.5 9
47 45 0.5 9
65 36 0.5 12
66 36 0.5 12
64 36 0.5 12
62 34 0.5 12
63 34 0.5 12
61 34 0.5 12
64 35 0.5 12
63 35 0.5 12
61 31 0.5 12
61 32 0.5 12
61 33 0.5 12
63 36 0.5 12
26 58 0.5 1
47 75 0.5 8
46 74 0.5 8
46 73 0.5 8
47 74 0.5 8
45 73 0.5 8
47 76 0.5 8
48 77 0.5 8
47 77 0.5 8
30 34 0.5 8
31 34 0.5 8
29 34 0.5 8
30 33 0.5 8
29 36 0.5 8
29 35 0.5 8
28 36 0.5 8
27 36 0.5 8
85 13 0.5 7
85 14 0.5 7
86 14 0.5 7
86 13 0.5 7
87 14 0.5 7
88 14 0.5 7
88 13 0.5 7
86 97 0.5 13
85 97 0.5 13
84 97 0.5 13
83 97 0.5 13
85 96 0.5 13
85 95 0.5 13
83 96 0.5 13
83 95 0.5 13
85 92 0.5 13
85 93 0.5 13
85 94 0.5 13
84 92 0.5 13
84 91 0.5 13
67 93 0.5 13
68 93 0.5 13
66 93 0.5 13
65 93 0.5 13
66 94 0.5 13
72 94 0.5 13
72 93 0.5 13
69 94 0.5 13
70 94 0.5 13
71 94 0.5 13
69 93 0.5 13
71 93 0.5 13
73 94 0.5 13
55 70 0.5 3
55 69 0.5 3
55 68 0.5 3
89 90 0.5 12
90 90 0.5 12
88 90 0.5 12
88 89 0.5 12
89 91 0.5 12
86 88 0.5 12
87 88 0.5 12
87 87 0.5 12
88 88 0.5 12
87 86 0.5 12
88 86 0.5 12
91 90 0.5 12
22 56 0.5 6
22 55 0.5 6
21 56 0.5 6
21 57 0.5 6
21 58 0.5 6
20 57 0.5 6
81 1 0.5 7
80 1 0.5 7
80 0 0.5 7
79 0 0.5 7
78 0 0.5 7
78 1 0.5 7
77 1 0.5 7
24 75 0.5 28
25 75 0.5 28
23 75 0.5 28
22 76 0.5 28
23 76 0.5 28
24 76 0.5 28
25 73 0.5 28
24 73 0.5 28
23 74 0.5 28
23 73 0.5 28
22 72 0.5 28
22 73 0.5 28
26 75 0.5 28
26 74 0.5 28
26 76 0.5 28
27 75 0.5 28
26 73 0.5 28
27 73 0.5 28
28 76 0.5 28
29 76 0.5 28
27 76 0.5 28
28 75 0.5 28
28 72 0.5 28
27 72 0.5 28
26 70 0.5 28
27 70 0.5 28
27 71 0.5 28
26 71 0.5 28
9 69 0.5 4
10 69 0.5 4
8 69 0.5 4
11 69 0.5 4
58 17 0.5 23
58 15 0.5 23
59 15 0.5 23
59 17 0.5 23
59 16 0.5 23
60 18 0.5 23
60 17 0.5 23
61 17 0.5 23
62 17 0.5 23
62 16 0.5 23
61 15 0.5 23
62 15 0.5 23
63 15 0.5 23
58 18 0.5 23
63 17 0.5 23
64 17 0.5 23
67 17 0.5 23
66 17 0.5 23
65 17 0.5 23
57 14 0.5 23
55 14 0.5 23
56 14 0.5 23
57 15 0.5 23
35 71 0.5 2
35 72 0.5 2
35 2 0.5 5
36 3 0.5 5
35 3 0.5 5
37 3 0.5 5
38 3 0.5 5
76 93 0.5 4
77 93 0.5 4
77 95 0.5 4
77 94 0.5 4
12 11 0.5 9
13 12 0.5 9
12 12 0.5 9
13 13 0.5 9
11 12 0.5 9
10 11 0.5 9
11 11 0.5 9
9 11 0.5 9
9 12 0.5 9
16 9 0.5 34
15 9 0.5 34
16 11 0.5 34
15 11 0.5 34
15 10 0.5 34
16 12 0.5 34
15 8 0.5 34
16 8 0.5 34
17 8 0.5 34
16 7 0.5 34
16 6 0.5 34
15 7 0.5 34
14 6 0.5 34
15 6 0.5 34
13 6 0.5 34
17 12 0.5 34
18 11 0.5 34
18 13 0.5 34
18 12 0.5 34
12 6 0.5 34
12 5 0.5 34
11 5 0.5 34
11 6 0.5 34
10 4 0.5 34
11 4 0.5 34
9 4 0.5 34
16 3 0.5 34
16 4 0.5 34
15 5 0.5 34
16 5 0.5 34
15 3 0.5 34
14 3 0.5 34
14 2 0.5 34
13 3 0.5 34
85 46 0.5 4
85 44 0.5 4
85 45 0.5 4
86 45 0.5 4
55 80 0.5 10
54 80 0.5 10
53 80 0.5 10
56 82 0.5 10
55 82 0.5 10
55 81 0.5 10
54 81 0.5 10
52 81 0.5 10
53 81 0.5 10
53 82 0.5 10
81 12 0.5 9
80 12 0.5 9
80 13 0.5 9
79 12 0.5 9
82 12 0.5 9
78 14 0.5 9
78 13 0.5 9
78 12 0.5 9
77 12 0.5 9
10 94 0.5 8
11 94 0.5 8
10 93 0.5 8
11 93 0.5 8
12 94 0.5 8
12 93 0.5 8
13 93 0.5 8
12 95 0.5 8
66 74 0.5 3
67 73 0.5 3
66 73 0.5 3
10 80 0.5 4
12 79 0.5 4
12 80 0.5 4
11 80 0.5 4
65 48 0.5 17
66 48 0.5 17
64 48 0.5 17
64 49 0.5 17
64 50 0.5 17
64 51 0.5 17
63 52 0.5 17
63 53 0.5 17
63 51 0.5 17
64 54 0.5 17
63 54 0.5 17
62 50 0.5 17
63 50 0.5 17
64 47 0.5 17
64 46 0.5 17
64 45 0.5 17
63 45 0.5 17
87 25 0.5 20
87 26 0.5 20
86 27 0.5 20
87 27 0.5 20
85 27 0.5 20
88 27 0.5 20
88 26 0.5 20
86 26 0.5 20
90 26 0.5 20
89 26 0.5 20
85 23 0.5 20
85 24 0.5 20
85 25 0.5 20
85 26 0.5 20
86 23 0.5 20
85 29 0.5 20
85 28 0.5 20
87 29 0.5 20
86 29 0.5 20
88 29 0.5 20
95 32 0.5 1
61 75 0.5 11
61 76 0.5 11
61 78 0.5 11
61 77 0.5 11
60 76 0.5 11
59 73 0.5 11
59 75 0.5 11
59 76 0.5 11
58 76 0.5 11
59 74 0.5 11
58 77 0.5 11
94 52 0.5 8
93 52 0.5 8
92 52 0.5 8
93 51 0.5 8
94 53 0.5 8
91 50 0.5 8
91 51 0.5 8
91 52 0.5 8
36 53 0.5 18
37 55 0.5 18
36 54 0.5 18
36 55 0.5 18
43 56 0.5 18
42 56 0.5 18
41 56 0.5 18
40 56 0.5 18
39 56 0.5 18
38 54 0.5 18
39 55 0.5 18
38 55 0.5 18
43 55 0.5 18
43 54 0.5 18
43 53 0.5 18
44 52 0.5 18
44 51 0.5 18
44 53 0.5 18
53 33 0.5 2
53 32 0.5 2
80 81 0.5 8
80 80 0.5 8
79 79 0.5 8
80 79 0.5 8
80 82 0.5 8
80 83 0.5 8
79 82 0.5 8
81 83 0.5 8
39 40 0.5 15
39 41 0.5 15
40 40 0.5 15
36 41 0.5 15
37 41 0.5 15
38 41 0.5 15
36 42 0.5 15
36 43 0.5 15
35 43 0.5 15
38 39 0.5 15
39 39 0.5 15
37 39 0.5 15
37 38 0.5 15
36 38 0.5 15
38 38 0.5 15
50 60 0.5 9
50 61 0.5 9
51 61 0.5 9
51 60 0.5 9
49 61 0.5 9
52 61 0.5 9
50 62 0.5 9
50 63 0.5 9
51 63 0.5 9
22 49 0.5 2
21 49 0.5 2
47 41 0.5 1
45 35 0.5 1
56 30 0.5 2
56 31 0.5 2
29 66 0.5 2
29 65 0.5 2
94 27 0.5 14
94 28 0.5 14
95 28 0.5 14
95 26 0.5 14
94 26 0.5 14
93 26 0.5 14
97 25 0.5 14
98 25 0.5 14
99 25 0.5 14
99 24 0.5 14
97 26 0.5 14
96 25 0.5 14
95 25 0.5 14
95 24 0.5 14
93 76 0.5 12
93 75 0.5 12
94 77 0.5 12
93 77 0.5 12
94 71 0.5 12
94 72 0.5 12
94 73 0.5 12
95 71 0.5 12
93 72 0.5 12
93 74 0.5 12
94 74 0.5 12
95 74 0.5 12
30 3 0.5 3
30 4 0.5 3
29 4 0.5 3
44 18 0.5 7
44 16 0.5 7
43 17 0.5 7
44 17 0.5 7
44 15 0.5 7
44 14 0.5 7
44 13 0.5 7
27 9 0.5 18
27 8 0.5 18
27 7 0.5 18
26 11 0.5 18
26 9 0.5 18
26 10 0.5 18
25 11 0.5 18
24 11 0.5 18
23 11 0.5 18
30 11 0.5 18
30 12 0.5 18
29 11 0.5 18
29 10 0.5 18
30 13 0.5 18
29 13 0.5 18
28 10 0.5 18
28 9 0.5 18
23 10 0.5 18
0 63 0.5 3
0 64 0.5 3
0 65 0.5 3
8 42 0.5 14
7 42 0.5 14
9 41 0.5 14
10 41 0.5 14
10 42 0.5 14
11 42 0.5 14
9 42 0.5 14
8 41 0.5 14
8 40 0.5 14
8 39 0.5 14
9 39 0.5 14
10 39 0.5 14
11 40 0.5 14
10 40 0.5 14
0 11 0.5 1
61 60 0.5 6
62 60 0.5 6
62 62 0.5 6
62 61 0.5 6
63 61 0.5 6
60 60 0.5 6
16 78 0.5 2
15 78 0.5 2
79 86 0.5 8
79 85 0.5 8
78 85 0.5 8
77 83 0.5 8
78 83 0.5 8
77 84 0.5 8
77 85 0.5 8
76 83 0.5 8
11 85 0.5 5
10 85 0.5 5
10 84 0.5 5
10 83 0.5 5
10 86 0.5 5
68 54 0.5 8
68 53 0.5 8
68 52 0.5 8
67 52 0.5 8
68 56 0.5 8
67 56 0.5 8
68 55 0.5 8
69 52 0.5 8
5 80 0.5 16
3 83 0.5 16
4 81 0.5 16
3 81 0.5 16
3 82 0.5 16
4 80 0.5 16
2 84 0.5 16
3 84 0.5 16
3 85 0.5 16
4 85 0.5 16
4 86 0.5 16
2 82 0.5 16
4 87 0.5 16
4 88 0.5 16
3 89 0.5 16
4 89 0.5 16
39 65 0.5 6
38 65 0.5 6
37 65 0.5 6
37 63 0.5 6
37 64 0.5 6
40 65 0.5 6
19 82 0.5 3
20 82 0.5 3
21 82 0.5 3
97 41 0.5 4
96 42 0.5 4
96 43 0.5 4
97 42 0.5 4
22 92 0.5 7
22 93 0.5 7
20 90 0.5 7
20 89 0.5 7
21 92 0.5 7
20 91 0.5 7
21 91 0.5 7
59 86 0.5 1
63 20 0.5 1
30 53 0.5 10
29 53 0.5 10
31 53 0.5 10
29 55 0.5 10
29 54 0.5 10
28 54 0.5 10
28 53 0.5 10
32 52 0.5 10
32 51 0.5 10
31 52 0.5 10
55 51 0.5 6
55 52 0.5 6
53 51 0.5 6
53 52 0.5 6
54 52 0.5 6
53 53 0.5 6
43 90 0.5 4
43 89 0.5 4
42 90 0.5 4
42 89 0.5 4
99 36 0.5 3
0 35 0.5 3
99 35 0.5 3
68 63 0.5 3
69 63 0.5 3
70 63 0.5 3
84 7 0.5 2
84 8 0.5 2
5 26 0.5 2
4 26 0.5 2
80 66 0.5 10
81 66 0.5 10
82 66 0.5 10
77 67 0.5 10
77 66 0.5 10
77 68 0.5 10
79 67 0.5 10
80 67 0.5 10
78 67 0.5 10
76 66 0.5 10
33 97 0.5 2
33 96 0.5 2
99 14 0.5 3
99 13 0.5 3
0 14 0.5 3
47 93 0.5 11
47 94 0.5 11
47 96 0.5 11
47 95 0.5 11
49 96 0.5 11
48 96 0.5 11
49 95 0.5 11
50 94 0.5 11
50 95 0.5 11
46 96 0.5 11
46 95 0.5 11
69 36 0.5 3
69 35 0.5 3
69 37 0.5 3
54 35 0.5 1
26 18 0.5 2
27 18 0.5 2
55 3 0.5 3
54 4 0.5 3
55 4 0.5 3
72 42 0.5 1
96 90 0.5 7
97 89 0.5 7
97 90 0.5 7
96 92 0.5 7
97 92 0.5 7
96 91 0.5 7
98 92 0.5 7
90 40 0.5 1
33 86 0.5 5
32 87 0.5 5
32 86 0.5 5
30 86 0.5 5
31 86 0.5 5
75 74 0.5 7
75 75 0.5 7
75 76 0.5 7
76 76 0.5 7
74 76 0.5 7
73 77 0.5 7
73 76 0.5 7
37 12 0.5 4
38 12 0.5 4
38 11 0.5 4
38 10 0.5 4
64 97 0.5 3
63 97 0.5 3
62 97 0.5 3
38 67 0.5 2
37 67 0.5 2
35 57 0.5 1
40 79 0.5 5
41 79 0.5 5
43 79 0.5 5
42 79 0.5 5
40 78 0.5 5
94 15 0.5 3
95 15 0.5 3
93 15 0.5 3
63 83 0.5 1
38 90 0.5 5
40 90 0.5 5
39 92 0.5 5
39 91 0.5 5
39 90 0.5 5
69 82 0.5 1
25 42 0.5 1
18 59 0.5 1
55 98 0.5 1
87 66 0.5 2
87 67 0.5 2
83 38 0.5 2
83 37 0.5 2
5 30 0.5 5
6 30 0.5 5
4 31 0.5 5
4 30 0.5 5
4 29 0.5 5
6 96 0.5 1
14 72 0.5 1
49 73 0.5 1
4 8 0.5 1
72 22 0.5 1
96 57 0.5 1
13 28 0.5 2
12 28 0.5 2
83 50 0.5 2
84 50 0.5 2
45 68 0.5 2
45 67 0.5 2
8 76 0.5 2
9 76 0.5 2
74 41 0.5 1
26 80 0.5 1
89 35 0.5 1
61 39 0.5 1
39 95 0.5 1
18 96 0.5 1
37 75 0.5 1
