65 69 0.5 6
67 69 0.5 6
67 70 0.5 6
66 69 0.5 6
65 68 0.5 6
64 69 0.5 6
3 20 0.5 3
2 20 0.5 3
2 19 0.5 3
15 66 0.5 5
14 66 0.5 5
14 64 0.5 5
13 64 0.5 5
14 65 0.5 5
0 46 0.5 16
1 46 0.5 16
2 46 0.5 16
99 46 0.5 16
6 46 0.5 16
5 46 0.5 16
5 47 0.5 16
4 47 0.5 16
3 46 0.5 16
4 46 0.5 16
3 45 0.5 16
6 47 0.5 16
0 45 0.5 16
6 49 0.5 16
6 48 0.5 16
7 48 0.5 16
76 26 0.5 23
74 26 0.5 23
75 26 0.5 23
77 26 0.5 23
79 26 0.5 23
78 26 0.5 23
79 25 0.5 23
78 27 0.5 23
78 28 0.5 23
71 26 0.5 23
71 25 0.5 23
73 26 0.5 23
72 26 0.5 23
72 25 0.5 23
72 24 0.5 23
79 24 0.5 23
70 22 0.5 23
72 23 0.5 23
71 23 0.5 23
70 23 0.5 23
71 24 0.5 23
69 22 0.5 23
72 22 0.5 23
12 23 0.5 49
12 24 0.5 49
13 23 0.5 49
11 24 0.5 49
14 23 0.5 49
9 22 0.5 49
9 23 0.5 49
10 23 0.5 49
11 23 0.5 49
8 22 0.5 49
9 24 0.5 49
15 23 0.5 49
16 23 0.5 49
14 22 0.5 49
13 22 0.5 49
18 25 0.5 49
17 25 0.5 49
17 24 0.5 49
17 22 0.5 49
17 23 0.5 49
18 21 0.5 49
18 22 0.5 49
19 26 0.5 49
19 25 0.5 49
9 21 0.5 49
8 21 0.5 49
8 20 0.5 49
22 26 0.5 49
21 26 0.5 49
21 25 0.5 49
20 26 0.5 49
20 27 0.5 49
18 31 0.5 49
18 32 0.5 49
17 35 0.5 49
17 34 0.5 49
17 33 0.5 49
17 32 0.5 49
19 31 0.5 49
19 32 0.5 49
22 28 0.5 49
21 28 0.5 49
22 29 0.5 49
20 28 0.5 49
21 27 0.5 49
23 29 0.5 49
20 29 0.5 49
19 29 0.5 49
19 30 0.5 49
26 67 0.5 9
26 66 0.5 9
24 67 0.5 9
24 68 0.5 9
25 67 0.5 9
23 64 0.5 9
24 66 0.5 9
24 64 0.5 9
24 65 0.5 9
76 39 0.5 19
77 39 0.5 19
77 40 0.5 19
75 38 0.5 19
74 38 0.5 19
75 39 0.5 19
75 37 0.5 19
77 38 0.5 19
78 38 0.5 19
79 38 0.5 19
80 38 0.5 19
81 38 0.5 19
79 39 0.5 19
82 38 0.5 19
82 39 0.5 19
81 39 0.5 19
81 40 0.5 19
83 38 0.5 19
83 37 0.5 19
32 75 0.5 2
33 75 0.5 2
26 30 0.5 6
25 30 0.5 6
25 31 0.5 6
27 30 0.5 6
28 30 0.5 6
29 30 0.5 6
87 81 0.5 15
87 82 0.5 15
87 80 0.5 15
89 81 0.5 15
89 82 0.5 15
89 80 0.5 15
88 82 0.5 15
89 79 0.5 15
87 79 0.5 15
88 79 0.5 15
87 77 0.5 15
87 78 0.5 15
88 77 0.5 15
86 79 0.5 15
86 78 0.5 15
41 20 0.5 40
41 19 0.5 40
40 19 0.5 40
37 20 0.5 40
37 19 0.5 40
38 19 0.5 40
39 19 0.5 40
36 20 0.5 40
35 20 0.5 40
35 21 0.5 40
35 19 0.5 40
33 22 0.5 40
33 23 0.5 40
35 22 0.5 40
34 22 0.5 40
34 20 0.5 40
32 22 0.5 40
41 21 0.5 40
41 22 0.5 40
36 28 0.5 40
37 27 0.5 40
36 27 0.5 40
35 27 0.5 40
35 23 0.5 40
35 25 0.5 40
35 24 0.5 40
35 26 0.5 40
36 26 0.5 40
34 24 0.5 40
44 26 0.5 40
44 25 0.5 40
42 25 0.5 40
43 25 0.5 40
45 25 0.5 40
42 26 0.5 40
42 27 0.5 40
41 26 0.5 40
42 24 0.5 40
42 23 0.5 40
42 22 0.5 40
17 53 0.5 7
16 53 0.5 7
16 54 0.5 7
18 54 0.5 7
18 53 0.5 7
19 54 0.5 7
18 55 0.5 7
75 4 0.5 14
75 5 0.5 14
74 4 0.5 14
74 3 0.5 14
72 4 0.5 14
73 5 0.5 14
72 5 0.5 14
73 4 0.5 14
74 2 0.5 14
78 5 0.5 14
78 6 0.5 14
77 5 0.5 14
76 5 0.5 14
76 6 0.5 14
42 48 0.5 6
42 47 0.5 6
42 45 0.5 6
42 46 0.5 6
41 44 0.5 6
41 45 0.5 6
47 8 0.5 8
47 9 0.5 8
48 9 0.5 8
45 11 0.5 8
46 11 0.5 8
46 12 0.5 8
47 11 0.5 8
47 10 0.5 8
74 47 0.5 10
74 48 0.5 10
73 48 0.5 10
75 47 0.5 10
76 49 0.5 10
76 48 0.5 10
75 49 0.5 10
74 49 0.5 10
77 49 0.5 10
76 50 0.5 10
29 91 0.5 22
28 91 0.5 22
29 92 0.5 22
28 92 0.5 22
29 90 0.5 22
28 89 0.5 22
28 90 0.5 22
27 89 0.5 22
26 89 0.5 22
29 89 0.5 22
28 88 0.5 22
27 88 0.5 22
26 88 0.5 22
30 91 0.5 22
25 97 0.5 22
25 96 0.5 22
26 95 0.5 22
26 96 0.5 22
27 94 0.5 22
26 94 0.5 22
27 93 0.5 22
28 93 0.5 22
97 6 0.5 22
96 6 0.5 22
95 6 0.5 22
99 4 0.5 22
99 5 0.5 22
99 3 0.5 22
0 3 0.5 22
97 5 0.5 22
98 5 0.5 22
0 2 0.5 22
95 5 0.5 22
95 4 0.5 22
0 1 0.5 22
94 5 0.5 22
1 2 0.5 22
2 2 0.5 22
97 7 0.5 22
1 3 0.5 22
93 7 0.5 22
93 6 0.5 22
93 5 0.5 22
97 8 0.5 22
85 55 0.5 21
86 55 0.5 21
87 55 0.5 21
87 54 0.5 21
84 55 0.5 21
88 54 0.5 21
85 54 0.5 21
82 57 0.5 21
82 56 0.5 21
83 56 0.5 21
82 60 0.5 21
82 58 0.5 21
82 59 0.5 21
83 55 0.5 21
88 53 0.5 21
86 57 0.5 21
86 56 0.5 21
86 58 0.5 21
87 58 0.5 21
88 58 0.5 21
85 57 0.5 21
57 95 0.5 13
56 95 0.5 13
55 94 0.5 13
56 94 0.5 13
56 93 0.5 13
55 90 0.5 13
57 90 0.5 13
57 91 0.5 13
56 90 0.5 13
58 91 0.5 13
57 92 0.5 13
56 92 0.5 13
54 90 0.5 13
9 56 0.5 28
8 56 0.5 28
10 57 0.5 28
10 56 0.5 28
5 58 0.5 28
4 58 0.5 28
4 59 0.5 28
5 59 0.5 28
3 59 0.5 28
3 61 0.5 28
3 60 0.5 28
4 62 0.5 28
5 61 0.5 28
4 61 0.5 28
6 58 0.5 28
6 57 0.5 28
6 56 0.5 28
6 61 0.5 28
7 56 0.5 28
7 55 0.5 28
10 52 0.5 28
10 53 0.5 28
10 54 0.5 28
10 55 0.5 28
9 55 0.5 28
8 55 0.5 28
5 63 0.5 28
4 63 0.5 28
55 27 0.5 13
53 26 0.5 13
53 25 0.5 13
53 27 0.5 13
54 26 0.5 13
54 27 0.5 13
55 26 0.5 13
53 22 0.5 13
53 23 0.5 13
53 24 0.5 13
52 27 0.5 13
51 28 0.5 13
51 27 0.5 13
48 44 0.5 9
49 44 0.5 9
49 43 0.5 9
48 45 0.5 9
48 46 0.5 9
49 46 0.5 9
50 46 0.5 9
46 46 0.5 9
47 46 0.5 9
66 36 0.5 15
67 36 0.5 15
65 36 0.5 15
63 34 0.5 15
64 34 0.5 15
62 34 0.5 15
65 35 0.5 15
64 35 0.5 15
62 31 0.5 15
62 32 0.5 15
62 33 0.5 15
64 36 0.5 15
68 36 0.5 15
68 35 0.5 15
68 37 0.5 15
26 59 0.5 1
48 75 0.5 8
47 74 0.5 8
47 73 0.5 8
48 74 0.5 8
46 73 0.5 8
48 76 0.5 8
49 77 0.5 8
48 77 0.5 8
30 35 0.5 8
31 35 0.5 8
29 35 0.5 8
30 34 0.5 8
29 37 0.5 8
29 36 0.5 8
28 37 0.5 8
27 37 0.5 8
84 13 0.5 7
84 14 0.5 7
85 14 0.5 7
85 13 0.5 7
86 14 0.5 7
87 14 0.5 7
87 13 0.5 7
85 97 0.5 13
84 97 0.5 13
83 97 0.5 13
82 97 0.5 13
84 96 0.5 13
84 95 0.5 13
82 96 0.5 13
82 95 0.5 13
84 92 0.5 13
84 93 0.5 13
84 94 0.5 13
83 92 0.5 13
83 91 0.5 13
67 92 0.5 13
68 92 0.5 13
66 92 0.5 13
65 92 0.5 13
66 93 0.5 13
72 93 0.5 13
72 92 0.5 13
69 93 0.5 13
70 93 0.5 13
71 93 0.5 13
69 92 0.5 13
71 92 0.5 13
73 93 0.5 13
54 70 0.5 3
54 69 0.5 3
54 68 0.5 3
89 89 0.5 12
90 89 0.5 12
88 89 0.5 12
88 88 0.5 12
89 90 0.5 12
86 87 0.5 12
87 87 0.5 12
87 86 0.5 12
88 87 0.5 12
87 85 0.5 12
88 85 0.5 12
91 89 0.5 12
22 57 0.5 6
22 56 0.5 6
21 57 0.5 6
21 58 0.5 6
21 59 0.5 6
20 58 0.5 6
82 1 0.5 7
81 1 0.5 7
81 0 0.5 7
80 0 0.5 7
79 0 0.5 7
79 1 0.5 7
78 1 0.5 7
24 74 0.5 28
25 74 0.5 28
23 74 0.5 28
22 75 0.5 28
23 75 0.5 28
24 75 0.5 28
25 72 0.5 28
24 72 0.5 28
23 73 0.5 28
23 72 0.5 28
22 71 0.5 28
22 72 0.5 28
26 74 0.5 28
26 73 0.5 28
26 75 0.5 28
27 74 0.5 28
26 72 0.5 28
27 72 0.5 28
28 75 0.5 28
29 75 0.5 28
27 75 0.5 28
28 74 0.5 28
28 71 0.5 28
27 71 0.5 28
26 69 0.5 28
27 69 0.5 28
27 70 0.5 28
26 70 0.5 28
10 69 0.5 4
11 69 0.5 4
9 69 0.5 4
12 69 0.5 4
58 16 0.5 23
58 14 0.5 23
59 14 0.5 23
59 16 0.5 23
59 15 0.5 23
60 17 0.5 23
60 16 0.5 23
61 16 0.5 23
62 16 0.5 23
62 15 0.5 23
61 14 0.5 23
62 14 0.5 23
63 14 0.5 23
58 17 0.5 23
63 16 0.5 23
64 16 0.5 23
67 16 0.5 23
66 16 0.5 23
65 16 0.5 23
57 13 0.5 23
55 13 0.5 23
56 13 0.5 23
57 14 0.5 23
36 71 0.5 2
36 72 0.5 2
35 3 0.5 5
36 4 0.5 5
35 4 0.5 5
37 4 0.5 5
38 4 0.5 5
77 93 0.5 4
78 93 0.5 4
78 95 0.5 4
78 94 0.5 4
13 11 0.5 9
14 12 0.5 9
13 12 0.5 9
14 13 0.5 9
12 12 0.5 9
11 11 0.5 9
12 11 0.5 9
10 11 0.5 9
10 12 0.5 9
16 8 0.5 34
15 8 0.5 34
16 10 0.5 34
15 10 0.5 34
15 9 0.5 34
16 11 0.5 34
15 7 0.5 34
16 7 0.5 34
17 7 0.5 34
16 6 0.5 34
16 5 0.5 34
15 6 0.5 34
14 5 0.5 34
15 5 0.5 34
13 5 0.5 34
17 11 0.5 34
18 10 0.5 34
18 12 0.5 34
18 11 0.5 34
12 5 0.5 34
12 4 0.5 34
11 4 0.5 34
11 5 0.5 34
10 3 0.5 34
11 3 0.5 34
9 3 0.5 34
16 2 0.5 34
16 3 0.5 34
15 4 0.5 34
16 4 0.5 34
15 2 0.5 34
14 2 0.5 34
14 1 0.5 34
13 2 0.5 34
85 47 0.5 4
85 45 0.5 4
85 46 0.5 4
86 46 0.5 4
55 79 0.5 10
54 79 0.5 10
53 79 0.5 10
56 81 0.5 10
55 81 0.5 10
55 80 0.5 10
54 80 0.5 10
52 80 0.5 10
53 80 0.5 10
53 81 0.5 10
80 12 0.5 9
79 12 0.5 9
79 13 0.5 9
78 12 0.5 9
81 12 0.5 9
77 14 0.5 9
77 13 0.5 9
77 12 0.5 9
76 12 0.5 9
9 94 0.5 8
10 94 0.5 8
9 93 0.5 8
10 93 0.5 8
11 94 0.5 8
11 93 0.5 8
12 93 0.5 8
11 95 0.5 8
66 73 0.5 3
67 72 0.5 3
66 72 0.5 3
9 80 0.5 4
11 79 0.5 4
11 80 0.5 4
10 80 0.5 4
65 47 0.5 17
66 47 0.5 17
64 47 0.5 17
64 48 0.5 17
64 49 0.5 17
64 50 0.5 17
63 51 0.5 17
63 52 0.5 17
63 50 0.5 17
64 53 0.5 17
63 53 0.5 17
62 49 0.5 17
63 49 0.5 17
64 46 0.5 17
64 45 0.5 17
64 44 0.5 17
63 44 0.5 17
87 24 0.5 20
87 25 0.5 20
86 26 0.5 20
87 26 0.5 20
85 26 0.5 20
88 26 0.5 20
88 25 0.5 20
86 25 0.5 20
90 25 0.5 20
89 25 0.5 20
85 22 0.5 20
85 23 0.5 20
85 24 0.5 20
85 25 0.5 20
86 22 0.5 20
85 28 0.5 20
85 27 0.5 20
87 28 0.5 20
86 28 0.5 20
88 28 0.5 20
95 33 0.5 1
60 75 0.5 11
60 76 0.5 11
60 78 0.5 11
60 77 0.5 11
59 76 0.5 11
58 73 0.5 11
58 75 0.5 11
58 76 0.5 11
57 76 0.5 11
58 74 0.5 11
57 77 0.5 11
94 51 0.5 8
93 51 0.5 8
92 51 0.5 8
93 50 0.5 8
94 52 0.5 8
91 49 0.5 8
91 50 0.5 8
91 51 0.5 8
36 54 0.5 19
37 56 0.5 19
36 55 0.5 19
36 56 0.5 19
43 57 0.5 19
42 57 0.5 19
41 57 0.5 19
40 57 0.5 19
39 57 0.5 19
38 55 0.5 19
39 56 0.5 19
38 56 0.5 19
43 56 0.5 19
43 55 0.5 19
43 54 0.5 19
44 53 0.5 19
44 52 0.5 19
44 54 0.5 19
36 57 0.5 19
52 33 0.5 2
52 32 0.5 2
80 80 0.5 8
80 79 0.5 8
79 78 0.5 8
80 78 0.5 8
80 81 0.5 8
80 82 0.5 8
79 81 0.5 8
81 82 0.5 8
38 40 0.5 15
38 41 0.5 15
39 40 0.5 15
35 41 0.5 15
36 41 0.5 15
37 41 0.5 15
35 42 0.5 15
35 43 0.5 15
34 43 0.5 15
37 39 0.5 15
38 39 0.5 15
36 39 0.5 15
36 38 0.5 15
35 38 0.5 15
37 38 0.5 15
50 59 0.5 9
50 60 0.5 9
51 60 0.5 9
51 59 0.5 9
49 60 0.5 9
52 60 0.5 9
50 61 0.5 9
50 62 0.5 9
51 62 0.5 9
21 49 0.5 2
20 49 0.5 2
48 41 0.5 1
44 35 0.5 1
56 31 0.5 2
56 32 0.5 2
29 65 0.5 2
29 64 0.5 2
94 26 0.5 14
94 27 0.5 14
95 27 0.5 14
95 25 0.5 14
94 25 0.5 14
93 25 0.5 14
97 24 0.5 14
98 24 0.5 14
99 24 0.5 14
99 23 0.5 14
97 25 0.5 14
96 24 0.5 14
95 24 0.5 14
95 23 0.5 14
93 77 0.5 12
93 76 0.5 12
94 78 0.5 12
93 78 0.5 12
94 72 0.5 12
94 73 0.5 12
94 74 0.5 12
95 72 0.5 12
93 73 0.5 12
93 75 0.5 12
94 75 0.5 12
95 75 0.5 12
29 3 0.5 3
29 4 0.5 3
28 4 0.5 3
45 18 0.5 7
45 16 0.5 7
44 17 0.5 7
45 17 0.5 7
45 15 0.5 7
45 14 0.5 7
45 13 0.5 7
28 9 0.5 18
28 8 0.5 18
28 7 0.5 18
27 11 0.5 18
27 9 0.5 18
27 10 0.5 18
26 11 0.5 18
25 11 0.5 18
24 11 0.5 18
31 11 0.5 18
31 12 0.5 18
30 11 0.5 18
30 10 0.5 18
31 13 0.5 18
30 13 0.5 18
29 10 0.5 18
29 9 0.5 18
24 10 0.5 18
1 63 0.5 3
1 64 0.5 3
1 65 0.5 3
7 42 0.5 14
6 42 0.5 14
8 41 0.5 14
9 41 0.5 14
9 42 0.5 14
10 42 0.5 14
8 42 0.5 14
7 41 0.5 14
7 40 0.5 14
7 39 0.5 14
8 39 0.5 14
9 39 0.5 14
10 40 0.5 14
9 40 0.5 14
1 11 0.5 1
62 60 0.5 6
63 60 0.5 6
63 62 0.5 6
63 61 0.5 6
64 61 0.5 6
61 60 0.5 6
17 78 0.5 2
16 78 0.5 2
80 86 0.5 8
80 85 0.5 8
79 85 0.5 8
78 83 0.5 8
79 83 0.5 8
78 84 0.5 8
78 85 0.5 8
77 83 0.5 8
11 84 0.5 5
10 84 0.5 5
10 83 0.5 5
10 82 0.5 5
10 85 0.5 5
68 53 0.5 8
68 52 0.5 8
68 51 0.5 8
67 51 0.5 8
68 55 0.5 8
67 55 0.5 8
68 54 0.5 8
69 51 0.5 8
6 80 0.5 16
4 83 0.5 16
5 81 0.5 16
4 81 0.5 16
4 82 0.5 16
5 80 0.5 16
3 84 0.5 16
4 84 0.5 16
4 85 0.5 16
5 85 0.5 16
5 86 0.5 16
3 82 0.5 16
5 87 0.5 16
5 88 0.5 16
4 89 0.5 16
5 89 0.5 16
39 64 0.5 6
38 64 0.5 6
37 64 0.5 6
37 62 0.5 6
37 63 0.5 6
40 64 0.5 6
18 82 0.5 3
19 82 0.5 3
20 82 0.5 3
97 40 0.5 4
96 41 0.5 4
96 42 0.5 4
97 41 0.5 4
21 92 0.5 7
21 93 0.5 7
19 90 0.5 7
19 89 0.5 7
20 92 0.5 7
19 91 0.5 7
20 91 0.5 7
59 87 0.5 1
62 20 0.5 1
29 53 0.5 10
28 53 0.5 10
30 53 0.5 10
28 55 0.5 10
28 54 0.5 10
27 54 0.5 10
27 53 0.5 10
31 52 0.5 10
31 51 0.5 10
30 52 0.5 10
55 50 0.5 6
55 51 0.5 6
53 50 0.5 6
53 51 0.5 6
54 51 0.5 6
53 52 0.5 6
43 91 0.5 4
43 90 0.5 4
42 91 0.5 4
42 90 0.5 4
99 35 0.5 3
0 34 0.5 3
99 34 0.5 3
68 62 0.5 3
69 62 0.5 3
70 62 0.5 3
83 7 0.5 2
83 8 0.5 2
4 26 0.5 2
3 26 0.5 2
80 65 0.5 10
81 65 0.5 10
82 65 0.5 10
77 66 0.5 10
77 65 0.5 10
77 67 0.5 10
79 66 0.5 10
80 66 0.5 10
78 66 0.5 10
76 65 0.5 10
32 97 0.5 2
32 96 0.5 2
98 14 0.5 3
98 13 0.5 3
99 14 0.5 3
47 92 0.5 11
47 93 0.5 11
47 95 0.5 11
47 94 0.5 11
49 95 0.5 11
48 95 0.5 11
49 94 0.5 11
50 93 0.5 11
50 94 0.5 11
46 95 0.5 11
46 94 0.5 11
54 35 0.5 1
26 19 0.5 2
27 19 0.5 2
55 4 0.5 3
54 5 0.5 3
55 5 0.5 3
72 43 0.5 1
96 91 0.5 7
97 90 0.5 7
97 91 0.5 7
96 93 0.5 7
97 93 0.5 7
96 92 0.5 7
98 93 0.5 7
90 39 0.5 1
33 85 0.5 5
32 86 0.5 5
32 85 0.5 5
30 85 0.5 5
31 85 0.5 5
75 73 0.5 7
75 74 0.5 7
75 75 0.5 7
76 75 0.5 7
74 75 0.5 7
73 76 0.5 7
73 75 0.5 7
37 11 0.5 4
38 11 0.5 4
38 10 0.5 4
38 9 0.5 4
63 97 0.5 3
62 97 0.5 3
61 97 0.5 3
38 66 0.5 2
37 66 0.5 2
40 79 0.5 5
41 79 0.5 5
43 79 0.5 5
42 79 0.5 5
40 78 0.5 5
95 15 0.5 3
96 15 0.5 3
94 15 0.5 3
62 83 0.5 1
38 91 0.5 6
40 91 0.5 6
39 93 0.5 6
39 92 0.5 6
39 91 0.5 6
39 94 0.5 6
69 81 0.5 1
26 42 0.5 1
18 60 0.5 1
56 98 0.5 1
87 65 0.5 2
87 66 0.5 2
5 29 0.5 5
6 29 0.5 5
4 30 0.5 5
4 29 0.5 5
4 28 0.5 5
6 95 0.5 1
15 72 0.5 1
49 72 0.5 1
4 7 0.5 1
96 56 0.5 1
13 29 0.5 2
12 29 0.5 2
82 50 0.5 2
83 50 0.5 2
45 67 0.5 2
45 66 0.5 2
8 75 0.5 2
9 75 0.5 2
74 42 0.5 1
26 81 0.5 1
88 35 0.5 1
61 40 0.5 1
18 96 0.5 1
38 75 0.5 1
