66 69 0.5 6
68 69 0.5 6
68 70 0.5 6
67 69 0.5 6
66 68 0.5 6
65 69 0.5 6
4 20 0.5 3
3 20 0.5 3
3 19 0.5 3
14 66 0.5 5
13 66 0.5 5
13 64 0.5 5
12 64 0.5 5
13 65 0.5 5
1 46 0.5 16
2 46 0.5 16
3 46 0.5 16
0 46 0.5 16
7 46 0.5 16
6 46 0.5 16
6 47 0.5 16
5 47 0.5 16
4 46 0.5 16
5 46 0.5 16
4 45 0.5 16
7 47 0.5 16
1 45 0.5 16
7 49 0.5 16
7 48 0.5 16
8 48 0.5 16
76 27 0.5 23
74 27 0.5 23
75 27 0.5 23
77 27 0.5 23
79 27 0.5 23
78 27 0.5 23
79 26 0.5 23
78 28 0.5 23
78 29 0.5 23
71 27 0.5 23
71 26 0.5 23
73 27 0.5 23
72 27 0.5 23
72 26 0.5 23
72 25 0.5 23
79 25 0.5 23
70 23 0.5 23
72 24 0.5 23
71 24 0.5 23
70 24 0.5 23
71 25 0.5 23
69 23 0.5 23
72 23 0.5 23
13 23 0.5 55
13 24 0.5 55
14 23 0.5 55
12 24 0.5 55
15 23 0.5 55
10 22 0.5 55
10 23 0.5 55
11 23 0.5 55
12 23 0.5 55
9 22 0.5 55
10 24 0.5 55
16 23 0.5 55
17 23 0.5 55
15 22 0.5 55
14 22 0.5 55
19 25 0.5 55
18 25 0.5 55
18 24 0.5 55
18 22 0.5 55
18 23 0.5 55
19 21 0.5 55
19 22 0.5 55
20 26 0.5 55
20 25 0.5 55
10 21 0.5 55
9 21 0.5 55
9 20 0.5 55
23 26 0.5 55
22 26 0.5 55
22 25 0.5 55
21 26 0.5 55
21 27 0.5 55
19 31 0.5 55
19 32 0.5 55
18 35 0.5 55
18 34 0.5 55
18 33 0.5 55
18 32 0.5 55
20 31 0.5 55
20 32 0.5 55
23 28 0.5 55
22 28 0.5 55
23 29 0.5 55
21 28 0.5 55
22 27 0.5 55
24 29 0.5 55
21 29 0.5 55
20 29 0.5 55
20 30 0.5 55
25 30 0.5 55
24 30 0.5 55
24 31 0.5 55
26 30 0.5 55
27 30 0.5 55
28 30 0.5 55
25 67 0.5 9
25 66 0.5 9
23 67 0.5 9
23 68 0.5 9
24 67 0.5 9
22 64 0.5 9
23 66 0.5 9
23 64 0.5 9
23 65 0.5 9
75 39 0.5 19
76 39 0.5 19
76 40 0.5 19
74 38 0.5 19
73 38 0.5 19
74 39 0.5 19
74 37 0.5 19
76 38 0.5 19
77 38 0.5 19
78 38 0.5 19
79 38 0.5 19
80 38 0.5 19
78 39 0.5 19
81 38 0.5 19
81 39 0.5 19
80 39 0.5 19
80 40 0.5 19
82 38 0.5 19
82 37 0.5 19
33 75 0.5 2
34 75 0.5 2
87 81 0.5 15
87 82 0.5 15
87 80 0.5 15
89 81 0.5 15
89 82 0.5 15
89 80 0.5 15
88 82 0.5 15
89 79 0.5 15
87 79 0.5 15
88 79 0.5 15
87 77 0.5 15
87 78 0.5 15
88 77 0.5 15
86 79 0.5 15
86 78 0.5 15
41 19 0.5 40
41 18 0.5 40
40 18 0.5 40
37 19 0.5 40
37 18 0.5 40
38 18 0.5 40
39 18 0.5 40
36 19 0.5 40
35 19 0.5 40
35 20 0.5 40
35 18 0.5 40
33 21 0.5 40
33 22 0.5 40
35 21 0.5 40
34 21 0.5 40
34 19 0.5 40
32 21 0.5 40
41 20 0.5 40
41 21 0.5 40
36 27 0.5 40
37 26 0.5 40
36 26 0.5 40
35 26 0.5 40
35 22 0.5 40
35 24 0.5 40
35 23 0.5 40
35 25 0.5 40
36 25 0.5 40
34 23 0.5 40
44 25 0.5 40
44 24 0.5 40
42 24 0.5 40
43 24 0.5 40
45 24 0.5 40
42 25 0.5 40
42 26 0.5 40
41 25 0.5 40
42 23 0.5 40
42 22 0.5 40
42 21 0.5 40
17 54 0.5 7
16 54 0.5 7
16 55 0.5 7
18 55 0.5 7
18 54 0.5 7
19 55 0.5 7
18 56 0.5 7
75 3 0.5 14
75 4 0.5 14
74 3 0.5 14
74 2 0.5 14
72 3 0.5 14
73 4 0.5 14
72 4 0.5 14
73 3 0.5 14
74 1 0.5 14
78 4 0.5 14
78 5 0.5 14
77 4 0.5 14
76 4 0.5 14
76 5 0.5 14
41 48 0.5 6
41 47 0.5 6
41 45 0.5 6
41 46 0.5 6
40 44 0.5 6
40 45 0.5 6
46 8 0.5 15
46 9 0.5 15
47 9 0.5 15
44 11 0.5 15
45 11 0.5 15
45 12 0.5 15
46 11 0.5 15
46 10 0.5 15
45 18 0.5 15
45 16 0.5 15
44 17 0.5 15
45 17 0.5 15
45 15 0.5 15
45 14 0.5 15
45 13 0.5 15
74 46 0.5 10
74 47 0.5 10
73 47 0.5 10
75 46 0.5 10
76 48 0.5 10
76 47 0.5 10
75 48 0.5 10
74 48 0.5 10
77 48 0.5 10
76 49 0.5 10
29 92 0.5 22
28 92 0.5 22
29 93 0.5 22
28 93 0.5 22
29 91 0.5 22
28 90 0.5 22
28 91 0.5 22
27 90 0.5 22
26 90 0.5 22
29 90 0.5 22
28 89 0.5 22
27 89 0.5 22
26 89 0.5 22
30 92 0.5 22
25 98 0.5 22
25 97 0.5 22
26 96 0.5 22
26 97 0.5 22
27 95 0.5 22
26 95 0.5 22
27 94 0.5 22
28 94 0.5 22
97 7 0.5 22
96 7 0.5 22
95 7 0.5 22
99 5 0.5 22
99 6 0.5 22
99 4 0.5 22
0 4 0.5 22
97 6 0.5 22
98 6 0.5 22
0 3 0.5 22
95 6 0.5 22
95 5 0.5 22
0 2 0.5 22
94 6 0.5 22
1 3 0.5 22
2 3 0.5 22
97 8 0.5 22
1 4 0.5 22
93 8 0.5 22
93 7 0.5 22
93 6 0.5 22
97 9 0.5 22
85 54 0.5 21
86 54 0.5 21
87 54 0.5 21
87 53 0.5 21
84 54 0.5 21
88 53 0.5 21
85 53 0.5 21
82 56 0.5 21
82 55 0.5 21
83 55 0.5 21
82 59 0.5 21
82 57 0.5 21
82 58 0.5 21
83 54 0.5 21
88 52 0.5 21
86 56 0.5 21
86 55 0.5 21
86 57 0.5 21
87 57 0.5 21
88 57 0.5 21
85 56 0.5 21
57 96 0.5 13
56 96 0.5 13
55 95 0.5 13
56 95 0.5 13
56 94 0.5 13
55 91 0.5 13
57 91 0.5 13
57 92 0.5 13
56 91 0.5 13
58 92 0.5 13
57 93 0.5 13
56 93 0.5 13
54 91 0.5 13
9 57 0.5 28
8 57 0.5 28
10 58 0.5 28
10 57 0.5 28
5 59 0.5 28
4 59 0.5 28
4 60 0.5 28
5 60 0.5 28
3 60 0.5 28
3 62 0.5 28
3 61 0.5 28
4 63 0.5 28
5 62 0.5 28
4 62 0.5 28
6 59 0.5 28
6 58 0.5 28
6 57 0.5 28
6 62 0.5 28
7 57 0.5 28
7 56 0.5 28
10 53 0.5 28
10 54 0.5 28
10 55 0.5 28
10 56 0.5 28
9 56 0.5 28
8 56 0.5 28
5 64 0.5 28
4 64 0.5 28
56 27 0.5 13
54 26 0.5 13
54 25 0.5 13
54 27 0.5 13
55 26 0.5 13
55 27 0.5 13
56 26 0.5 13
54 22 0.5 13
54 23 0.5 13
54 24 0.5 13
53 27 0.5 13
52 28 0.5 13
52 27 0.5 13
48 43 0.5 10
49 43 0.5 10
49 42 0.5 10
48 44 0.5 10
48 45 0.5 10
49 45 0.5 10
50 45 0.5 10
46 45 0.5 10
47 45 0.5 10
49 41 0.5 10
65 36 0.5 15
66 36 0.5 15
64 36 0.5 15
62 34 0.5 15
63 34 0.5 15
61 34 0.5 15
64 35 0.5 15
63 35 0.5 15
61 31 0.5 15
61 32 0.5 15
61 33 0.5 15
63 36 0.5 15
67 36 0.5 15
67 35 0.5 15
67 37 0.5 15
25 59 0.5 1
49 75 0.5 8
48 74 0.5 8
48 73 0.5 8
49 74 0.5 8
47 73 0.5 8
49 76 0.5 8
50 77 0.5 8
49 77 0.5 8
29 35 0.5 8
30 35 0.5 8
28 35 0.5 8
29 34 0.5 8
28 37 0.5 8
28 36 0.5 8
27 37 0.5 8
26 37 0.5 8
83 13 0.5 7
83 14 0.5 7
84 14 0.5 7
84 13 0.5 7
85 14 0.5 7
86 14 0.5 7
86 13 0.5 7
84 97 0.5 13
83 97 0.5 13
82 97 0.5 13
81 97 0.5 13
83 96 0.5 13
83 95 0.5 13
81 96 0.5 13
81 95 0.5 13
83 92 0.5 13
83 93 0.5 13
83 94 0.5 13
82 92 0.5 13
82 91 0.5 13
67 93 0.5 13
68 93 0.5 13
66 93 0.5 13
65 93 0.5 13
66 94 0.5 13
72 94 0.5 13
72 93 0.5 13
69 94 0.5 13
70 94 0.5 13
71 94 0.5 13
69 93 0.5 13
71 93 0.5 13
73 94 0.5 13
53 70 0.5 3
53 69 0.5 3
53 68 0.5 3
88 89 0.5 12
89 89 0.5 12
87 89 0.5 12
87 88 0.5 12
88 90 0.5 12
85 87 0.5 12
86 87 0.5 12
86 86 0.5 12
87 87 0.5 12
86 85 0.5 12
87 85 0.5 12
90 89 0.5 12
23 57 0.5 6
23 56 0.5 6
22 57 0.5 6
22 58 0.5 6
22 59 0.5 6
21 58 0.5 6
82 2 0.5 7
81 2 0.5 7
81 1 0.5 7
80 1 0.5 7
79 1 0.5 7
79 2 0.5 7
78 2 0.5 7
24 73 0.5 28
25 73 0.5 28
23 73 0.5 28
22 74 0.5 28
23 74 0.5 28
24 74 0.5 28
25 71 0.5 28
24 71 0.5 28
23 72 0.5 28
23 71 0.5 28
22 70 0.5 28
22 71 0.5 28
26 73 0.5 28
26 72 0.5 28
26 74 0.5 28
27 73 0.5 28
26 71 0.5 28
27 71 0.5 28
28 74 0.5 28
29 74 0.5 28
27 74 0.5 28
28 73 0.5 28
28 70 0.5 28
27 70 0.5 28
26 68 0.5 28
27 68 0.5 28
27 69 0.5 28
26 69 0.5 28
10 68 0.5 4
11 68 0.5 4
9 68 0.5 4
12 68 0.5 4
58 17 0.5 23
58 15 0.5 23
59 15 0.5 23
59 17 0.5 23
59 16 0.5 23
60 18 0.5 23
60 17 0.5 23
61 17 0.5 23
62 17 0.5 23
62 16 0.5 23
61 15 0.5 23
62 15 0.5 23
63 15 0.5 23
58 18 0.5 23
63 17 0.5 23
64 17 0.5 23
67 17 0.5 23
66 17 0.5 23
65 17 0.5 23
57 14 0.5 23
55 14 0.5 23
56 14 0.5 23
57 15 0.5 23
36 72 0.5 2
36 73 0.5 2
34 3 0.5 5
35 4 0.5 5
34 4 0.5 5
36 4 0.5 5
37 4 0.5 5
77 94 0.5 4
78 94 0.5 4
78 96 0.5 4
78 95 0.5 4
13 12 0.5 9
14 13 0.5 9
13 13 0.5 9
14 14 0.5 9
12 13 0.5 9
11 12 0.5 9
12 12 0.5 9
10 12 0.5 9
10 13 0.5 9
16 7 0.5 34
15 7 0.5 34
16 9 0.5 34
15 9 0.5 34
15 8 0.5 34
16 10 0.5 34
15 6 0.5 34
16 6 0.5 34
17 6 0.5 34
16 5 0.5 34
16 4 0.5 34
15 5 0.5 34
14 4 0.5 34
15 4 0.5 34
13 4 0.5 34
17 10 0.5 34
18 9 0.5 34
18 11 0.5 34
18 10 0.5 34
12 4 0.5 34
12 3 0.5 34
11 3 0.5 34
11 4 0.5 34
10 2 0.5 34
11 2 0.5 34
9 2 0.5 34
16 1 0.5 34
16 2 0.5 34
15 3 0.5 34
16 3 0.5 34
15 1 0.5 34
14 1 0.5 34
14 0 0.5 34
13 1 0.5 34
86 47 0.5 4
86 45 0.5 4
86 46 0.5 4
87 46 0.5 4
55 78 0.5 10
54 78 0.5 10
53 78 0.5 10
56 80 0.5 10
55 80 0.5 10
55 79 0.5 10
54 79 0.5 10
52 79 0.5 10
53 79 0.5 10
53 80 0.5 10
79 12 0.5 9
78 12 0.5 9
78 13 0.5 9
77 12 0.5 9
80 12 0.5 9
76 14 0.5 9
76 13 0.5 9
76 12 0.5 9
75 12 0.5 9
10 94 0.5 8
11 94 0.5 8
10 93 0.5 8
11 93 0.5 8
12 94 0.5 8
12 93 0.5 8
13 93 0.5 8
12 95 0.5 8
67 73 0.5 3
68 72 0.5 3
67 72 0.5 3
9 81 0.5 9
11 80 0.5 9
11 81 0.5 9
10 81 0.5 9
11 84 0.5 9
10 84 0.5 9
10 83 0.5 9
10 82 0.5 9
10 85 0.5 9
66 47 0.5 17
67 47 0.5 17
65 47 0.5 17
65 48 0.5 17
65 49 0.5 17
65 50 0.5 17
64 51 0.5 17
64 52 0.5 17
64 50 0.5 17
65 53 0.5 17
64 53 0.5 17
63 49 0.5 17
64 49 0.5 17
65 46 0.5 17
65 45 0.5 17
65 44 0.5 17
64 44 0.5 17
87 25 0.5 20
87 26 0.5 20
86 27 0.5 20
87 27 0.5 20
85 27 0.5 20
88 27 0.5 20
88 26 0.5 20
86 26 0.5 20
90 26 0.5 20
89 26 0.5 20
85 23 0.5 20
85 24 0.5 20
85 25 0.5 20
85 26 0.5 20
86 23 0.5 20
85 29 0.5 20
85 28 0.5 20
87 29 0.5 20
86 29 0.5 20
88 29 0.5 20
95 32 0.5 1
60 74 0.5 11
60 75 0.5 11
60 77 0.5 11
60 76 0.5 11
59 75 0.5 11
58 72 0.5 11
58 74 0.5 11
58 75 0.5 11
57 75 0.5 11
58 73 0.5 11
57 76 0.5 11
95 51 0.5 8
94 51 0.5 8
93 51 0.5 8
94 50 0.5 8
95 52 0.5 8
92 49 0.5 8
92 50 0.5 8
92 51 0.5 8
37 54 0.5 19
38 56 0.5 19
37 55 0.5 19
37 56 0.5 19
44 57 0.5 19
43 57 0.5 19
42 57 0.5 19
41 57 0.5 19
40 57 0.5 19
39 55 0.5 19
40 56 0.5 19
39 56 0.5 19
44 56 0.5 19
44 55 0.5 19
44 54 0.5 19
45 53 0.5 19
45 52 0.5 19
45 54 0.5 19
37 57 0.5 19
52 32 0.5 2
52 31 0.5 2
79 80 0.5 16
79 79 0.5 16
78 78 0.5 16
79 78 0.5 16
79 81 0.5 16
79 82 0.5 16
78 81 0.5 16
80 82 0.5 16
80 86 0.5 16
80 85 0.5 16
79 85 0.5 16
78 83 0.5 16
79 83 0.5 16
78 84 0.5 16
78 85 0.5 16
77 83 0.5 16
38 39 0.5 15
38 40 0.5 15
39 39 0.5 15
35 40 0.5 15
36 40 0.5 15
37 40 0.5 15
35 41 0.5 15
35 42 0.5 15
34 42 0.5 15
37 38 0.5 15
38 38 0.5 15
36 38 0.5 15
36 37 0.5 15
35 37 0.5 15
37 37 0.5 15
49 59 0.5 9
49 60 0.5 9
50 60 0.5 9
50 59 0.5 9
48 60 0.5 9
51 60 0.5 9
49 61 0.5 9
49 62 0.5 9
50 62 0.5 9
20 49 0.5 2
19 49 0.5 2
44 35 0.5 1
57 31 0.5 2
57 32 0.5 2
29 66 0.5 2
29 65 0.5 2
94 27 0.5 14
94 28 0.5 14
95 28 0.5 14
95 26 0.5 14
94 26 0.5 14
93 26 0.5 14
97 25 0.5 14
98 25 0.5 14
99 25 0.5 14
99 24 0.5 14
97 26 0.5 14
96 25 0.5 14
95 25 0.5 14
95 24 0.5 14
93 76 0.5 12
93 75 0.5 12
94 77 0.5 12
93 77 0.5 12
94 71 0.5 12
94 72 0.5 12
94 73 0.5 12
95 71 0.5 12
93 72 0.5 12
93 74 0.5 12
94 74 0.5 12
95 74 0.5 12
30 3 0.5 3
30 4 0.5 3
29 4 0.5 3
28 8 0.5 18
28 7 0.5 18
28 6 0.5 18
27 10 0.5 18
27 8 0.5 18
27 9 0.5 18
26 10 0.5 18
25 10 0.5 18
24 10 0.5 18
31 10 0.5 18
31 11 0.5 18
30 10 0.5 18
30 9 0.5 18
31 12 0.5 18
30 12 0.5 18
29 9 0.5 18
29 8 0.5 18
24 9 0.5 18
1 62 0.5 3
1 63 0.5 3
1 64 0.5 3
6 42 0.5 14
5 42 0.5 14
7 41 0.5 14
8 41 0.5 14
8 42 0.5 14
9 42 0.5 14
7 42 0.5 14
6 41 0.5 14
6 40 0.5 14
6 39 0.5 14
7 39 0.5 14
8 39 0.5 14
9 40 0.5 14
8 40 0.5 14
0 11 0.5 1
63 60 0.5 6
64 60 0.5 6
64 62 0.5 6
64 61 0.5 6
65 61 0.5 6
62 60 0.5 6
18 78 0.5 2
17 78 0.5 2
68 54 0.5 8
68 53 0.5 8
68 52 0.5 8
67 52 0.5 8
68 56 0.5 8
67 56 0.5 8
68 55 0.5 8
69 52 0.5 8
6 81 0.5 16
4 84 0.5 16
5 82 0.5 16
4 82 0.5 16
4 83 0.5 16
5 81 0.5 16
3 85 0.5 16
4 85 0.5 16
4 86 0.5 16
5 86 0.5 16
5 87 0.5 16
3 83 0.5 16
5 88 0.5 16
5 89 0.5 16
4 90 0.5 16
5 90 0.5 16
38 64 0.5 8
37 64 0.5 8
36 64 0.5 8
36 62 0.5 8
36 63 0.5 8
39 64 0.5 8
38 65 0.5 8
37 65 0.5 8
17 82 0.5 3
18 82 0.5 3
19 82 0.5 3
97 41 0.5 4
96 42 0.5 4
96 43 0.5 4
97 42 0.5 4
21 91 0.5 7
21 92 0.5 7
19 89 0.5 7
19 88 0.5 7
20 91 0.5 7
19 90 0.5 7
20 90 0.5 7
58 87 0.5 1
62 19 0.5 1
30 53 0.5 10
29 53 0.5 10
31 53 0.5 10
29 55 0.5 10
29 54 0.5 10
28 54 0.5 10
28 53 0.5 10
32 52 0.5 10
32 51 0.5 10
31 52 0.5 10
55 51 0.5 6
55 52 0.5 6
53 51 0.5 6
53 52 0.5 6
54 52 0.5 6
53 53 0.5 6
42 91 0.5 10
42 90 0.5 10
41 91 0.5 10
41 90 0.5 10
38 91 0.5 10
40 91 0.5 10
39 93 0.5 10
39 92 0.5 10
39 91 0.5 10
39 94 0.5 10
98 35 0.5 3
99 34 0.5 3
98 34 0.5 3
68 61 0.5 3
69 61 0.5 3
70 61 0.5 3
83 8 0.5 2
83 9 0.5 2
4 27 0.5 7
3 27 0.5 7
5 29 0.5 7
6 29 0.5 7
4 30 0.5 7
4 29 0.5 7
4 28 0.5 7
80 66 0.5 10
81 66 0.5 10
82 66 0.5 10
77 67 0.5 10
77 66 0.5 10
77 68 0.5 10
79 67 0.5 10
80 67 0.5 10
78 67 0.5 10
76 66 0.5 10
32 98 0.5 2
32 97 0.5 2
98 13 0.5 3
98 12 0.5 3
99 13 0.5 3
48 92 0.5 11
48 93 0.5 11
48 95 0.5 11
48 94 0.5 11
50 95 0.5 11
49 95 0.5 11
50 94 0.5 11
51 93 0.5 11
51 94 0.5 11
47 95 0.5 11
47 94 0.5 11
54 36 0.5 1
27 19 0.5 2
28 19 0.5 2
55 3 0.5 3
54 4 0.5 3
55 4 0.5 3
73 43 0.5 2
74 43 0.5 2
95 91 0.5 7
96 90 0.5 7
96 91 0.5 7
95 93 0.5 7
96 93 0.5 7
95 92 0.5 7
97 93 0.5 7
90 38 0.5 1
33 86 0.5 5
32 87 0.5 5
32 86 0.5 5
30 86 0.5 5
31 86 0.5 5
74 73 0.5 7
74 74 0.5 7
74 75 0.5 7
75 75 0.5 7
73 75 0.5 7
72 76 0.5 7
72 75 0.5 7
37 12 0.5 4
38 12 0.5 4
38 11 0.5 4
38 10 0.5 4
63 96 0.5 3
62 96 0.5 3
61 96 0.5 3
40 79 0.5 5
41 79 0.5 5
43 79 0.5 5
42 79 0.5 5
40 78 0.5 5
96 15 0.5 3
97 15 0.5 3
95 15 0.5 3
62 82 0.5 1
69 80 0.5 1
26 43 0.5 1
18 59 0.5 1
56 99 0.5 1
86 65 0.5 2
86 66 0.5 2
6 96 0.5 1
15 71 0.5 1
49 71 0.5 1
4 6 0.5 1
97 56 0.5 1
12 29 0.5 2
11 29 0.5 2
81 50 0.5 2
82 50 0.5 2
46 67 0.5 2
46 66 0.5 2
7 75 0.5 2
8 75 0.5 2
26 81 0.5 1
89 35 0.5 1
60 40 0.5 1
19 96 0.5 1
37 75 0.5 1
