65 69 0.5 6
67 69 0.5 6
67 70 0.5 6
66 69 0.5 6
65 68 0.5 6
64 69 0.5 6
4 21 0.5 3
3 21 0.5 3
3 20 0.5 3
15 66 0.5 5
14 66 0.5 5
14 64 0.5 5
13 64 0.5 5
14 65 0.5 5
1 47 0.5 16
2 47 0.5 16
3 47 0.5 16
0 47 0.5 16
7 47 0.5 16
6 47 0.5 16
6 48 0.5 16
5 48 0.5 16
4 47 0.5 16
5 47 0.5 16
4 46 0.5 16
7 48 0.5 16
1 46 0.5 16
7 50 0.5 16
7 49 0.5 16
8 49 0.5 16
75 27 0.5 23
73 27 0.5 23
74 27 0.5 23
76 27 0.5 23
78 27 0.5 23
77 27 0.5 23
78 26 0.5 23
77 28 0.5 23
77 29 0.5 23
70 27 0.5 23
70 26 0.5 23
72 27 0.5 23
71 27 0.5 23
71 26 0.5 23
71 25 0.5 23
78 25 0.5 23
69 23 0.5 23
71 24 0.5 23
70 24 0.5 23
69 24 0.5 23
70 25 0.5 23
68 23 0.5 23
71 23 0.5 23
14 23 0.5 55
14 24 0.5 55
15 23 0.5 55
13 24 0.5 55
16 23 0.5 55
11 22 0.5 55
11 23 0.5 55
12 23 0.5 55
13 23 0.5 55
10 22 0.5 55
11 24 0.5 55
17 23 0.5 55
18 23 0.5 55
16 22 0.5 55
15 22 0.5 55
20 25 0.5 55
19 25 0.5 55
19 24 0.5 55
19 22 0.5 55
19 23 0.5 55
20 21 0.5 55
20 22 0.5 55
21 26 0.5 55
21 25 0.5 55
11 21 0.5 55
10 21 0.5 55
10 20 0.5 55
24 26 0.5 55
23 26 0.5 55
23 25 0.5 55
22 26 0.5 55
22 27 0.5 55
20 31 0.5 55
20 32 0.5 55
19 35 0.5 55
19 34 0.5 55
19 33 0.5 55
19 32 0.5 55
21 31 0.5 55
21 32 0.5 55
24 28 0.5 55
23 28 0.5 55
24 29 0.5 55
22 28 0.5 55
23 27 0.5 55
25 29 0.5 55
22 29 0.5 55
21 29 0.5 55
21 30 0.5 55
26 30 0.5 55
25 30 0.5 55
25 31 0.5 55
27 30 0.5 55
28 30 0.5 55
29 30 0.5 55
25 68 0.5 37
25 67 0.5 37
23 68 0.5 37
23 69 0.5 37
24 68 0.5 37
22 65 0.5 37
23 67 0.5 37
23 65 0.5 37
23 66 0.5 37
24 73 0.5 37
25 73 0.5 37
23 73 0.5 37
22 74 0.5 37
23 74 0.5 37
24 74 0.5 37
25 71 0.5 37
24 71 0.5 37
23 72 0.5 37
23 71 0.5 37
22 70 0.5 37
22 71 0.5 37
26 73 0.5 37
26 72 0.5 37
26 74 0.5 37
27 73 0.5 37
26 71 0.5 37
27 71 0.5 37
28 74 0.5 37
29 74 0.5 37
27 74 0.5 37
28 73 0.5 37
28 70 0.5 37
27 70 0.5 37
26 68 0.5 37
27 68 0.5 37
27 69 0.5 37
26 69 0.5 37
75 38 0.5 19
76 38 0.5 19
76 39 0.5 19
74 37 0.5 19
73 37 0.5 19
74 38 0.5 19
74 36 0.5 19
76 37 0.5 19
77 37 0.5 19
78 37 0.5 19
79 37 0.5 19
80 37 0.5 19
78 38 0.5 19
81 37 0.5 19
81 38 0.5 19
80 38 0.5 19
80 39 0.5 19
82 37 0.5 19
82 36 0.5 19
33 76 0.5 2
34 76 0.5 2
87 82 0.5 15
87 83 0.5 15
87 81 0.5 15
89 82 0.5 15
89 83 0.5 15
89 81 0.5 15
88 83 0.5 15
89 80 0.5 15
87 80 0.5 15
88 80 0.5 15
87 78 0.5 15
87 79 0.5 15
88 78 0.5 15
86 80 0.5 15
86 79 0.5 15
41 18 0.5 40
41 17 0.5 40
40 17 0.5 40
37 18 0.5 40
37 17 0.5 40
38 17 0.5 40
39 17 0.5 40
36 18 0.5 40
35 18 0.5 40
35 19 0.5 40
35 17 0.5 40
33 20 0.5 40
33 21 0.5 40
35 20 0.5 40
34 20 0.5 40
34 18 0.5 40
32 20 0.5 40
41 19 0.5 40
41 20 0.5 40
36 26 0.5 40
37 25 0.5 40
36 25 0.5 40
35 25 0.5 40
35 21 0.5 40
35 23 0.5 40
35 22 0.5 40
35 24 0.5 40
36 24 0.5 40
34 22 0.5 40
44 24 0.5 40
44 23 0.5 40
42 23 0.5 40
43 23 0.5 40
45 23 0.5 40
42 24 0.5 40
42 25 0.5 40
41 24 0.5 40
42 22 0.5 40
42 21 0.5 40
42 20 0.5 40
17 55 0.5 7
16 55 0.5 7
16 56 0.5 7
18 56 0.5 7
18 55 0.5 7
19 56 0.5 7
18 57 0.5 7
76 3 0.5 14
76 4 0.5 14
75 3 0.5 14
75 2 0.5 14
73 3 0.5 14
74 4 0.5 14
73 4 0.5 14
74 3 0.5 14
75 1 0.5 14
79 4 0.5 14
79 5 0.5 14
78 4 0.5 14
77 4 0.5 14
77 5 0.5 14
41 47 0.5 6
41 46 0.5 6
41 44 0.5 6
41 45 0.5 6
40 43 0.5 6
40 44 0.5 6
45 8 0.5 15
45 9 0.5 15
46 9 0.5 15
43 11 0.5 15
44 11 0.5 15
44 12 0.5 15
45 11 0.5 15
45 10 0.5 15
44 18 0.5 15
44 16 0.5 15
43 17 0.5 15
44 17 0.5 15
44 15 0.5 15
44 14 0.5 15
44 13 0.5 15
74 45 0.5 10
74 46 0.5 10
73 46 0.5 10
75 45 0.5 10
76 47 0.5 10
76 46 0.5 10
75 47 0.5 10
74 47 0.5 10
77 47 0.5 10
76 48 0.5 10
29 93 0.5 22
28 93 0.5 22
29 94 0.5 22
28 94 0.5 22
29 92 0.5 22
28 91 0.5 22
28 92 0.5 22
27 91 0.5 22
26 91 0.5 22
29 91 0.5 22
28 90 0.5 22
27 90 0.5 22
26 90 0.5 22
30 93 0.5 22
25 99 0.5 22
25 98 0.5 22
26 97 0.5 22
26 98 0.5 22
27 96 0.5 22
26 96 0.5 22
27 95 0.5 22
28 95 0.5 22
97 6 0.5 22
96 6 0.5 22
95 6 0.5 22
99 4 0.5 22
99 5 0.5 22
99 3 0.5 22
0 3 0.5 22
97 5 0.5 22
98 5 0.5 22
0 2 0.5 22
95 5 0.5 22
95 4 0.5 22
0 1 0.5 22
94 5 0.5 22
1 2 0.5 22
2 2 0.5 22
97 7 0.5 22
1 3 0.5 22
93 7 0.5 22
93 6 0.5 22
93 5 0.5 22
97 8 0.5 22
86 54 0.5 21
87 54 0.5 21
88 54 0.5 21
88 53 0.5 21
85 54 0.5 21
89 53 0.5 21
86 53 0.5 21
83 56 0.5 21
83 55 0.5 21
84 55 0.5 21
83 59 0.5 21
83 57 0.5 21
83 58 0.5 21
84 54 0.5 21
89 52 0.5 21
87 56 0.5 21
87 55 0.5 21
87 57 0.5 21
88 57 0.5 21
89 57 0.5 21
86 56 0.5 21
56 96 0.5 13
55 96 0.5 13
54 95 0.5 13
55 95 0.5 13
55 94 0.5 13
54 91 0.5 13
56 91 0.5 13
56 92 0.5 13
55 91 0.5 13
57 92 0.5 13
56 93 0.5 13
55 93 0.5 13
53 91 0.5 13
8 57 0.5 31
7 57 0.5 31
9 58 0.5 31
9 57 0.5 31
4 59 0.5 31
3 59 0.5 31
3 60 0.5 31
4 60 0.5 31
2 60 0.5 31
2 62 0.5 31
2 61 0.5 31
3 63 0.5 31
4 62 0.5 31
3 62 0.5 31
5 59 0.5 31
5 58 0.5 31
5 57 0.5 31
5 62 0.5 31
6 57 0.5 31
6 56 0.5 31
9 53 0.5 31
9 54 0.5 31
9 55 0.5 31
9 56 0.5 31
8 56 0.5 31
7 56 0.5 31
4 64 0.5 31
3 64 0.5 31
1 62 0.5 31
1 63 0.5 31
1 64 0.5 31
55 27 0.5 13
53 26 0.5 13
53 25 0.5 13
53 27 0.5 13
54 26 0.5 13
54 27 0.5 13
55 26 0.5 13
53 22 0.5 13
53 23 0.5 13
53 24 0.5 13
52 27 0.5 13
51 28 0.5 13
51 27 0.5 13
49 43 0.5 10
50 43 0.5 10
50 42 0.5 10
49 44 0.5 10
49 45 0.5 10
50 45 0.5 10
51 45 0.5 10
47 45 0.5 10
48 45 0.5 10
50 41 0.5 10
64 36 0.5 15
65 36 0.5 15
63 36 0.5 15
61 34 0.5 15
62 34 0.5 15
60 34 0.5 15
63 35 0.5 15
62 35 0.5 15
60 31 0.5 15
60 32 0.5 15
60 33 0.5 15
62 36 0.5 15
66 36 0.5 15
66 35 0.5 15
66 37 0.5 15
25 60 0.5 1
49 76 0.5 8
48 75 0.5 8
48 74 0.5 8
49 75 0.5 8
47 74 0.5 8
49 77 0.5 8
50 78 0.5 8
49 78 0.5 8
30 35 0.5 8
31 35 0.5 8
29 35 0.5 8
30 34 0.5 8
29 37 0.5 8
29 36 0.5 8
28 37 0.5 8
27 37 0.5 8
83 14 0.5 7
83 15 0.5 7
84 15 0.5 7
84 14 0.5 7
85 15 0.5 7
86 15 0.5 7
86 14 0.5 7
83 97 0.5 13
82 97 0.5 13
81 97 0.5 13
80 97 0.5 13
82 96 0.5 13
82 95 0.5 13
80 96 0.5 13
80 95 0.5 13
82 92 0.5 13
82 93 0.5 13
82 94 0.5 13
81 92 0.5 13
81 91 0.5 13
67 94 0.5 13
68 94 0.5 13
66 94 0.5 13
65 94 0.5 13
66 95 0.5 13
72 95 0.5 13
72 94 0.5 13
69 95 0.5 13
70 95 0.5 13
71 95 0.5 13
69 94 0.5 13
71 94 0.5 13
73 95 0.5 13
53 69 0.5 3
53 68 0.5 3
53 67 0.5 3
89 89 0.5 12
90 89 0.5 12
88 89 0.5 12
88 88 0.5 12
89 90 0.5 12
86 87 0.5 12
87 87 0.5 12
87 86 0.5 12
88 87 0.5 12
87 85 0.5 12
88 85 0.5 12
91 89 0.5 12
22 57 0.5 6
22 56 0.5 6
21 57 0.5 6
21 58 0.5 6
21 59 0.5 6
20 58 0.5 6
83 2 0.5 7
82 2 0.5 7
82 1 0.5 7
81 1 0.5 7
80 1 0.5 7
80 2 0.5 7
79 2 0.5 7
11 68 0.5 4
12 68 0.5 4
10 68 0.5 4
13 68 0.5 4
57 17 0.5 24
57 15 0.5 24
58 15 0.5 24
58 17 0.5 24
58 16 0.5 24
59 18 0.5 24
59 17 0.5 24
60 17 0.5 24
61 17 0.5 24
61 16 0.5 24
60 15 0.5 24
61 15 0.5 24
62 15 0.5 24
57 18 0.5 24
62 17 0.5 24
63 17 0.5 24
66 17 0.5 24
65 17 0.5 24
64 17 0.5 24
56 14 0.5 24
54 14 0.5 24
55 14 0.5 24
56 15 0.5 24
62 18 0.5 24
37 72 0.5 2
37 73 0.5 2
34 2 0.5 5
35 3 0.5 5
34 3 0.5 5
36 3 0.5 5
37 3 0.5 5
77 93 0.5 4
78 93 0.5 4
78 95 0.5 4
78 94 0.5 4
13 13 0.5 9
14 14 0.5 9
13 14 0.5 9
14 15 0.5 9
12 14 0.5 9
11 13 0.5 9
12 13 0.5 9
10 13 0.5 9
10 14 0.5 9
15 7 0.5 34
14 7 0.5 34
15 9 0.5 34
14 9 0.5 34
14 8 0.5 34
15 10 0.5 34
14 6 0.5 34
15 6 0.5 34
16 6 0.5 34
15 5 0.5 34
15 4 0.5 34
14 5 0.5 34
13 4 0.5 34
14 4 0.5 34
12 4 0.5 34
16 10 0.5 34
17 9 0.5 34
17 11 0.5 34
17 10 0.5 34
11 4 0.5 34
11 3 0.5 34
10 3 0.5 34
10 4 0.5 34
9 2 0.5 34
10 2 0.5 34
8 2 0.5 34
15 1 0.5 34
15 2 0.5 34
14 3 0.5 34
15 3 0.5 34
14 1 0.5 34
13 1 0.5 34
13 0 0.5 34
12 1 0.5 34
85 47 0.5 4
85 45 0.5 4
85 46 0.5 4
86 46 0.5 4
54 78 0.5 10
53 78 0.5 10
52 78 0.5 10
55 80 0.5 10
54 80 0.5 10
54 79 0.5 10
53 79 0.5 10
51 79 0.5 10
52 79 0.5 10
52 80 0.5 10
80 12 0.5 9
79 12 0.5 9
79 13 0.5 9
78 12 0.5 9
81 12 0.5 9
77 14 0.5 9
77 13 0.5 9
77 12 0.5 9
76 12 0.5 9
10 95 0.5 8
11 95 0.5 8
10 94 0.5 8
11 94 0.5 8
12 95 0.5 8
12 94 0.5 8
13 94 0.5 8
12 96 0.5 8
67 74 0.5 3
68 73 0.5 3
67 73 0.5 3
9 80 0.5 9
11 79 0.5 9
11 80 0.5 9
10 80 0.5 9
11 83 0.5 9
10 83 0.5 9
10 82 0.5 9
10 81 0.5 9
10 84 0.5 9
66 46 0.5 17
67 46 0.5 17
65 46 0.5 17
65 47 0.5 17
65 48 0.5 17
65 49 0.5 17
64 50 0.5 17
64 51 0.5 17
64 49 0.5 17
65 52 0.5 17
64 52 0.5 17
63 48 0.5 17
64 48 0.5 17
65 45 0.5 17
65 44 0.5 17
65 43 0.5 17
64 43 0.5 17
86 25 0.5 20
86 26 0.5 20
85 27 0.5 20
86 27 0.5 20
84 27 0.5 20
87 27 0.5 20
87 26 0.5 20
85 26 0.5 20
89 26 0.5 20
88 26 0.5 20
84 23 0.5 20
84 24 0.5 20
84 25 0.5 20
84 26 0.5 20
85 23 0.5 20
84 29 0.5 20
84 28 0.5 20
86 29 0.5 20
85 29 0.5 20
87 29 0.5 20
94 32 0.5 1
61 74 0.5 11
61 75 0.5 11
61 77 0.5 11
61 76 0.5 11
60 75 0.5 11
59 72 0.5 11
59 74 0.5 11
59 75 0.5 11
58 75 0.5 11
59 73 0.5 11
58 76 0.5 11
94 51 0.5 8
93 51 0.5 8
92 51 0.5 8
93 50 0.5 8
94 52 0.5 8
91 49 0.5 8
91 50 0.5 8
91 51 0.5 8
37 55 0.5 19
38 57 0.5 19
37 56 0.5 19
37 57 0.5 19
44 58 0.5 19
43 58 0.5 19
42 58 0.5 19
41 58 0.5 19
40 58 0.5 19
39 56 0.5 19
40 57 0.5 19
39 57 0.5 19
44 57 0.5 19
44 56 0.5 19
44 55 0.5 19
45 54 0.5 19
45 53 0.5 19
45 55 0.5 19
37 58 0.5 19
51 32 0.5 2
51 31 0.5 2
80 80 0.5 16
80 79 0.5 16
79 78 0.5 16
80 78 0.5 16
80 81 0.5 16
80 82 0.5 16
79 81 0.5 16
81 82 0.5 16
81 86 0.5 16
81 85 0.5 16
80 85 0.5 16
79 83 0.5 16
80 83 0.5 16
79 84 0.5 16
79 85 0.5 16
78 83 0.5 16
39 39 0.5 15
39 40 0.5 15
40 39 0.5 15
36 40 0.5 15
37 40 0.5 15
38 40 0.5 15
36 41 0.5 15
36 42 0.5 15
35 42 0.5 15
38 38 0.5 15
39 38 0.5 15
37 38 0.5 15
37 37 0.5 15
36 37 0.5 15
38 37 0.5 15
48 59 0.5 9
48 60 0.5 9
49 60 0.5 9
49 59 0.5 9
47 60 0.5 9
50 60 0.5 9
48 61 0.5 9
48 62 0.5 9
49 62 0.5 9
19 49 0.5 2
18 49 0.5 2
45 35 0.5 1
57 32 0.5 2
57 33 0.5 2
29 67 0.5 2
29 66 0.5 2
94 28 0.5 14
94 29 0.5 14
95 29 0.5 14
95 27 0.5 14
94 27 0.5 14
93 27 0.5 14
97 26 0.5 14
98 26 0.5 14
99 26 0.5 14
99 25 0.5 14
97 27 0.5 14
96 26 0.5 14
95 26 0.5 14
95 25 0.5 14
92 76 0.5 12
92 75 0.5 12
93 77 0.5 12
92 77 0.5 12
93 71 0.5 12
93 72 0.5 12
93 73 0.5 12
94 71 0.5 12
92 72 0.5 12
92 74 0.5 12
93 74 0.5 12
94 74 0.5 12
30 2 0.5 3
30 3 0.5 3
29 3 0.5 3
27 8 0.5 18
27 7 0.5 18
27 6 0.5 18
26 10 0.5 18
26 8 0.5 18
26 9 0.5 18
25 10 0.5 18
24 10 0.5 18
23 10 0.5 18
30 10 0.5 18
30 11 0.5 18
29 10 0.5 18
29 9 0.5 18
30 12 0.5 18
29 12 0.5 18
28 9 0.5 18
28 8 0.5 18
23 9 0.5 18
6 41 0.5 14
5 41 0.5 14
7 40 0.5 14
8 40 0.5 14
8 41 0.5 14
9 41 0.5 14
7 41 0.5 14
6 40 0.5 14
6 39 0.5 14
6 38 0.5 14
7 38 0.5 14
8 38 0.5 14
9 39 0.5 14
8 39 0.5 14
0 12 0.5 1
64 60 0.5 9
65 60 0.5 9
65 62 0.5 9
65 61 0.5 9
66 61 0.5 9
63 60 0.5 9
67 61 0.5 9
68 61 0.5 9
69 61 0.5 9
18 79 0.5 2
17 79 0.5 2
69 54 0.5 8
69 53 0.5 8
69 52 0.5 8
68 52 0.5 8
69 56 0.5 8
68 56 0.5 8
69 55 0.5 8
70 52 0.5 8
5 81 0.5 16
3 84 0.5 16
4 82 0.5 16
3 82 0.5 16
3 83 0.5 16
4 81 0.5 16
2 85 0.5 16
3 85 0.5 16
3 86 0.5 16
4 86 0.5 16
4 87 0.5 16
2 83 0.5 16
4 88 0.5 16
4 89 0.5 16
3 90 0.5 16
4 90 0.5 16
38 65 0.5 8
37 65 0.5 8
36 65 0.5 8
36 63 0.5 8
36 64 0.5 8
39 65 0.5 8
38 66 0.5 8
37 66 0.5 8
17 81 0.5 3
18 81 0.5 3
19 81 0.5 3
97 40 0.5 4
96 41 0.5 4
96 42 0.5 4
97 41 0.5 4
21 90 0.5 7
21 91 0.5 7
19 88 0.5 7
19 87 0.5 7
20 90 0.5 7
19 89 0.5 7
20 89 0.5 7
58 86 0.5 1
30 53 0.5 10
29 53 0.5 10
31 53 0.5 10
29 55 0.5 10
29 54 0.5 10
28 54 0.5 10
28 53 0.5 10
32 52 0.5 10
32 51 0.5 10
31 52 0.5 10
55 50 0.5 6
55 51 0.5 6
53 50 0.5 6
53 51 0.5 6
54 51 0.5 6
53 52 0.5 6
43 91 0.5 10
43 90 0.5 10
42 91 0.5 10
42 90 0.5 10
39 91 0.5 10
41 91 0.5 10
40 93 0.5 10
40 92 0.5 10
40 91 0.5 10
40 94 0.5 10
97 35 0.5 3
98 34 0.5 3
97 34 0.5 3
83 8 0.5 2
83 9 0.5 2
5 27 0.5 7
4 27 0.5 7
6 29 0.5 7
7 29 0.5 7
5 30 0.5 7
5 29 0.5 7
5 28 0.5 7
81 66 0.5 10
82 66 0.5 10
83 66 0.5 10
78 67 0.5 10
78 66 0.5 10
78 68 0.5 10
80 67 0.5 10
81 67 0.5 10
79 67 0.5 10
77 66 0.5 10
32 99 0.5 2
32 98 0.5 2
98 14 0.5 3
98 13 0.5 3
99 14 0.5 3
48 93 0.5 11
48 94 0.5 11
48 96 0.5 11
48 95 0.5 11
50 96 0.5 11
49 96 0.5 11
50 95 0.5 11
51 94 0.5 11
51 95 0.5 11
47 96 0.5 11
47 95 0.5 11
54 35 0.5 1
27 18 0.5 2
28 18 0.5 2
55 4 0.5 3
54 5 0.5 3
55 5 0.5 3
74 43 0.5 2
75 43 0.5 2
95 90 0.5 7
96 89 0.5 7
96 90 0.5 7
95 92 0.5 7
96 92 0.5 7
95 91 0.5 7
97 92 0.5 7
91 38 0.5 1
33 85 0.5 5
32 86 0.5 5
32 85 0.5 5
30 85 0.5 5
31 85 0.5 5
75 73 0.5 7
75 74 0.5 7
75 75 0.5 7
76 75 0.5 7
74 75 0.5 7
73 76 0.5 7
73 75 0.5 7
38 12 0.5 4
39 12 0.5 4
39 11 0.5 4
39 10 0.5 4
64 96 0.5 3
63 96 0.5 3
62 96 0.5 3
39 79 0.5 5
40 79 0.5 5
42 79 0.5 5
41 79 0.5 5
39 78 0.5 5
95 15 0.5 3
96 15 0.5 3
94 15 0.5 3
62 83 0.5 1
69 81 0.5 1
27 43 0.5 1
17 59 0.5 1
55 99 0.5 1
86 66 0.5 2
86 67 0.5 2
5 96 0.5 1
15 72 0.5 1
48 71 0.5 1
4 5 0.5 1
98 56 0.5 1
11 29 0.5 2
10 29 0.5 2
81 49 0.5 2
82 49 0.5 2
46 68 0.5 2
46 67 0.5 2
6 75 0.5 2
7 75 0.5 2
26 80 0.5 1
89 34 0.5 1
59 40 0.5 1
20 96 0.5 1
38 75 0.5 1
