65 70 0.5 9
67 70 0.5 9
67 71 0.5 9
66 70 0.5 9
65 69 0.5 9
64 70 0.5 9
67 73 0.5 9
68 72 0.5 9
67 72 0.5 9
3 21 0.5 3
2 21 0.5 3
2 20 0.5 3
15 65 0.5 5
14 65 0.5 5
14 63 0.5 5
13 63 0.5 5
14 64 0.5 5
0 47 0.5 16
1 47 0.5 16
2 47 0.5 16
99 47 0.5 16
6 47 0.5 16
5 47 0.5 16
5 48 0.5 16
4 48 0.5 16
3 47 0.5 16
4 47 0.5 16
3 46 0.5 16
6 48 0.5 16
0 46 0.5 16
6 50 0.5 16
6 49 0.5 16
7 49 0.5 16
74 27 0.5 23
72 27 0.5 23
73 27 0.5 23
75 27 0.5 23
77 27 0.5 23
76 27 0.5 23
77 26 0.5 23
76 28 0.5 23
76 29 0.5 23
69 27 0.5 23
69 26 0.5 23
71 27 0.5 23
70 27 0.5 23
70 26 0.5 23
70 25 0.5 23
77 25 0.5 23
68 23 0.5 23
70 24 0.5 23
69 24 0.5 23
68 24 0.5 23
69 25 0.5 23
67 23 0.5 23
70 23 0.5 23
13 23 0.5 55
13 24 0.5 55
14 23 0.5 55
12 24 0.5 55
15 23 0.5 55
10 22 0.5 55
10 23 0.5 55
11 23 0.5 55
12 23 0.5 55
9 22 0.5 55
10 24 0.5 55
16 23 0.5 55
17 23 0.5 55
15 22 0.5 55
14 22 0.5 55
19 25 0.5 55
18 25 0.5 55
18 24 0.5 55
18 22 0.5 55
18 23 0.5 55
19 21 0.5 55
19 22 0.5 55
20 26 0.5 55
20 25 0.5 55
10 21 0.5 55
9 21 0.5 55
9 20 0.5 55
23 26 0.5 55
22 26 0.5 55
22 25 0.5 55
21 26 0.5 55
21 27 0.5 55
19 31 0.5 55
19 32 0.5 55
18 35 0.5 55
18 34 0.5 55
18 33 0.5 55
18 32 0.5 55
20 31 0.5 55
20 32 0.5 55
23 28 0.5 55
22 28 0.5 55
23 29 0.5 55
21 28 0.5 55
22 27 0.5 55
24 29 0.5 55
21 29 0.5 55
20 29 0.5 55
20 30 0.5 55
25 30 0.5 55
24 30 0.5 55
24 31 0.5 55
26 30 0.5 55
27 30 0.5 55
28 30 0.5 55
24 68 0.5 37
24 67 0.5 37
22 68 0.5 37
22 69 0.5 37
23 68 0.5 37
21 65 0.5 37
22 67 0.5 37
22 65 0.5 37
22 66 0.5 37
23 73 0.5 37
24 73 0.5 37
22 73 0.5 37
21 74 0.5 37
22 74 0.5 37
23 74 0.5 37
24 71 0.5 37
23 71 0.5 37
22 72 0.5 37
22 71 0.5 37
21 70 0.5 37
21 71 0.5 37
25 73 0.5 37
25 72 0.5 37
25 74 0.5 37
26 73 0.5 37
25 71 0.5 37
26 71 0.5 37
27 74 0.5 37
28 74 0.5 37
26 74 0.5 37
27 73 0.5 37
27 70 0.5 37
26 70 0.5 37
25 68 0.5 37
26 68 0.5 37
26 69 0.5 37
25 69 0.5 37
75 39 0.5 19
76 39 0.5 19
76 40 0.5 19
74 38 0.5 19
73 38 0.5 19
74 39 0.5 19
74 37 0.5 19
76 38 0.5 19
77 38 0.5 19
78 38 0.5 19
79 38 0.5 19
80 38 0.5 19
78 39 0.5 19
81 38 0.5 19
81 39 0.5 19
80 39 0.5 19
80 40 0.5 19
82 38 0.5 19
82 37 0.5 19
33 75 0.5 2
34 75 0.5 2
87 83 0.5 27
87 84 0.5 27
87 82 0.5 27
89 83 0.5 27
89 84 0.5 27
89 82 0.5 27
88 84 0.5 27
89 81 0.5 27
87 81 0.5 27
88 81 0.5 27
87 79 0.5 27
87 80 0.5 27
88 79 0.5 27
86 81 0.5 27
86 80 0.5 27
89 89 0.5 27
90 89 0.5 27
88 89 0.5 27
88 88 0.5 27
89 90 0.5 27
86 87 0.5 27
87 87 0.5 27
87 86 0.5 27
88 87 0.5 27
87 85 0.5 27
88 85 0.5 27
91 89 0.5 27
42 18 0.5 55
42 17 0.5 55
41 17 0.5 55
38 18 0.5 55
38 17 0.5 55
39 17 0.5 55
40 17 0.5 55
37 18 0.5 55
36 18 0.5 55
36 19 0.5 55
36 17 0.5 55
34 20 0.5 55
34 21 0.5 55
36 20 0.5 55
35 20 0.5 55
35 18 0.5 55
33 20 0.5 55
42 19 0.5 55
42 20 0.5 55
37 26 0.5 55
38 25 0.5 55
37 25 0.5 55
36 25 0.5 55
36 21 0.5 55
36 23 0.5 55
36 22 0.5 55
36 24 0.5 55
37 24 0.5 55
35 22 0.5 55
45 24 0.5 55
45 23 0.5 55
43 23 0.5 55
44 23 0.5 55
46 23 0.5 55
43 24 0.5 55
43 25 0.5 55
42 24 0.5 55
43 22 0.5 55
43 21 0.5 55
43 20 0.5 55
45 8 0.5 55
45 9 0.5 55
46 9 0.5 55
43 11 0.5 55
44 11 0.5 55
44 12 0.5 55
45 11 0.5 55
45 10 0.5 55
44 18 0.5 55
44 16 0.5 55
43 17 0.5 55
44 17 0.5 55
44 15 0.5 55
44 14 0.5 55
44 13 0.5 55
18 55 0.5 13
17 55 0.5 13
17 56 0.5 13
19 56 0.5 13
19 55 0.5 13
20 56 0.5 13
19 57 0.5 13
22 56 0.5 13
22 55 0.5 13
21 56 0.5 13
21 57 0.5 13
21 58 0.5 13
20 57 0.5 13
76 2 0.5 21
76 3 0.5 21
75 2 0.5 21
75 1 0.5 21
73 2 0.5 21
74 3 0.5 21
73 3 0.5 21
74 2 0.5 21
75 0 0.5 21
79 3 0.5 21
79 4 0.5 21
78 3 0.5 21
77 3 0.5 21
77 4 0.5 21
83 2 0.5 21
82 2 0.5 21
82 1 0.5 21
81 1 0.5 21
80 1 0.5 21
80 2 0.5 21
79 2 0.5 21
41 48 0.5 6
41 47 0.5 6
41 45 0.5 6
41 46 0.5 6
40 44 0.5 6
40 45 0.5 6
73 45 0.5 10
73 46 0.5 10
72 46 0.5 10
74 45 0.5 10
75 47 0.5 10
75 46 0.5 10
74 47 0.5 10
73 47 0.5 10
76 47 0.5 10
75 48 0.5 10
30 93 0.5 22
29 93 0.5 22
30 94 0.5 22
29 94 0.5 22
30 92 0.5 22
29 91 0.5 22
29 92 0.5 22
28 91 0.5 22
27 91 0.5 22
30 91 0.5 22
29 90 0.5 22
28 90 0.5 22
27 90 0.5 22
31 93 0.5 22
26 99 0.5 22
26 98 0.5 22
27 97 0.5 22
27 98 0.5 22
28 96 0.5 22
27 96 0.5 22
28 95 0.5 22
29 95 0.5 22
96 6 0.5 22
95 6 0.5 22
94 6 0.5 22
98 4 0.5 22
98 5 0.5 22
98 3 0.5 22
99 3 0.5 22
96 5 0.5 22
97 5 0.5 22
99 2 0.5 22
94 5 0.5 22
94 4 0.5 22
99 1 0.5 22
93 5 0.5 22
0 2 0.5 22
1 2 0.5 22
96 7 0.5 22
0 3 0.5 22
92 7 0.5 22
92 6 0.5 22
92 5 0.5 22
96 8 0.5 22
86 53 0.5 21
87 53 0.5 21
88 53 0.5 21
88 52 0.5 21
85 53 0.5 21
89 52 0.5 21
86 52 0.5 21
83 55 0.5 21
83 54 0.5 21
84 54 0.5 21
83 58 0.5 21
83 56 0.5 21
83 57 0.5 21
84 53 0.5 21
89 51 0.5 21
87 55 0.5 21
87 54 0.5 21
87 56 0.5 21
88 56 0.5 21
89 56 0.5 21
86 55 0.5 21
55 96 0.5 24
54 96 0.5 24
53 95 0.5 24
54 95 0.5 24
54 94 0.5 24
53 91 0.5 24
55 91 0.5 24
55 92 0.5 24
54 91 0.5 24
56 92 0.5 24
55 93 0.5 24
54 93 0.5 24
52 91 0.5 24
49 93 0.5 24
49 94 0.5 24
49 96 0.5 24
49 95 0.5 24
51 96 0.5 24
50 96 0.5 24
51 95 0.5 24
52 94 0.5 24
52 95 0.5 24
48 96 0.5 24
48 95 0.5 24
7 57 0.5 31
6 57 0.5 31
8 58 0.5 31
8 57 0.5 31
3 59 0.5 31
2 59 0.5 31
2 60 0.5 31
3 60 0.5 31
1 60 0.5 31
1 62 0.5 31
1 61 0.5 31
2 63 0.5 31
3 62 0.5 31
2 62 0.5 31
4 59 0.5 31
4 58 0.5 31
4 57 0.5 31
4 62 0.5 31
5 57 0.5 31
5 56 0.5 31
8 53 0.5 31
8 54 0.5 31
8 55 0.5 31
8 56 0.5 31
7 56 0.5 31
6 56 0.5 31
3 64 0.5 31
2 64 0.5 31
0 62 0.5 31
0 63 0.5 31
0 64 0.5 31
55 28 0.5 13
53 27 0.5 13
53 26 0.5 13
53 28 0.5 13
54 27 0.5 13
54 28 0.5 13
55 27 0.5 13
53 23 0.5 13
53 24 0.5 13
53 25 0.5 13
52 28 0.5 13
51 29 0.5 13
51 28 0.5 13
49 44 0.5 10
50 44 0.5 10
50 43 0.5 10
49 45 0.5 10
49 46 0.5 10
50 46 0.5 10
51 46 0.5 10
47 46 0.5 10
48 46 0.5 10
50 42 0.5 10
64 35 0.5 15
65 35 0.5 15
63 35 0.5 15
61 33 0.5 15
62 33 0.5 15
60 33 0.5 15
63 34 0.5 15
62 34 0.5 15
60 30 0.5 15
60 31 0.5 15
60 32 0.5 15
62 35 0.5 15
66 35 0.5 15
66 34 0.5 15
66 36 0.5 15
25 59 0.5 1
49 75 0.5 9
48 74 0.5 9
48 73 0.5 9
49 74 0.5 9
47 73 0.5 9
49 76 0.5 9
50 77 0.5 9
49 77 0.5 9
48 72 0.5 9
30 34 0.5 8
31 34 0.5 8
29 34 0.5 8
30 33 0.5 8
29 36 0.5 8
29 35 0.5 8
28 36 0.5 8
27 36 0.5 8
83 13 0.5 7
83 14 0.5 7
84 14 0.5 7
84 13 0.5 7
85 14 0.5 7
86 14 0.5 7
86 13 0.5 7
84 97 0.5 13
83 97 0.5 13
82 97 0.5 13
81 97 0.5 13
83 96 0.5 13
83 95 0.5 13
81 96 0.5 13
81 95 0.5 13
83 92 0.5 13
83 93 0.5 13
83 94 0.5 13
82 92 0.5 13
82 91 0.5 13
66 94 0.5 16
67 94 0.5 16
65 94 0.5 16
64 94 0.5 16
65 95 0.5 16
71 95 0.5 16
71 94 0.5 16
68 95 0.5 16
69 95 0.5 16
70 95 0.5 16
68 94 0.5 16
70 94 0.5 16
72 95 0.5 16
64 95 0.5 16
63 95 0.5 16
62 95 0.5 16
54 69 0.5 3
54 68 0.5 3
54 67 0.5 3
11 68 0.5 4
12 68 0.5 4
10 68 0.5 4
13 68 0.5 4
57 16 0.5 24
57 14 0.5 24
58 14 0.5 24
58 16 0.5 24
58 15 0.5 24
59 17 0.5 24
59 16 0.5 24
60 16 0.5 24
61 16 0.5 24
61 15 0.5 24
60 14 0.5 24
61 14 0.5 24
62 14 0.5 24
57 17 0.5 24
62 16 0.5 24
63 16 0.5 24
66 16 0.5 24
65 16 0.5 24
64 16 0.5 24
56 13 0.5 24
54 13 0.5 24
55 13 0.5 24
56 14 0.5 24
62 17 0.5 24
36 72 0.5 2
36 73 0.5 2
33 2 0.5 5
34 3 0.5 5
33 3 0.5 5
35 3 0.5 5
36 3 0.5 5
76 93 0.5 4
77 93 0.5 4
77 95 0.5 4
77 94 0.5 4
13 12 0.5 9
14 13 0.5 9
13 13 0.5 9
14 14 0.5 9
12 13 0.5 9
11 12 0.5 9
12 12 0.5 9
10 12 0.5 9
10 13 0.5 9
16 7 0.5 34
15 7 0.5 34
16 9 0.5 34
15 9 0.5 34
15 8 0.5 34
16 10 0.5 34
15 6 0.5 34
16 6 0.5 34
17 6 0.5 34
16 5 0.5 34
16 4 0.5 34
15 5 0.5 34
14 4 0.5 34
15 4 0.5 34
13 4 0.5 34
17 10 0.5 34
18 9 0.5 34
18 11 0.5 34
18 10 0.5 34
12 4 0.5 34
12 3 0.5 34
11 3 0.5 34
11 4 0.5 34
10 2 0.5 34
11 2 0.5 34
9 2 0.5 34
16 1 0.5 34
16 2 0.5 34
15 3 0.5 34
16 3 0.5 34
15 1 0.5 34
14 1 0.5 34
14 0 0.5 34
13 1 0.5 34
85 48 0.5 4
85 46 0.5 4
85 47 0.5 4
86 47 0.5 4
53 78 0.5 10
52 78 0.5 10
51 78 0.5 10
54 80 0.5 10
53 80 0.5 10
53 79 0.5 10
52 79 0.5 10
50 79 0.5 10
51 79 0.5 10
51 80 0.5 10
80 11 0.5 9
79 11 0.5 9
79 12 0.5 9
78 11 0.5 9
81 11 0.5 9
77 13 0.5 9
77 12 0.5 9
77 11 0.5 9
76 11 0.5 9
10 94 0.5 8
11 94 0.5 8
10 93 0.5 8
11 93 0.5 8
12 94 0.5 8
12 93 0.5 8
13 93 0.5 8
12 95 0.5 8
9 80 0.5 9
11 79 0.5 9
11 80 0.5 9
10 80 0.5 9
11 83 0.5 9
10 83 0.5 9
10 82 0.5 9
10 81 0.5 9
10 84 0.5 9
66 45 0.5 17
67 45 0.5 17
65 45 0.5 17
65 46 0.5 17
65 47 0.5 17
65 48 0.5 17
64 49 0.5 17
64 50 0.5 17
64 48 0.5 17
65 51 0.5 17
64 51 0.5 17
63 47 0.5 17
64 47 0.5 17
65 44 0.5 17
65 43 0.5 17
65 42 0.5 17
64 42 0.5 17
86 24 0.5 20
86 25 0.5 20
85 26 0.5 20
86 26 0.5 20
84 26 0.5 20
87 26 0.5 20
87 25 0.5 20
85 25 0.5 20
89 25 0.5 20
88 25 0.5 20
84 22 0.5 20
84 23 0.5 20
84 24 0.5 20
84 25 0.5 20
85 22 0.5 20
84 28 0.5 20
84 27 0.5 20
86 28 0.5 20
85 28 0.5 20
87 28 0.5 20
94 33 0.5 1
61 73 0.5 11
61 74 0.5 11
61 76 0.5 11
61 75 0.5 11
60 74 0.5 11
59 71 0.5 11
59 73 0.5 11
59 74 0.5 11
58 74 0.5 11
59 72 0.5 11
58 75 0.5 11
94 50 0.5 8
93 50 0.5 8
92 50 0.5 8
93 49 0.5 8
94 51 0.5 8
91 48 0.5 8
91 49 0.5 8
91 50 0.5 8
36 55 0.5 19
37 57 0.5 19
36 56 0.5 19
36 57 0.5 19
43 58 0.5 19
42 58 0.5 19
41 58 0.5 19
40 58 0.5 19
39 58 0.5 19
38 56 0.5 19
39 57 0.5 19
38 57 0.5 19
43 57 0.5 19
43 56 0.5 19
43 55 0.5 19
44 54 0.5 19
44 53 0.5 19
44 55 0.5 19
36 58 0.5 19
51 33 0.5 2
51 32 0.5 2
81 80 0.5 16
81 79 0.5 16
80 78 0.5 16
81 78 0.5 16
81 81 0.5 16
81 82 0.5 16
80 81 0.5 16
82 82 0.5 16
82 86 0.5 16
82 85 0.5 16
81 85 0.5 16
80 83 0.5 16
81 83 0.5 16
80 84 0.5 16
80 85 0.5 16
79 83 0.5 16
39 38 0.5 15
39 39 0.5 15
40 38 0.5 15
36 39 0.5 15
37 39 0.5 15
38 39 0.5 15
36 40 0.5 15
36 41 0.5 15
35 41 0.5 15
38 37 0.5 15
39 37 0.5 15
37 37 0.5 15
37 36 0.5 15
36 36 0.5 15
38 36 0.5 15
49 59 0.5 9
49 60 0.5 9
50 60 0.5 9
50 59 0.5 9
48 60 0.5 9
51 60 0.5 9
49 61 0.5 9
49 62 0.5 9
50 62 0.5 9
18 49 0.5 2
17 49 0.5 2
45 36 0.5 1
58 32 0.5 2
58 33 0.5 2
28 67 0.5 2
28 66 0.5 2
93 28 0.5 14
93 29 0.5 14
94 29 0.5 14
94 27 0.5 14
93 27 0.5 14
92 27 0.5 14
96 26 0.5 14
97 26 0.5 14
98 26 0.5 14
98 25 0.5 14
96 27 0.5 14
95 26 0.5 14
94 26 0.5 14
94 25 0.5 14
93 76 0.5 12
93 75 0.5 12
94 77 0.5 12
93 77 0.5 12
94 71 0.5 12
94 72 0.5 12
94 73 0.5 12
95 71 0.5 12
93 72 0.5 12
93 74 0.5 12
94 74 0.5 12
95 74 0.5 12
29 2 0.5 3
29 3 0.5 3
28 3 0.5 3
26 8 0.5 18
26 7 0.5 18
26 6 0.5 18
25 10 0.5 18
25 8 0.5 18
25 9 0.5 18
24 10 0.5 18
23 10 0.5 18
22 10 0.5 18
29 10 0.5 18
29 11 0.5 18
28 10 0.5 18
28 9 0.5 18
29 12 0.5 18
28 12 0.5 18
27 9 0.5 18
27 8 0.5 18
22 9 0.5 18
7 41 0.5 14
6 41 0.5 14
8 40 0.5 14
9 40 0.5 14
9 41 0.5 14
10 41 0.5 14
8 41 0.5 14
7 40 0.5 14
7 39 0.5 14
7 38 0.5 14
8 38 0.5 14
9 38 0.5 14
10 39 0.5 14
9 39 0.5 14
0 11 0.5 1
65 60 0.5 9
66 60 0.5 9
66 62 0.5 9
66 61 0.5 9
67 61 0.5 9
64 60 0.5 9
68 61 0.5 9
69 61 0.5 9
70 61 0.5 9
19 79 0.5 2
18 79 0.5 2
68 54 0.5 8
68 53 0.5 8
68 52 0.5 8
67 52 0.5 8
68 56 0.5 8
67 56 0.5 8
68 55 0.5 8
69 52 0.5 8
5 82 0.5 16
3 85 0.5 16
4 83 0.5 16
3 83 0.5 16
3 84 0.5 16
4 82 0.5 16
2 86 0.5 16
3 86 0.5 16
3 87 0.5 16
4 87 0.5 16
4 88 0.5 16
2 84 0.5 16
4 89 0.5 16
4 90 0.5 16
3 91 0.5 16
4 91 0.5 16
37 65 0.5 8
36 65 0.5 8
35 65 0.5 8
35 63 0.5 8
35 64 0.5 8
38 65 0.5 8
37 66 0.5 8
36 66 0.5 8
17 82 0.5 3
18 82 0.5 3
19 82 0.5 3
96 40 0.5 4
95 41 0.5 4
95 42 0.5 4
96 41 0.5 4
20 90 0.5 7
20 91 0.5 7
18 88 0.5 7
18 87 0.5 7
19 90 0.5 7
18 89 0.5 7
19 89 0.5 7
58 87 0.5 1
31 53 0.5 10
30 53 0.5 10
32 53 0.5 10
30 55 0.5 10
30 54 0.5 10
29 54 0.5 10
29 53 0.5 10
33 52 0.5 10
33 51 0.5 10
32 52 0.5 10
55 51 0.5 6
55 52 0.5 6
53 51 0.5 6
53 52 0.5 6
54 52 0.5 6
53 53 0.5 6
42 91 0.5 10
42 90 0.5 10
41 91 0.5 10
41 90 0.5 10
38 91 0.5 10
40 91 0.5 10
39 93 0.5 10
39 92 0.5 10
39 91 0.5 10
39 94 0.5 10
97 34 0.5 3
98 33 0.5 3
97 33 0.5 3
83 7 0.5 2
83 8 0.5 2
6 27 0.5 7
5 27 0.5 7
7 29 0.5 7
8 29 0.5 7
6 30 0.5 7
6 29 0.5 7
6 28 0.5 7
80 66 0.5 10
81 66 0.5 10
82 66 0.5 10
77 67 0.5 10
77 66 0.5 10
77 68 0.5 10
79 67 0.5 10
80 67 0.5 10
78 67 0.5 10
76 66 0.5 10
33 99 0.5 2
33 98 0.5 2
99 14 0.5 3
99 13 0.5 3
0 14 0.5 3
54 35 0.5 1
27 19 0.5 2
28 19 0.5 2
55 5 0.5 3
54 6 0.5 3
55 6 0.5 3
73 43 0.5 2
74 43 0.5 2
95 89 0.5 7
96 88 0.5 7
96 89 0.5 7
95 91 0.5 7
96 91 0.5 7
95 90 0.5 7
97 91 0.5 7
91 37 0.5 1
32 85 0.5 5
31 86 0.5 5
31 85 0.5 5
29 85 0.5 5
30 85 0.5 5
74 73 0.5 7
74 74 0.5 7
74 75 0.5 7
75 75 0.5 7
73 75 0.5 7
72 76 0.5 7
72 75 0.5 7
37 12 0.5 4
38 12 0.5 4
38 11 0.5 4
38 10 0.5 4
39 79 0.5 5
40 79 0.5 5
42 79 0.5 5
41 79 0.5 5
39 78 0.5 5
96 15 0.5 3
97 15 0.5 3
95 15 0.5 3
63 83 0.5 1
70 81 0.5 1
27 42 0.5 1
16 59 0.5 1
54 99 0.5 1
85 66 0.5 2
85 67 0.5 2
4 96 0.5 1
15 73 0.5 1
4 5 0.5 1
98 55 0.5 1
12 29 0.5 2
11 29 0.5 2
81 48 0.5 2
82 48 0.5 2
45 68 0.5 2
45 67 0.5 2
5 75 0.5 2
6 75 0.5 2
26 79 0.5 1
88 34 0.5 1
58 40 0.5 1
20 95 0.5 1
38 76 0.5 1
