65 71 0.5 9
67 71 0.5 9
67 72 0.5 9
66 71 0.5 9
65 70 0.5 9
64 71 0.5 9
67 74 0.5 9
68 73 0.5 9
67 73 0.5 9
4 21 0.5 3
3 21 0.5 3
3 20 0.5 3
16 65 0.5 5
15 65 0.5 5
15 63 0.5 5
14 63 0.5 5
15 64 0.5 5
0 46 0.5 16
1 46 0.5 16
2 46 0.5 16
99 46 0.5 16
6 46 0.5 16
5 46 0.5 16
5 47 0.5 16
4 47 0.5 16
3 46 0.5 16
4 46 0.5 16
3 45 0.5 16
6 47 0.5 16
0 45 0.5 16
6 49 0.5 16
6 48 0.5 16
7 48 0.5 16
74 28 0.5 23
72 28 0.5 23
73 28 0.5 23
75 28 0.5 23
77 28 0.5 23
76 28 0.5 23
77 27 0.5 23
76 29 0.5 23
76 30 0.5 23
69 28 0.5 23
69 27 0.5 23
71 28 0.5 23
70 28 0.5 23
70 27 0.5 23
70 26 0.5 23
77 26 0.5 23
68 24 0.5 23
70 25 0.5 23
69 25 0.5 23
68 25 0.5 23
69 26 0.5 23
67 24 0.5 23
70 24 0.5 23
12 23 0.5 55
12 24 0.5 55
13 23 0.5 55
11 24 0.5 55
14 23 0.5 55
9 22 0.5 55
9 23 0.5 55
10 23 0.5 55
11 23 0.5 55
8 22 0.5 55
9 24 0.5 55
15 23 0.5 55
16 23 0.5 55
14 22 0.5 55
13 22 0.5 55
18 25 0.5 55
17 25 0.5 55
17 24 0.5 55
17 22 0.5 55
17 23 0.5 55
18 21 0.5 55
18 22 0.5 55
19 26 0.5 55
19 25 0.5 55
9 21 0.5 55
8 21 0.5 55
8 20 0.5 55
22 26 0.5 55
21 26 0.5 55
21 25 0.5 55
20 26 0.5 55
20 27 0.5 55
18 31 0.5 55
18 32 0.5 55
17 35 0.5 55
17 34 0.5 55
17 33 0.5 55
17 32 0.5 55
19 31 0.5 55
19 32 0.5 55
22 28 0.5 55
21 28 0.5 55
22 29 0.5 55
20 28 0.5 55
21 27 0.5 55
23 29 0.5 55
20 29 0.5 55
19 29 0.5 55
19 30 0.5 55
24 30 0.5 55
23 30 0.5 55
23 31 0.5 55
25 30 0.5 55
26 30 0.5 55
27 30 0.5 55
23 68 0.5 37
23 67 0.5 37
21 68 0.5 37
21 69 0.5 37
22 68 0.5 37
20 65 0.5 37
21 67 0.5 37
21 65 0.5 37
21 66 0.5 37
22 73 0.5 37
23 73 0.5 37
21 73 0.5 37
20 74 0.5 37
21 74 0.5 37
22 74 0.5 37
23 71 0.5 37
22 71 0.5 37
21 72 0.5 37
21 71 0.5 37
20 70 0.5 37
20 71 0.5 37
24 73 0.5 37
24 72 0.5 37
24 74 0.5 37
25 73 0.5 37
24 71 0.5 37
25 71 0.5 37
26 74 0.5 37
27 74 0.5 37
25 74 0.5 37
26 73 0.5 37
26 70 0.5 37
25 70 0.5 37
24 68 0.5 37
25 68 0.5 37
25 69 0.5 37
24 69 0.5 37
75 40 0.5 19
76 40 0.5 19
76 41 0.5 19
74 39 0.5 19
73 39 0.5 19
74 40 0.5 19
74 38 0.5 19
76 39 0.5 19
77 39 0.5 19
78 39 0.5 19
79 39 0.5 19
80 39 0.5 19
78 40 0.5 19
81 39 0.5 19
81 40 0.5 19
80 40 0.5 19
80 41 0.5 19
82 39 0.5 19
82 38 0.5 19
34 75 0.5 2
35 75 0.5 2
87 84 0.5 27
87 85 0.5 27
87 83 0.5 27
89 84 0.5 27
89 85 0.5 27
89 83 0.5 27
88 85 0.5 27
89 82 0.5 27
87 82 0.5 27
88 82 0.5 27
87 80 0.5 27
87 81 0.5 27
88 80 0.5 27
86 82 0.5 27
86 81 0.5 27
89 90 0.5 27
90 90 0.5 27
88 90 0.5 27
88 89 0.5 27
89 91 0.5 27
86 88 0.5 27
87 88 0.5 27
87 87 0.5 27
88 88 0.5 27
87 86 0.5 27
88 86 0.5 27
91 90 0.5 27
42 19 0.5 55
42 18 0.5 55
41 18 0.5 55
38 19 0.5 55
38 18 0.5 55
39 18 0.5 55
40 18 0.5 55
37 19 0.5 55
36 19 0.5 55
36 20 0.5 55
36 18 0.5 55
34 21 0.5 55
34 22 0.5 55
36 21 0.5 55
35 21 0.5 55
35 19 0.5 55
33 21 0.5 55
42 20 0.5 55
42 21 0.5 55
37 27 0.5 55
38 26 0.5 55
37 26 0.5 55
36 26 0.5 55
36 22 0.5 55
36 24 0.5 55
36 23 0.5 55
36 25 0.5 55
37 25 0.5 55
35 23 0.5 55
45 25 0.5 55
45 24 0.5 55
43 24 0.5 55
44 24 0.5 55
46 24 0.5 55
43 25 0.5 55
43 26 0.5 55
42 25 0.5 55
43 23 0.5 55
43 22 0.5 55
43 21 0.5 55
45 9 0.5 55
45 10 0.5 55
46 10 0.5 55
43 12 0.5 55
44 12 0.5 55
44 13 0.5 55
45 12 0.5 55
45 11 0.5 55
44 19 0.5 55
44 17 0.5 55
43 18 0.5 55
44 18 0.5 55
44 16 0.5 55
44 15 0.5 55
44 14 0.5 55
18 54 0.5 13
17 54 0.5 13
17 55 0.5 13
19 55 0.5 13
19 54 0.5 13
20 55 0.5 13
19 56 0.5 13
22 55 0.5 13
22 54 0.5 13
21 55 0.5 13
21 56 0.5 13
21 57 0.5 13
20 56 0.5 13
76 1 0.5 21
76 2 0.5 21
75 1 0.5 21
75 0 0.5 21
73 1 0.5 21
74 2 0.5 21
73 2 0.5 21
74 1 0.5 21
75 99 0.5 21
79 2 0.5 21
79 3 0.5 21
78 2 0.5 21
77 2 0.5 21
77 3 0.5 21
83 1 0.5 21
82 1 0.5 21
82 0 0.5 21
81 0 0.5 21
80 0 0.5 21
80 1 0.5 21
79 1 0.5 21
42 48 0.5 6
42 47 0.5 6
42 45 0.5 6
42 46 0.5 6
41 44 0.5 6
41 45 0.5 6
74 45 0.5 10
74 46 0.5 10
73 46 0.5 10
75 45 0.5 10
76 47 0.5 10
76 46 0.5 10
75 47 0.5 10
74 47 0.5 10
77 47 0.5 10
76 48 0.5 10
30 92 0.5 22
29 92 0.5 22
30 93 0.5 22
29 93 0.5 22
30 91 0.5 22
29 90 0.5 22
29 91 0.5 22
28 90 0.5 22
27 90 0.5 22
30 90 0.5 22
29 89 0.5 22
28 89 0.5 22
27 89 0.5 22
31 92 0.5 22
26 98 0.5 22
26 97 0.5 22
27 96 0.5 22
27 97 0.5 22
28 95 0.5 22
27 95 0.5 22
28 94 0.5 22
29 94 0.5 22
96 7 0.5 22
95 7 0.5 22
94 7 0.5 22
98 5 0.5 22
98 6 0.5 22
98 4 0.5 22
99 4 0.5 22
96 6 0.5 22
97 6 0.5 22
99 3 0.5 22
94 6 0.5 22
94 5 0.5 22
99 2 0.5 22
93 6 0.5 22
0 3 0.5 22
1 3 0.5 22
96 8 0.5 22
0 4 0.5 22
92 8 0.5 22
92 7 0.5 22
92 6 0.5 22
96 9 0.5 22
85 53 0.5 21
86 53 0.5 21
87 53 0.5 21
87 52 0.5 21
84 53 0.5 21
88 52 0.5 21
85 52 0.5 21
82 55 0.5 21
82 54 0.5 21
83 54 0.5 21
82 58 0.5 21
82 56 0.5 21
82 57 0.5 21
83 53 0.5 21
88 51 0.5 21
86 55 0.5 21
86 54 0.5 21
86 56 0.5 21
87 56 0.5 21
88 56 0.5 21
85 55 0.5 21
54 96 0.5 24
53 96 0.5 24
52 95 0.5 24
53 95 0.5 24
53 94 0.5 24
52 91 0.5 24
54 91 0.5 24
54 92 0.5 24
53 91 0.5 24
55 92 0.5 24
54 93 0.5 24
53 93 0.5 24
51 91 0.5 24
48 93 0.5 24
48 94 0.5 24
48 96 0.5 24
48 95 0.5 24
50 96 0.5 24
49 96 0.5 24
50 95 0.5 24
51 94 0.5 24
51 95 0.5 24
47 96 0.5 24
47 95 0.5 24
8 57 0.5 31
7 57 0.5 31
9 58 0.5 31
9 57 0.5 31
4 59 0.5 31
3 59 0.5 31
3 60 0.5 31
4 60 0.5 31
2 60 0.5 31
2 62 0.5 31
2 61 0.5 31
3 63 0.5 31
4 62 0.5 31
3 62 0.5 31
5 59 0.5 31
5 58 0.5 31
5 57 0.5 31
5 62 0.5 31
6 57 0.5 31
6 56 0.5 31
9 53 0.5 31
9 54 0.5 31
9 55 0.5 31
9 56 0.5 31
8 56 0.5 31
7 56 0.5 31
4 64 0.5 31
3 64 0.5 31
1 62 0.5 31
1 63 0.5 31
1 64 0.5 31
55 27 0.5 13
53 26 0.5 13
53 25 0.5 13
53 27 0.5 13
54 26 0.5 13
54 27 0.5 13
55 26 0.5 13
53 22 0.5 13
53 23 0.5 13
53 24 0.5 13
52 27 0.5 13
51 28 0.5 13
51 27 0.5 13
48 44 0.5 10
49 44 0.5 10
49 43 0.5 10
48 45 0.5 10
48 46 0.5 10
49 46 0.5 10
50 46 0.5 10
46 46 0.5 10
47 46 0.5 10
49 42 0.5 10
63 35 0.5 17
64 35 0.5 17
62 35 0.5 17
60 33 0.5 17
61 33 0.5 17
59 33 0.5 17
62 34 0.5 17
61 34 0.5 17
59 30 0.5 17
59 31 0.5 17
59 32 0.5 17
61 35 0.5 17
65 35 0.5 17
65 34 0.5 17
65 36 0.5 17
58 32 0.5 17
58 33 0.5 17
24 59 0.5 1
48 75 0.5 9
47 74 0.5 9
47 73 0.5 9
48 74 0.5 9
46 73 0.5 9
48 76 0.5 9
49 77 0.5 9
48 77 0.5 9
47 72 0.5 9
30 35 0.5 8
31 35 0.5 8
29 35 0.5 8
30 34 0.5 8
29 37 0.5 8
29 36 0.5 8
28 37 0.5 8
27 37 0.5 8
83 14 0.5 7
83 15 0.5 7
84 15 0.5 7
84 14 0.5 7
85 15 0.5 7
86 15 0.5 7
86 14 0.5 7
84 98 0.5 13
83 98 0.5 13
82 98 0.5 13
81 98 0.5 13
83 97 0.5 13
83 96 0.5 13
81 97 0.5 13
81 96 0.5 13
83 93 0.5 13
83 94 0.5 13
83 95 0.5 13
82 93 0.5 13
82 92 0.5 13
65 94 0.5 16
66 94 0.5 16
64 94 0.5 16
63 94 0.5 16
64 95 0.5 16
70 95 0.5 16
70 94 0.5 16
67 95 0.5 16
68 95 0.5 16
69 95 0.5 16
67 94 0.5 16
69 94 0.5 16
71 95 0.5 16
63 95 0.5 16
62 95 0.5 16
61 95 0.5 16
54 70 0.5 3
54 69 0.5 3
54 68 0.5 3
11 67 0.5 4
12 67 0.5 4
10 67 0.5 4
13 67 0.5 4
58 16 0.5 24
58 14 0.5 24
59 14 0.5 24
59 16 0.5 24
59 15 0.5 24
60 17 0.5 24
60 16 0.5 24
61 16 0.5 24
62 16 0.5 24
62 15 0.5 24
61 14 0.5 24
62 14 0.5 24
63 14 0.5 24
58 17 0.5 24
63 16 0.5 24
64 16 0.5 24
67 16 0.5 24
66 16 0.5 24
65 16 0.5 24
57 13 0.5 24
55 13 0.5 24
56 13 0.5 24
57 14 0.5 24
63 17 0.5 24
36 73 0.5 2
36 74 0.5 2
32 2 0.5 5
33 3 0.5 5
32 3 0.5 5
34 3 0.5 5
35 3 0.5 5
76 92 0.5 4
77 92 0.5 4
77 94 0.5 4
77 93 0.5 4
13 13 0.5 9
14 14 0.5 9
13 14 0.5 9
14 15 0.5 9
12 14 0.5 9
11 13 0.5 9
12 13 0.5 9
10 13 0.5 9
10 14 0.5 9
16 8 0.5 34
15 8 0.5 34
16 10 0.5 34
15 10 0.5 34
15 9 0.5 34
16 11 0.5 34
15 7 0.5 34
16 7 0.5 34
17 7 0.5 34
16 6 0.5 34
16 5 0.5 34
15 6 0.5 34
14 5 0.5 34
15 5 0.5 34
13 5 0.5 34
17 11 0.5 34
18 10 0.5 34
18 12 0.5 34
18 11 0.5 34
12 5 0.5 34
12 4 0.5 34
11 4 0.5 34
11 5 0.5 34
10 3 0.5 34
11 3 0.5 34
9 3 0.5 34
16 2 0.5 34
16 3 0.5 34
15 4 0.5 34
16 4 0.5 34
15 2 0.5 34
14 2 0.5 34
14 1 0.5 34
13 2 0.5 34
85 49 0.5 4
85 47 0.5 4
85 48 0.5 4
86 48 0.5 4
54 78 0.5 10
53 78 0.5 10
52 78 0.5 10
55 80 0.5 10
54 80 0.5 10
54 79 0.5 10
53 79 0.5 10
51 79 0.5 10
52 79 0.5 10
52 80 0.5 10
79 11 0.5 9
78 11 0.5 9
78 12 0.5 9
77 11 0.5 9
80 11 0.5 9
76 13 0.5 9
76 12 0.5 9
76 11 0.5 9
75 11 0.5 9
10 93 0.5 8
11 93 0.5 8
10 92 0.5 8
11 92 0.5 8
12 93 0.5 8
12 92 0.5 8
13 92 0.5 8
12 94 0.5 8
9 81 0.5 9
11 80 0.5 9
11 81 0.5 9
10 81 0.5 9
11 84 0.5 9
10 84 0.5 9
10 83 0.5 9
10 82 0.5 9
10 85 0.5 9
66 44 0.5 17
67 44 0.5 17
65 44 0.5 17
65 45 0.5 17
65 46 0.5 17
65 47 0.5 17
64 48 0.5 17
64 49 0.5 17
64 47 0.5 17
65 50 0.5 17
64 50 0.5 17
63 46 0.5 17
64 46 0.5 17
65 43 0.5 17
65 42 0.5 17
65 41 0.5 17
64 41 0.5 17
85 24 0.5 20
85 25 0.5 20
84 26 0.5 20
85 26 0.5 20
83 26 0.5 20
86 26 0.5 20
86 25 0.5 20
84 25 0.5 20
88 25 0.5 20
87 25 0.5 20
83 22 0.5 20
83 23 0.5 20
83 24 0.5 20
83 25 0.5 20
84 22 0.5 20
83 28 0.5 20
83 27 0.5 20
85 28 0.5 20
84 28 0.5 20
86 28 0.5 20
93 33 0.5 1
62 73 0.5 11
62 74 0.5 11
62 76 0.5 11
62 75 0.5 11
61 74 0.5 11
60 71 0.5 11
60 73 0.5 11
60 74 0.5 11
59 74 0.5 11
60 72 0.5 11
59 75 0.5 11
94 51 0.5 8
93 51 0.5 8
92 51 0.5 8
93 50 0.5 8
94 52 0.5 8
91 49 0.5 8
91 50 0.5 8
91 51 0.5 8
36 56 0.5 19
37 58 0.5 19
36 57 0.5 19
36 58 0.5 19
43 59 0.5 19
42 59 0.5 19
41 59 0.5 19
40 59 0.5 19
39 59 0.5 19
38 57 0.5 19
39 58 0.5 19
38 58 0.5 19
43 58 0.5 19
43 57 0.5 19
43 56 0.5 19
44 55 0.5 19
44 54 0.5 19
44 56 0.5 19
36 59 0.5 19
50 33 0.5 2
50 32 0.5 2
82 80 0.5 16
82 79 0.5 16
81 78 0.5 16
82 78 0.5 16
82 81 0.5 16
82 82 0.5 16
81 81 0.5 16
83 82 0.5 16
83 86 0.5 16
83 85 0.5 16
82 85 0.5 16
81 83 0.5 16
82 83 0.5 16
81 84 0.5 16
81 85 0.5 16
80 83 0.5 16
39 37 0.5 15
39 38 0.5 15
40 37 0.5 15
36 38 0.5 15
37 38 0.5 15
38 38 0.5 15
36 39 0.5 15
36 40 0.5 15
35 40 0.5 15
38 36 0.5 15
39 36 0.5 15
37 36 0.5 15
37 35 0.5 15
36 35 0.5 15
38 35 0.5 15
49 60 0.5 9
49 61 0.5 9
50 61 0.5 9
50 60 0.5 9
48 61 0.5 9
51 61 0.5 9
49 62 0.5 9
49 63 0.5 9
50 63 0.5 9
18 50 0.5 2
17 50 0.5 2
45 37 0.5 1
28 66 0.5 2
28 65 0.5 2
93 29 0.5 14
93 30 0.5 14
94 30 0.5 14
94 28 0.5 14
93 28 0.5 14
92 28 0.5 14
96 27 0.5 14
97 27 0.5 14
98 27 0.5 14
98 26 0.5 14
96 28 0.5 14
95 27 0.5 14
94 27 0.5 14
94 26 0.5 14
92 76 0.5 12
92 75 0.5 12
93 77 0.5 12
92 77 0.5 12
93 71 0.5 12
93 72 0.5 12
93 73 0.5 12
94 71 0.5 12
92 72 0.5 12
92 74 0.5 12
93 74 0.5 12
94 74 0.5 12
29 1 0.5 3
29 2 0.5 3
28 2 0.5 3
26 9 0.5 18
26 8 0.5 18
26 7 0.5 18
25 11 0.5 18
25 9 0.5 18
25 10 0.5 18
24 11 0.5 18
23 11 0.5 18
22 11 0.5 18
29 11 0.5 18
29 12 0.5 18
28 11 0.5 18
28 10 0.5 18
29 13 0.5 18
28 13 0.5 18
27 10 0.5 18
27 9 0.5 18
22 10 0.5 18
7 40 0.5 14
6 40 0.5 14
8 39 0.5 14
9 39 0.5 14
9 40 0.5 14
10 40 0.5 14
8 40 0.5 14
7 39 0.5 14
7 38 0.5 14
7 37 0.5 14
8 37 0.5 14
9 37 0.5 14
10 38 0.5 14
9 38 0.5 14
1 11 0.5 1
64 60 0.5 9
65 60 0.5 9
65 62 0.5 9
65 61 0.5 9
66 61 0.5 9
63 60 0.5 9
67 61 0.5 9
68 61 0.5 9
69 61 0.5 9
18 79 0.5 2
17 79 0.5 2
68 55 0.5 8
68 54 0.5 8
68 53 0.5 8
67 53 0.5 8
68 57 0.5 8
67 57 0.5 8
68 56 0.5 8
69 53 0.5 8
6 82 0.5 16
4 85 0.5 16
5 83 0.5 16
4 83 0.5 16
4 84 0.5 16
5 82 0.5 16
3 86 0.5 16
4 86 0.5 16
4 87 0.5 16
5 87 0.5 16
5 88 0.5 16
3 84 0.5 16
5 89 0.5 16
5 90 0.5 16
4 91 0.5 16
5 91 0.5 16
37 66 0.5 8
36 66 0.5 8
35 66 0.5 8
35 64 0.5 8
35 65 0.5 8
38 66 0.5 8
37 67 0.5 8
36 67 0.5 8
17 83 0.5 3
18 83 0.5 3
19 83 0.5 3
96 41 0.5 4
95 42 0.5 4
95 43 0.5 4
96 42 0.5 4
19 90 0.5 7
19 91 0.5 7
17 88 0.5 7
17 87 0.5 7
18 90 0.5 7
17 89 0.5 7
18 89 0.5 7
59 87 0.5 1
31 54 0.5 10
30 54 0.5 10
32 54 0.5 10
30 56 0.5 10
30 55 0.5 10
29 55 0.5 10
29 54 0.5 10
33 53 0.5 10
33 52 0.5 10
32 53 0.5 10
56 51 0.5 6
56 52 0.5 6
54 51 0.5 6
54 52 0.5 6
55 52 0.5 6
54 53 0.5 6
43 91 0.5 10
43 90 0.5 10
42 91 0.5 10
42 90 0.5 10
39 91 0.5 10
41 91 0.5 10
40 93 0.5 10
40 92 0.5 10
40 91 0.5 10
40 94 0.5 10
97 35 0.5 3
98 34 0.5 3
97 34 0.5 3
82 7 0.5 2
82 8 0.5 2
5 27 0.5 7
4 27 0.5 7
6 29 0.5 7
7 29 0.5 7
5 30 0.5 7
5 29 0.5 7
5 28 0.5 7
79 66 0.5 10
80 66 0.5 10
81 66 0.5 10
76 67 0.5 10
76 66 0.5 10
76 68 0.5 10
78 67 0.5 10
79 67 0.5 10
77 67 0.5 10
75 66 0.5 10
33 98 0.5 2
33 97 0.5 2
0 14 0.5 3
0 13 0.5 3
1 14 0.5 3
55 35 0.5 1
26 19 0.5 2
27 19 0.5 2
55 6 0.5 3
54 7 0.5 3
55 7 0.5 3
72 43 0.5 2
73 43 0.5 2
96 89 0.5 7
97 88 0.5 7
97 89 0.5 7
96 91 0.5 7
97 91 0.5 7
96 90 0.5 7
98 91 0.5 7
91 38 0.5 1
32 86 0.5 5
31 87 0.5 5
31 86 0.5 5
29 86 0.5 5
30 86 0.5 5
74 74 0.5 7
74 75 0.5 7
74 76 0.5 7
75 76 0.5 7
73 76 0.5 7
72 77 0.5 7
72 76 0.5 7
38 12 0.5 4
39 12 0.5 4
39 11 0.5 4
39 10 0.5 4
38 79 0.5 5
39 79 0.5 5
41 79 0.5 5
40 79 0.5 5
38 78 0.5 5
97 15 0.5 3
98 15 0.5 3
96 15 0.5 3
63 84 0.5 1
69 81 0.5 1
26 42 0.5 1
17 59 0.5 1
53 99 0.5 1
84 66 0.5 2
84 67 0.5 2
5 96 0.5 1
14 73 0.5 1
5 5 0.5 1
97 55 0.5 1
12 28 0.5 2
11 28 0.5 2
82 48 0.5 2
83 48 0.5 2
44 68 0.5 2
44 67 0.5 2
5 74 0.5 2
6 74 0.5 2
26 78 0.5 1
89 34 0.5 1
58 39 0.5 1
20 96 0.5 1
39 76 0.5 1
