65 72 0.5 9
67 72 0.5 9
67 73 0.5 9
66 72 0.5 9
65 71 0.5 9
64 72 0.5 9
67 75 0.5 9
68 74 0.5 9
67 74 0.5 9
5 21 0.5 3
4 21 0.5 3
4 20 0.5 3
15 65 0.5 5
14 65 0.5 5
14 63 0.5 5
13 63 0.5 5
14 64 0.5 5
99 46 0.5 16
0 46 0.5 16
1 46 0.5 16
98 46 0.5 16
5 46 0.5 16
4 46 0.5 16
4 47 0.5 16
3 47 0.5 16
2 46 0.5 16
3 46 0.5 16
2 45 0.5 16
5 47 0.5 16
99 45 0.5 16
5 49 0.5 16
5 48 0.5 16
6 48 0.5 16
73 28 0.5 23
71 28 0.5 23
72 28 0.5 23
74 28 0.5 23
76 28 0.5 23
75 28 0.5 23
76 27 0.5 23
75 29 0.5 23
75 30 0.5 23
68 28 0.5 23
68 27 0.5 23
70 28 0.5 23
69 28 0.5 23
69 27 0.5 23
69 26 0.5 23
76 26 0.5 23
67 24 0.5 23
69 25 0.5 23
68 25 0.5 23
67 25 0.5 23
68 26 0.5 23
66 24 0.5 23
69 24 0.5 23
12 22 0.5 55
12 23 0.5 55
13 22 0.5 55
11 23 0.5 55
14 22 0.5 55
9 21 0.5 55
9 22 0.5 55
10 22 0.5 55
11 22 0.5 55
8 21 0.5 55
9 23 0.5 55
15 22 0.5 55
16 22 0.5 55
14 21 0.5 55
13 21 0.5 55
18 24 0.5 55
17 24 0.5 55
17 23 0.5 55
17 21 0.5 55
17 22 0.5 55
18 20 0.5 55
18 21 0.5 55
19 25 0.5 55
19 24 0.5 55
9 20 0.5 55
8 20 0.5 55
8 19 0.5 55
22 25 0.5 55
21 25 0.5 55
21 24 0.5 55
20 25 0.5 55
20 26 0.5 55
18 30 0.5 55
18 31 0.5 55
17 34 0.5 55
17 33 0.5 55
17 32 0.5 55
17 31 0.5 55
19 30 0.5 55
19 31 0.5 55
22 27 0.5 55
21 27 0.5 55
22 28 0.5 55
20 27 0.5 55
21 26 0.5 55
23 28 0.5 55
20 28 0.5 55
19 28 0.5 55
19 29 0.5 55
24 29 0.5 55
23 29 0.5 55
23 30 0.5 55
25 29 0.5 55
26 29 0.5 55
27 29 0.5 55
23 67 0.5 37
23 66 0.5 37
21 67 0.5 37
21 68 0.5 37
22 67 0.5 37
20 64 0.5 37
21 66 0.5 37
21 64 0.5 37
21 65 0.5 37
22 72 0.5 37
23 72 0.5 37
21 72 0.5 37
20 73 0.5 37
21 73 0.5 37
22 73 0.5 37
23 70 0.5 37
22 70 0.5 37
21 71 0.5 37
21 70 0.5 37
20 69 0.5 37
20 70 0.5 37
24 72 0.5 37
24 71 0.5 37
24 73 0.5 37
25 72 0.5 37
24 70 0.5 37
25 70 0.5 37
26 73 0.5 37
27 73 0.5 37
25 73 0.5 37
26 72 0.5 37
26 69 0.5 37
25 69 0.5 37
24 67 0.5 37
25 67 0.5 37
25 68 0.5 37
24 68 0.5 37
75 39 0.5 19
76 39 0.5 19
76 40 0.5 19
74 38 0.5 19
73 38 0.5 19
74 39 0.5 19
74 37 0.5 19
76 38 0.5 19
77 38 0.5 19
78 38 0.5 19
79 38 0.5 19
80 38 0.5 19
78 39 0.5 19
81 38 0.5 19
81 39 0.5 19
80 39 0.5 19
80 40 0.5 19
82 38 0.5 19
82 37 0.5 19
34 76 0.5 2
35 76 0.5 2
87 83 0.5 27
87 84 0.5 27
87 82 0.5 27
89 83 0.5 27
89 84 0.5 27
89 82 0.5 27
88 84 0.5 27
89 81 0.5 27
87 81 0.5 27
88 81 0.5 27
87 79 0.5 27
87 80 0.5 27
88 79 0.5 27
86 81 0.5 27
86 80 0.5 27
89 89 0.5 27
90 89 0.5 27
88 89 0.5 27
88 88 0.5 27
89 90 0.5 27
86 87 0.5 27
87 87 0.5 27
87 86 0.5 27
88 87 0.5 27
87 85 0.5 27
88 85 0.5 27
91 89 0.5 27
41 19 0.5 55
41 18 0.5 55
40 18 0.5 55
37 19 0.5 55
37 18 0.5 55
38 18 0.5 55
39 18 0.5 55
36 19 0.5 55
35 19 0.5 55
35 20 0.5 55
35 18 0.5 55
33 21 0.5 55
33 22 0.5 55
35 21 0.5 55
34 21 0.5 55
34 19 0.5 55
32 21 0.5 55
41 20 0.5 55
41 21 0.5 55
36 27 0.5 55
37 26 0.5 55
36 26 0.5 55
35 26 0.5 55
35 22 0.5 55
35 24 0.5 55
35 23 0.5 55
35 25 0.5 55
36 25 0.5 55
34 23 0.5 55
44 25 0.5 55
44 24 0.5 55
42 24 0.5 55
43 24 0.5 55
45 24 0.5 55
42 25 0.5 55
42 26 0.5 55
41 25 0.5 55
42 23 0.5 55
42 22 0.5 55
42 21 0.5 55
44 9 0.5 55
44 10 0.5 55
45 10 0.5 55
42 12 0.5 55
43 12 0.5 55
43 13 0.5 55
44 12 0.5 55
44 11 0.5 55
43 19 0.5 55
43 17 0.5 55
42 18 0.5 55
43 18 0.5 55
43 16 0.5 55
43 15 0.5 55
43 14 0.5 55
18 53 0.5 13
17 53 0.5 13
17 54 0.5 13
19 54 0.5 13
19 53 0.5 13
20 54 0.5 13
19 55 0.5 13
22 54 0.5 13
22 53 0.5 13
21 54 0.5 13
21 55 0.5 13
21 56 0.5 13
20 55 0.5 13
77 1 0.5 21
77 2 0.5 21
76 1 0.5 21
76 0 0.5 21
74 1 0.5 21
75 2 0.5 21
74 2 0.5 21
75 1 0.5 21
76 99 0.5 21
80 2 0.5 21
80 3 0.5 21
79 2 0.5 21
78 2 0.5 21
78 3 0.5 21
84 1 0.5 21
83 1 0.5 21
83 0 0.5 21
82 0 0.5 21
81 0 0.5 21
81 1 0.5 21
80 1 0.5 21
41 48 0.5 6
41 47 0.5 6
41 45 0.5 6
41 46 0.5 6
40 44 0.5 6
40 45 0.5 6
73 45 0.5 10
73 46 0.5 10
72 46 0.5 10
74 45 0.5 10
75 47 0.5 10
75 46 0.5 10
74 47 0.5 10
73 47 0.5 10
76 47 0.5 10
75 48 0.5 10
30 91 0.5 22
29 91 0.5 22
30 92 0.5 22
29 92 0.5 22
30 90 0.5 22
29 89 0.5 22
29 90 0.5 22
28 89 0.5 22
27 89 0.5 22
30 89 0.5 22
29 88 0.5 22
28 88 0.5 22
27 88 0.5 22
31 91 0.5 22
26 97 0.5 22
26 96 0.5 22
27 95 0.5 22
27 96 0.5 22
28 94 0.5 22
27 94 0.5 22
28 93 0.5 22
29 93 0.5 22
96 6 0.5 22
95 6 0.5 22
94 6 0.5 22
98 4 0.5 22
98 5 0.5 22
98 3 0.5 22
99 3 0.5 22
96 5 0.5 22
97 5 0.5 22
99 2 0.5 22
94 5 0.5 22
94 4 0.5 22
99 1 0.5 22
93 5 0.5 22
0 2 0.5 22
1 2 0.5 22
96 7 0.5 22
0 3 0.5 22
92 7 0.5 22
92 6 0.5 22
92 5 0.5 22
96 8 0.5 22
84 53 0.5 21
85 53 0.5 21
86 53 0.5 21
86 52 0.5 21
83 53 0.5 21
87 52 0.5 21
84 52 0.5 21
81 55 0.5 21
81 54 0.5 21
82 54 0.5 21
81 58 0.5 21
81 56 0.5 21
81 57 0.5 21
82 53 0.5 21
87 51 0.5 21
85 55 0.5 21
85 54 0.5 21
85 56 0.5 21
86 56 0.5 21
87 56 0.5 21
84 55 0.5 21
54 95 0.5 24
53 95 0.5 24
52 94 0.5 24
53 94 0.5 24
53 93 0.5 24
52 90 0.5 24
54 90 0.5 24
54 91 0.5 24
53 90 0.5 24
55 91 0.5 24
54 92 0.5 24
53 92 0.5 24
51 90 0.5 24
48 92 0.5 24
48 93 0.5 24
48 95 0.5 24
48 94 0.5 24
50 95 0.5 24
49 95 0.5 24
50 94 0.5 24
51 93 0.5 24
51 94 0.5 24
47 95 0.5 24
47 94 0.5 24
8 56 0.5 31
7 56 0.5 31
9 57 0.5 31
9 56 0.5 31
4 58 0.5 31
3 58 0.5 31
3 59 0.5 31
4 59 0.5 31
2 59 0.5 31
2 61 0.5 31
2 60 0.5 31
3 62 0.5 31
4 61 0.5 31
3 61 0.5 31
5 58 0.5 31
5 57 0.5 31
5 56 0.5 31
5 61 0.5 31
6 56 0.5 31
6 55 0.5 31
9 52 0.5 31
9 53 0.5 31
9 54 0.5 31
9 55 0.5 31
8 55 0.5 31
7 55 0.5 31
4 63 0.5 31
3 63 0.5 31
1 61 0.5 31
1 62 0.5 31
1 63 0.5 31
54 27 0.5 13
52 26 0.5 13
52 25 0.5 13
52 27 0.5 13
53 26 0.5 13
53 27 0.5 13
54 26 0.5 13
52 22 0.5 13
52 23 0.5 13
52 24 0.5 13
51 27 0.5 13
50 28 0.5 13
50 27 0.5 13
49 44 0.5 10
50 44 0.5 10
50 43 0.5 10
49 45 0.5 10
49 46 0.5 10
50 46 0.5 10
51 46 0.5 10
47 46 0.5 10
48 46 0.5 10
50 42 0.5 10
62 35 0.5 17
63 35 0.5 17
61 35 0.5 17
59 33 0.5 17
60 33 0.5 17
58 33 0.5 17
61 34 0.5 17
60 34 0.5 17
58 30 0.5 17
58 31 0.5 17
58 32 0.5 17
60 35 0.5 17
64 35 0.5 17
64 34 0.5 17
64 36 0.5 17
57 32 0.5 17
57 33 0.5 17
23 59 0.5 1
48 76 0.5 9
47 75 0.5 9
47 74 0.5 9
48 75 0.5 9
46 74 0.5 9
48 77 0.5 9
49 78 0.5 9
48 78 0.5 9
47 73 0.5 9
30 36 0.5 8
31 36 0.5 8
29 36 0.5 8
30 35 0.5 8
29 38 0.5 8
29 37 0.5 8
28 38 0.5 8
27 38 0.5 8
84 14 0.5 7
84 15 0.5 7
85 15 0.5 7
85 14 0.5 7
86 15 0.5 7
87 15 0.5 7
87 14 0.5 7
84 97 0.5 13
83 97 0.5 13
82 97 0.5 13
81 97 0.5 13
83 96 0.5 13
83 95 0.5 13
81 96 0.5 13
81 95 0.5 13
83 92 0.5 13
83 93 0.5 13
83 94 0.5 13
82 92 0.5 13
82 91 0.5 13
66 94 0.5 16
67 94 0.5 16
65 94 0.5 16
64 94 0.5 16
65 95 0.5 16
71 95 0.5 16
71 94 0.5 16
68 95 0.5 16
69 95 0.5 16
70 95 0.5 16
68 94 0.5 16
70 94 0.5 16
72 95 0.5 16
64 95 0.5 16
63 95 0.5 16
62 95 0.5 16
54 69 0.5 3
54 68 0.5 3
54 67 0.5 3
11 66 0.5 4
12 66 0.5 4
10 66 0.5 4
13 66 0.5 4
58 17 0.5 24
58 15 0.5 24
59 15 0.5 24
59 17 0.5 24
59 16 0.5 24
60 18 0.5 24
60 17 0.5 24
61 17 0.5 24
62 17 0.5 24
62 16 0.5 24
61 15 0.5 24
62 15 0.5 24
63 15 0.5 24
58 18 0.5 24
63 17 0.5 24
64 17 0.5 24
67 17 0.5 24
66 17 0.5 24
65 17 0.5 24
57 14 0.5 24
55 14 0.5 24
56 14 0.5 24
57 15 0.5 24
63 18 0.5 24
35 73 0.5 2
35 74 0.5 2
31 2 0.5 8
32 3 0.5 8
31 3 0.5 8
33 3 0.5 8
34 3 0.5 8
30 1 0.5 8
30 2 0.5 8
29 2 0.5 8
76 91 0.5 4
77 91 0.5 4
77 93 0.5 4
77 92 0.5 4
13 14 0.5 9
14 15 0.5 9
13 15 0.5 9
14 16 0.5 9
12 15 0.5 9
11 14 0.5 9
12 14 0.5 9
10 14 0.5 9
10 15 0.5 9
16 9 0.5 34
15 9 0.5 34
16 11 0.5 34
15 11 0.5 34
15 10 0.5 34
16 12 0.5 34
15 8 0.5 34
16 8 0.5 34
17 8 0.5 34
16 7 0.5 34
16 6 0.5 34
15 7 0.5 34
14 6 0.5 34
15 6 0.5 34
13 6 0.5 34
17 12 0.5 34
18 11 0.5 34
18 13 0.5 34
18 12 0.5 34
12 6 0.5 34
12 5 0.5 34
11 5 0.5 34
11 6 0.5 34
10 4 0.5 34
11 4 0.5 34
9 4 0.5 34
16 3 0.5 34
16 4 0.5 34
15 5 0.5 34
16 5 0.5 34
15 3 0.5 34
14 3 0.5 34
14 2 0.5 34
13 3 0.5 34
85 50 0.5 6
85 48 0.5 6
85 49 0.5 6
86 49 0.5 6
83 48 0.5 6
84 48 0.5 6
53 78 0.5 10
52 78 0.5 10
51 78 0.5 10
54 80 0.5 10
53 80 0.5 10
53 79 0.5 10
52 79 0.5 10
50 79 0.5 10
51 79 0.5 10
51 80 0.5 10
80 11 0.5 9
79 11 0.5 9
79 12 0.5 9
78 11 0.5 9
81 11 0.5 9
77 13 0.5 9
77 12 0.5 9
77 11 0.5 9
76 11 0.5 9
10 92 0.5 8
11 92 0.5 8
10 91 0.5 8
11 91 0.5 8
12 92 0.5 8
12 91 0.5 8
13 91 0.5 8
12 93 0.5 8
9 82 0.5 9
11 81 0.5 9
11 82 0.5 9
10 82 0.5 9
11 85 0.5 9
10 85 0.5 9
10 84 0.5 9
10 83 0.5 9
10 86 0.5 9
65 44 0.5 17
66 44 0.5 17
64 44 0.5 17
64 45 0.5 17
64 46 0.5 17
64 47 0.5 17
63 48 0.5 17
63 49 0.5 17
63 47 0.5 17
64 50 0.5 17
63 50 0.5 17
62 46 0.5 17
63 46 0.5 17
64 43 0.5 17
64 42 0.5 17
64 41 0.5 17
63 41 0.5 17
86 24 0.5 20
86 25 0.5 20
85 26 0.5 20
86 26 0.5 20
84 26 0.5 20
87 26 0.5 20
87 25 0.5 20
85 25 0.5 20
89 25 0.5 20
88 25 0.5 20
84 22 0.5 20
84 23 0.5 20
84 24 0.5 20
84 25 0.5 20
85 22 0.5 20
84 28 0.5 20
84 27 0.5 20
86 28 0.5 20
85 28 0.5 20
87 28 0.5 20
92 33 0.5 1
62 72 0.5 11
62 73 0.5 11
62 75 0.5 11
62 74 0.5 11
61 73 0.5 11
60 70 0.5 11
60 72 0.5 11
60 73 0.5 11
59 73 0.5 11
60 71 0.5 11
59 74 0.5 11
93 51 0.5 8
92 51 0.5 8
91 51 0.5 8
92 50 0.5 8
93 52 0.5 8
90 49 0.5 8
90 50 0.5 8
90 51 0.5 8
36 57 0.5 19
37 59 0.5 19
36 58 0.5 19
36 59 0.5 19
43 60 0.5 19
42 60 0.5 19
41 60 0.5 19
40 60 0.5 19
39 60 0.5 19
38 58 0.5 19
39 59 0.5 19
38 59 0.5 19
43 59 0.5 19
43 58 0.5 19
43 57 0.5 19
44 56 0.5 19
44 55 0.5 19
44 57 0.5 19
36 60 0.5 19
49 33 0.5 2
49 32 0.5 2
83 80 0.5 16
83 79 0.5 16
82 78 0.5 16
83 78 0.5 16
83 81 0.5 16
83 82 0.5 16
82 81 0.5 16
84 82 0.5 16
84 86 0.5 16
84 85 0.5 16
83 85 0.5 16
82 83 0.5 16
83 83 0.5 16
82 84 0.5 16
82 85 0.5 16
81 83 0.5 16
38 37 0.5 15
38 38 0.5 15
39 37 0.5 15
35 38 0.5 15
36 38 0.5 15
37 38 0.5 15
35 39 0.5 15
35 40 0.5 15
34 40 0.5 15
37 36 0.5 15
38 36 0.5 15
36 36 0.5 15
36 35 0.5 15
35 35 0.5 15
37 35 0.5 15
48 60 0.5 9
48 61 0.5 9
49 61 0.5 9
49 60 0.5 9
47 61 0.5 9
50 61 0.5 9
48 62 0.5 9
48 63 0.5 9
49 63 0.5 9
17 50 0.5 2
16 50 0.5 2
44 37 0.5 1
28 67 0.5 2
28 66 0.5 2
93 30 0.5 14
93 31 0.5 14
94 31 0.5 14
94 29 0.5 14
93 29 0.5 14
92 29 0.5 14
96 28 0.5 14
97 28 0.5 14
98 28 0.5 14
98 27 0.5 14
96 29 0.5 14
95 28 0.5 14
94 28 0.5 14
94 27 0.5 14
92 75 0.5 12
92 74 0.5 12
93 76 0.5 12
92 76 0.5 12
93 70 0.5 12
93 71 0.5 12
93 72 0.5 12
94 70 0.5 12
92 71 0.5 12
92 73 0.5 12
93 73 0.5 12
94 73 0.5 12
26 9 0.5 18
26 8 0.5 18
26 7 0.5 18
25 11 0.5 18
25 9 0.5 18
25 10 0.5 18
24 11 0.5 18
23 11 0.5 18
22 11 0.5 18
29 11 0.5 18
29 12 0.5 18
28 11 0.5 18
28 10 0.5 18
29 13 0.5 18
28 13 0.5 18
27 10 0.5 18
27 9 0.5 18
22 10 0.5 18
6 40 0.5 14
5 40 0.5 14
7 39 0.5 14
8 39 0.5 14
8 40 0.5 14
9 40 0.5 14
7 40 0.5 14
6 39 0.5 14
6 38 0.5 14
6 37 0.5 14
7 37 0.5 14
8 37 0.5 14
9 38 0.5 14
8 38 0.5 14
1 10 0.5 1
64 59 0.5 9
65 59 0.5 9
65 61 0.5 9
65 60 0.5 9
66 60 0.5 9
63 59 0.5 9
67 60 0.5 9
68 60 0.5 9
69 60 0.5 9
18 78 0.5 2
17 78 0.5 2
69 55 0.5 8
69 54 0.5 8
69 53 0.5 8
68 53 0.5 8
69 57 0.5 8
68 57 0.5 8
69 56 0.5 8
70 53 0.5 8
5 82 0.5 16
3 85 0.5 16
4 83 0.5 16
3 83 0.5 16
3 84 0.5 16
4 82 0.5 16
2 86 0.5 16
3 86 0.5 16
3 87 0.5 16
4 87 0.5 16
4 88 0.5 16
2 84 0.5 16
4 89 0.5 16
4 90 0.5 16
3 91 0.5 16
4 91 0.5 16
38 66 0.5 8
37 66 0.5 8
36 66 0.5 8
36 64 0.5 8
36 65 0.5 8
39 66 0.5 8
38 67 0.5 8
37 67 0.5 8
17 82 0.5 3
18 82 0.5 3
19 82 0.5 3
96 42 0.5 4
95 43 0.5 4
95 44 0.5 4
96 43 0.5 4
19 91 0.5 7
19 92 0.5 7
17 89 0.5 7
17 88 0.5 7
18 91 0.5 7
17 90 0.5 7
18 90 0.5 7
59 86 0.5 1
31 55 0.5 10
30 55 0.5 10
32 55 0.5 10
30 57 0.5 10
30 56 0.5 10
29 56 0.5 10
29 55 0.5 10
33 54 0.5 10
33 53 0.5 10
32 54 0.5 10
56 52 0.5 6
56 53 0.5 6
54 52 0.5 6
54 53 0.5 6
55 53 0.5 6
54 54 0.5 6
43 90 0.5 10
43 89 0.5 10
42 90 0.5 10
42 89 0.5 10
39 90 0.5 10
41 90 0.5 10
40 92 0.5 10
40 91 0.5 10
40 90 0.5 10
40 93 0.5 10
98 35 0.5 3
99 34 0.5 3
98 34 0.5 3
82 6 0.5 2
82 7 0.5 2
6 27 0.5 7
5 27 0.5 7
7 29 0.5 7
8 29 0.5 7
6 30 0.5 7
6 29 0.5 7
6 28 0.5 7
78 66 0.5 10
79 66 0.5 10
80 66 0.5 10
75 67 0.5 10
75 66 0.5 10
75 68 0.5 10
77 67 0.5 10
78 67 0.5 10
76 67 0.5 10
74 66 0.5 10
33 99 0.5 2
33 98 0.5 2
0 13 0.5 3
0 12 0.5 3
1 13 0.5 3
55 34 0.5 1
26 18 0.5 2
27 18 0.5 2
56 6 0.5 3
55 7 0.5 3
56 7 0.5 3
72 42 0.5 2
73 42 0.5 2
95 89 0.5 7
96 88 0.5 7
96 89 0.5 7
95 91 0.5 7
96 91 0.5 7
95 90 0.5 7
97 91 0.5 7
92 38 0.5 1
32 85 0.5 5
31 86 0.5 5
31 85 0.5 5
29 85 0.5 5
30 85 0.5 5
74 73 0.5 7
74 74 0.5 7
74 75 0.5 7
75 75 0.5 7
73 75 0.5 7
72 76 0.5 7
72 75 0.5 7
37 12 0.5 4
38 12 0.5 4
38 11 0.5 4
38 10 0.5 4
37 79 0.5 5
38 79 0.5 5
40 79 0.5 5
39 79 0.5 5
37 78 0.5 5
98 15 0.5 3
99 15 0.5 3
97 15 0.5 3
63 85 0.5 1
70 81 0.5 1
26 41 0.5 1
16 59 0.5 1
54 99 0.5 1
83 66 0.5 2
83 67 0.5 2
5 97 0.5 1
13 73 0.5 1
5 4 0.5 1
97 56 0.5 1
13 28 0.5 2
12 28 0.5 2
44 68 0.5 2
44 67 0.5 2
5 75 0.5 2
6 75 0.5 2
27 78 0.5 1
89 35 0.5 1
58 40 0.5 1
21 96 0.5 1
39 75 0.5 1
