65 71 0.5 9
67 71 0.5 9
67 72 0.5 9
66 71 0.5 9
65 70 0.5 9
64 71 0.5 9
67 74 0.5 9
68 73 0.5 9
67 73 0.5 9
5 20 0.5 3
4 20 0.5 3
4 19 0.5 3
14 65 0.5 9
13 65 0.5 9
13 63 0.5 9
12 63 0.5 9
13 64 0.5 9
11 66 0.5 9
12 66 0.5 9
10 66 0.5 9
13 66 0.5 9
99 45 0.5 16
0 45 0.5 16
1 45 0.5 16
98 45 0.5 16
5 45 0.5 16
4 45 0.5 16
4 46 0.5 16
3 46 0.5 16
2 45 0.5 16
3 45 0.5 16
2 44 0.5 16
5 46 0.5 16
99 44 0.5 16
5 48 0.5 16
5 47 0.5 16
6 47 0.5 16
74 28 0.5 23
72 28 0.5 23
73 28 0.5 23
75 28 0.5 23
77 28 0.5 23
76 28 0.5 23
77 27 0.5 23
76 29 0.5 23
76 30 0.5 23
69 28 0.5 23
69 27 0.5 23
71 28 0.5 23
70 28 0.5 23
70 27 0.5 23
70 26 0.5 23
77 26 0.5 23
68 24 0.5 23
70 25 0.5 23
69 25 0.5 23
68 25 0.5 23
69 26 0.5 23
67 24 0.5 23
70 24 0.5 23
12 23 0.5 55
12 24 0.5 55
13 23 0.5 55
11 24 0.5 55
14 23 0.5 55
9 22 0.5 55
9 23 0.5 55
10 23 0.5 55
11 23 0.5 55
8 22 0.5 55
9 24 0.5 55
15 23 0.5 55
16 23 0.5 55
14 22 0.5 55
13 22 0.5 55
18 25 0.5 55
17 25 0.5 55
17 24 0.5 55
17 22 0.5 55
17 23 0.5 55
18 21 0.5 55
18 22 0.5 55
19 26 0.5 55
19 25 0.5 55
9 21 0.5 55
8 21 0.5 55
8 20 0.5 55
22 26 0.5 55
21 26 0.5 55
21 25 0.5 55
20 26 0.5 55
20 27 0.5 55
18 31 0.5 55
18 32 0.5 55
17 35 0.5 55
17 34 0.5 55
17 33 0.5 55
17 32 0.5 55
19 31 0.5 55
19 32 0.5 55
22 28 0.5 55
21 28 0.5 55
22 29 0.5 55
20 28 0.5 55
21 27 0.5 55
23 29 0.5 55
20 29 0.5 55
19 29 0.5 55
19 30 0.5 55
24 30 0.5 55
23 30 0.5 55
23 31 0.5 55
25 30 0.5 55
26 30 0.5 55
27 30 0.5 55
24 67 0.5 37
24 66 0.5 37
22 67 0.5 37
22 68 0.5 37
23 67 0.5 37
21 64 0.5 37
22 66 0.5 37
22 64 0.5 37
22 65 0.5 37
23 72 0.5 37
24 72 0.5 37
22 72 0.5 37
21 73 0.5 37
22 73 0.5 37
23 73 0.5 37
24 70 0.5 37
23 70 0.5 37
22 71 0.5 37
22 70 0.5 37
21 69 0.5 37
21 70 0.5 37
25 72 0.5 37
25 71 0.5 37
25 73 0.5 37
26 72 0.5 37
25 70 0.5 37
26 70 0.5 37
27 73 0.5 37
28 73 0.5 37
26 73 0.5 37
27 72 0.5 37
27 69 0.5 37
26 69 0.5 37
25 67 0.5 37
26 67 0.5 37
26 68 0.5 37
25 68 0.5 37
75 40 0.5 19
76 40 0.5 19
76 41 0.5 19
74 39 0.5 19
73 39 0.5 19
74 40 0.5 19
74 38 0.5 19
76 39 0.5 19
77 39 0.5 19
78 39 0.5 19
79 39 0.5 19
80 39 0.5 19
78 40 0.5 19
81 39 0.5 19
81 40 0.5 19
80 40 0.5 19
80 41 0.5 19
82 39 0.5 19
82 38 0.5 19
33 76 0.5 2
34 76 0.5 2
87 84 0.5 27
87 85 0.5 27
87 83 0.5 27
89 84 0.5 27
89 85 0.5 27
89 83 0.5 27
88 85 0.5 27
89 82 0.5 27
87 82 0.5 27
88 82 0.5 27
87 80 0.5 27
87 81 0.5 27
88 80 0.5 27
86 82 0.5 27
86 81 0.5 27
89 90 0.5 27
90 90 0.5 27
88 90 0.5 27
88 89 0.5 27
89 91 0.5 27
86 88 0.5 27
87 88 0.5 27
87 87 0.5 27
88 88 0.5 27
87 86 0.5 27
88 86 0.5 27
91 90 0.5 27
40 19 0.5 55
40 18 0.5 55
39 18 0.5 55
36 19 0.5 55
36 18 0.5 55
37 18 0.5 55
38 18 0.5 55
35 19 0.5 55
34 19 0.5 55
34 20 0.5 55
34 18 0.5 55
32 21 0.5 55
32 22 0.5 55
34 21 0.5 55
33 21 0.5 55
33 19 0.5 55
31 21 0.5 55
40 20 0.5 55
40 21 0.5 55
35 27 0.5 55
36 26 0.5 55
35 26 0.5 55
34 26 0.5 55
34 22 0.5 55
34 24 0.5 55
34 23 0.5 55
34 25 0.5 55
35 25 0.5 55
33 23 0.5 55
43 25 0.5 55
43 24 0.5 55
41 24 0.5 55
42 24 0.5 55
44 24 0.5 55
41 25 0.5 55
41 26 0.5 55
40 25 0.5 55
41 23 0.5 55
41 22 0.5 55
41 21 0.5 55
43 9 0.5 55
43 10 0.5 55
44 10 0.5 55
41 12 0.5 55
42 12 0.5 55
42 13 0.5 55
43 12 0.5 55
43 11 0.5 55
42 19 0.5 55
42 17 0.5 55
41 18 0.5 55
42 18 0.5 55
42 16 0.5 55
42 15 0.5 55
42 14 0.5 55
18 54 0.5 13
17 54 0.5 13
17 55 0.5 13
19 55 0.5 13
19 54 0.5 13
20 55 0.5 13
19 56 0.5 13
22 55 0.5 13
22 54 0.5 13
21 55 0.5 13
21 56 0.5 13
21 57 0.5 13
20 56 0.5 13
77 2 0.5 21
77 3 0.5 21
76 2 0.5 21
76 1 0.5 21
74 2 0.5 21
75 3 0.5 21
74 3 0.5 21
75 2 0.5 21
76 0 0.5 21
80 3 0.5 21
80 4 0.5 21
79 3 0.5 21
78 3 0.5 21
78 4 0.5 21
84 2 0.5 21
83 2 0.5 21
83 1 0.5 21
82 1 0.5 21
81 1 0.5 21
81 2 0.5 21
80 2 0.5 21
41 47 0.5 6
41 46 0.5 6
41 44 0.5 6
41 45 0.5 6
40 43 0.5 6
40 44 0.5 6
73 44 0.5 10
73 45 0.5 10
72 45 0.5 10
74 44 0.5 10
75 46 0.5 10
75 45 0.5 10
74 46 0.5 10
73 46 0.5 10
76 46 0.5 10
75 47 0.5 10
30 92 0.5 22
29 92 0.5 22
30 93 0.5 22
29 93 0.5 22
30 91 0.5 22
29 90 0.5 22
29 91 0.5 22
28 90 0.5 22
27 90 0.5 22
30 90 0.5 22
29 89 0.5 22
28 89 0.5 22
27 89 0.5 22
31 92 0.5 22
26 98 0.5 22
26 97 0.5 22
27 96 0.5 22
27 97 0.5 22
28 95 0.5 22
27 95 0.5 22
28 94 0.5 22
29 94 0.5 22
96 7 0.5 22
95 7 0.5 22
94 7 0.5 22
98 5 0.5 22
98 6 0.5 22
98 4 0.5 22
99 4 0.5 22
96 6 0.5 22
97 6 0.5 22
99 3 0.5 22
94 6 0.5 22
94 5 0.5 22
99 2 0.5 22
93 6 0.5 22
0 3 0.5 22
1 3 0.5 22
96 8 0.5 22
0 4 0.5 22
92 8 0.5 22
92 7 0.5 22
92 6 0.5 22
96 9 0.5 22
83 53 0.5 21
84 53 0.5 21
85 53 0.5 21
85 52 0.5 21
82 53 0.5 21
86 52 0.5 21
83 52 0.5 21
80 55 0.5 21
80 54 0.5 21
81 54 0.5 21
80 58 0.5 21
80 56 0.5 21
80 57 0.5 21
81 53 0.5 21
86 51 0.5 21
84 55 0.5 21
84 54 0.5 21
84 56 0.5 21
85 56 0.5 21
86 56 0.5 21
83 55 0.5 21
54 94 0.5 24
53 94 0.5 24
52 93 0.5 24
53 93 0.5 24
53 92 0.5 24
52 89 0.5 24
54 89 0.5 24
54 90 0.5 24
53 89 0.5 24
55 90 0.5 24
54 91 0.5 24
53 91 0.5 24
51 89 0.5 24
48 91 0.5 24
48 92 0.5 24
48 94 0.5 24
48 93 0.5 24
50 94 0.5 24
49 94 0.5 24
50 93 0.5 24
51 92 0.5 24
51 93 0.5 24
47 94 0.5 24
47 93 0.5 24
8 55 0.5 31
7 55 0.5 31
9 56 0.5 31
9 55 0.5 31
4 57 0.5 31
3 57 0.5 31
3 58 0.5 31
4 58 0.5 31
2 58 0.5 31
2 60 0.5 31
2 59 0.5 31
3 61 0.5 31
4 60 0.5 31
3 60 0.5 31
5 57 0.5 31
5 56 0.5 31
5 55 0.5 31
5 60 0.5 31
6 55 0.5 31
6 54 0.5 31
9 51 0.5 31
9 52 0.5 31
9 53 0.5 31
9 54 0.5 31
8 54 0.5 31
7 54 0.5 31
4 62 0.5 31
3 62 0.5 31
1 60 0.5 31
1 61 0.5 31
1 62 0.5 31
54 26 0.5 13
52 25 0.5 13
52 24 0.5 13
52 26 0.5 13
53 25 0.5 13
53 26 0.5 13
54 25 0.5 13
52 21 0.5 13
52 22 0.5 13
52 23 0.5 13
51 26 0.5 13
50 27 0.5 13
50 26 0.5 13
50 44 0.5 10
51 44 0.5 10
51 43 0.5 10
50 45 0.5 10
50 46 0.5 10
51 46 0.5 10
52 46 0.5 10
48 46 0.5 10
49 46 0.5 10
51 42 0.5 10
61 35 0.5 17
62 35 0.5 17
60 35 0.5 17
58 33 0.5 17
59 33 0.5 17
57 33 0.5 17
60 34 0.5 17
59 34 0.5 17
57 30 0.5 17
57 31 0.5 17
57 32 0.5 17
59 35 0.5 17
63 35 0.5 17
63 34 0.5 17
63 36 0.5 17
56 32 0.5 17
56 33 0.5 17
24 59 0.5 1
49 76 0.5 19
48 75 0.5 19
48 74 0.5 19
49 75 0.5 19
47 74 0.5 19
49 77 0.5 19
50 78 0.5 19
49 78 0.5 19
48 73 0.5 19
53 78 0.5 19
52 78 0.5 19
51 78 0.5 19
54 80 0.5 19
53 80 0.5 19
53 79 0.5 19
52 79 0.5 19
50 79 0.5 19
51 79 0.5 19
51 80 0.5 19
31 36 0.5 8
32 36 0.5 8
30 36 0.5 8
31 35 0.5 8
30 38 0.5 8
30 37 0.5 8
29 38 0.5 8
28 38 0.5 8
84 13 0.5 7
84 14 0.5 7
85 14 0.5 7
85 13 0.5 7
86 14 0.5 7
87 14 0.5 7
87 13 0.5 7
85 97 0.5 13
84 97 0.5 13
83 97 0.5 13
82 97 0.5 13
84 96 0.5 13
84 95 0.5 13
82 96 0.5 13
82 95 0.5 13
84 92 0.5 13
84 93 0.5 13
84 94 0.5 13
83 92 0.5 13
83 91 0.5 13
66 93 0.5 16
67 93 0.5 16
65 93 0.5 16
64 93 0.5 16
65 94 0.5 16
71 94 0.5 16
71 93 0.5 16
68 94 0.5 16
69 94 0.5 16
70 94 0.5 16
68 93 0.5 16
70 93 0.5 16
72 94 0.5 16
64 94 0.5 16
63 94 0.5 16
62 94 0.5 16
55 69 0.5 3
55 68 0.5 3
55 67 0.5 3
58 18 0.5 24
58 16 0.5 24
59 16 0.5 24
59 18 0.5 24
59 17 0.5 24
60 19 0.5 24
60 18 0.5 24
61 18 0.5 24
62 18 0.5 24
62 17 0.5 24
61 16 0.5 24
62 16 0.5 24
63 16 0.5 24
58 19 0.5 24
63 18 0.5 24
64 18 0.5 24
67 18 0.5 24
66 18 0.5 24
65 18 0.5 24
57 15 0.5 24
55 15 0.5 24
56 15 0.5 24
57 16 0.5 24
63 19 0.5 24
35 74 0.5 2
35 75 0.5 2
31 1 0.5 8
32 2 0.5 8
31 2 0.5 8
33 2 0.5 8
34 2 0.5 8
30 0 0.5 8
30 1 0.5 8
29 1 0.5 8
76 90 0.5 4
77 90 0.5 4
77 92 0.5 4
77 91 0.5 4
13 15 0.5 9
14 16 0.5 9
13 16 0.5 9
14 17 0.5 9
12 16 0.5 9
11 15 0.5 9
12 15 0.5 9
10 15 0.5 9
10 16 0.5 9
17 9 0.5 34
16 9 0.5 34
17 11 0.5 34
16 11 0.5 34
16 10 0.5 34
17 12 0.5 34
16 8 0.5 34
17 8 0.5 34
18 8 0.5 34
17 7 0.5 34
17 6 0.5 34
16 7 0.5 34
15 6 0.5 34
16 6 0.5 34
14 6 0.5 34
18 12 0.5 34
19 11 0.5 34
19 13 0.5 34
19 12 0.5 34
13 6 0.5 34
13 5 0.5 34
12 5 0.5 34
12 6 0.5 34
11 4 0.5 34
12 4 0.5 34
10 4 0.5 34
17 3 0.5 34
17 4 0.5 34
16 5 0.5 34
17 5 0.5 34
16 3 0.5 34
15 3 0.5 34
15 2 0.5 34
14 3 0.5 34
85 49 0.5 6
85 47 0.5 6
85 48 0.5 6
86 48 0.5 6
83 47 0.5 6
84 47 0.5 6
79 11 0.5 9
78 11 0.5 9
78 12 0.5 9
77 11 0.5 9
80 11 0.5 9
76 13 0.5 9
76 12 0.5 9
76 11 0.5 9
75 11 0.5 9
10 93 0.5 8
11 93 0.5 8
10 92 0.5 8
11 92 0.5 8
12 93 0.5 8
12 92 0.5 8
13 92 0.5 8
12 94 0.5 8
10 82 0.5 9
12 81 0.5 9
12 82 0.5 9
11 82 0.5 9
12 85 0.5 9
11 85 0.5 9
11 84 0.5 9
11 83 0.5 9
11 86 0.5 9
65 45 0.5 17
66 45 0.5 17
64 45 0.5 17
64 46 0.5 17
64 47 0.5 17
64 48 0.5 17
63 49 0.5 17
63 50 0.5 17
63 48 0.5 17
64 51 0.5 17
63 51 0.5 17
62 47 0.5 17
63 47 0.5 17
64 44 0.5 17
64 43 0.5 17
64 42 0.5 17
63 42 0.5 17
87 24 0.5 20
87 25 0.5 20
86 26 0.5 20
87 26 0.5 20
85 26 0.5 20
88 26 0.5 20
88 25 0.5 20
86 25 0.5 20
90 25 0.5 20
89 25 0.5 20
85 22 0.5 20
85 23 0.5 20
85 24 0.5 20
85 25 0.5 20
86 22 0.5 20
85 28 0.5 20
85 27 0.5 20
87 28 0.5 20
86 28 0.5 20
88 28 0.5 20
91 33 0.5 1
62 71 0.5 11
62 72 0.5 11
62 74 0.5 11
62 73 0.5 11
61 72 0.5 11
60 69 0.5 11
60 71 0.5 11
60 72 0.5 11
59 72 0.5 11
60 70 0.5 11
59 73 0.5 11
94 51 0.5 8
93 51 0.5 8
92 51 0.5 8
93 50 0.5 8
94 52 0.5 8
91 49 0.5 8
91 50 0.5 8
91 51 0.5 8
37 57 0.5 19
38 59 0.5 19
37 58 0.5 19
37 59 0.5 19
44 60 0.5 19
43 60 0.5 19
42 60 0.5 19
41 60 0.5 19
40 60 0.5 19
39 58 0.5 19
40 59 0.5 19
39 59 0.5 19
44 59 0.5 19
44 58 0.5 19
44 57 0.5 19
45 56 0.5 19
45 55 0.5 19
45 57 0.5 19
37 60 0.5 19
49 34 0.5 2
49 33 0.5 2
83 79 0.5 16
83 78 0.5 16
82 77 0.5 16
83 77 0.5 16
83 80 0.5 16
83 81 0.5 16
82 80 0.5 16
84 81 0.5 16
84 85 0.5 16
84 84 0.5 16
83 84 0.5 16
82 82 0.5 16
83 82 0.5 16
82 83 0.5 16
82 84 0.5 16
81 82 0.5 16
37 37 0.5 15
37 38 0.5 15
38 37 0.5 15
34 38 0.5 15
35 38 0.5 15
36 38 0.5 15
34 39 0.5 15
34 40 0.5 15
33 40 0.5 15
36 36 0.5 15
37 36 0.5 15
35 36 0.5 15
35 35 0.5 15
34 35 0.5 15
36 35 0.5 15
48 61 0.5 9
48 62 0.5 9
49 62 0.5 9
49 61 0.5 9
47 62 0.5 9
50 62 0.5 9
48 63 0.5 9
48 64 0.5 9
49 64 0.5 9
18 50 0.5 2
17 50 0.5 2
44 36 0.5 1
28 68 0.5 2
28 67 0.5 2
94 30 0.5 14
94 31 0.5 14
95 31 0.5 14
95 29 0.5 14
94 29 0.5 14
93 29 0.5 14
97 28 0.5 14
98 28 0.5 14
99 28 0.5 14
99 27 0.5 14
97 29 0.5 14
96 28 0.5 14
95 28 0.5 14
95 27 0.5 14
93 75 0.5 12
93 74 0.5 12
94 76 0.5 12
93 76 0.5 12
94 70 0.5 12
94 71 0.5 12
94 72 0.5 12
95 70 0.5 12
93 71 0.5 12
93 73 0.5 12
94 73 0.5 12
95 73 0.5 12
26 8 0.5 18
26 7 0.5 18
26 6 0.5 18
25 10 0.5 18
25 8 0.5 18
25 9 0.5 18
24 10 0.5 18
23 10 0.5 18
22 10 0.5 18
29 10 0.5 18
29 11 0.5 18
28 10 0.5 18
28 9 0.5 18
29 12 0.5 18
28 12 0.5 18
27 9 0.5 18
27 8 0.5 18
22 9 0.5 18
6 39 0.5 14
5 39 0.5 14
7 38 0.5 14
8 38 0.5 14
8 39 0.5 14
9 39 0.5 14
7 39 0.5 14
6 38 0.5 14
6 37 0.5 14
6 36 0.5 14
7 36 0.5 14
8 36 0.5 14
9 37 0.5 14
8 37 0.5 14
1 9 0.5 1
65 59 0.5 9
66 59 0.5 9
66 61 0.5 9
66 60 0.5 9
67 60 0.5 9
64 59 0.5 9
68 60 0.5 9
69 60 0.5 9
70 60 0.5 9
18 79 0.5 2
17 79 0.5 2
70 55 0.5 8
70 54 0.5 8
70 53 0.5 8
69 53 0.5 8
70 57 0.5 8
69 57 0.5 8
70 56 0.5 8
71 53 0.5 8
5 83 0.5 16
3 86 0.5 16
4 84 0.5 16
3 84 0.5 16
3 85 0.5 16
4 83 0.5 16
2 87 0.5 16
3 87 0.5 16
3 88 0.5 16
4 88 0.5 16
4 89 0.5 16
2 85 0.5 16
4 90 0.5 16
4 91 0.5 16
3 92 0.5 16
4 92 0.5 16
39 66 0.5 8
38 66 0.5 8
37 66 0.5 8
37 64 0.5 8
37 65 0.5 8
40 66 0.5 8
39 67 0.5 8
38 67 0.5 8
18 82 0.5 3
19 82 0.5 3
20 82 0.5 3
95 42 0.5 4
94 43 0.5 4
94 44 0.5 4
95 43 0.5 4
20 91 0.5 7
20 92 0.5 7
18 89 0.5 7
18 88 0.5 7
19 91 0.5 7
18 90 0.5 7
19 90 0.5 7
60 86 0.5 1
32 55 0.5 10
31 55 0.5 10
33 55 0.5 10
31 57 0.5 10
31 56 0.5 10
30 56 0.5 10
30 55 0.5 10
34 54 0.5 10
34 53 0.5 10
33 54 0.5 10
56 53 0.5 6
56 54 0.5 6
54 53 0.5 6
54 54 0.5 6
55 54 0.5 6
54 55 0.5 6
43 91 0.5 10
43 90 0.5 10
42 91 0.5 10
42 90 0.5 10
39 91 0.5 10
41 91 0.5 10
40 93 0.5 10
40 92 0.5 10
40 91 0.5 10
40 94 0.5 10
98 34 0.5 3
99 33 0.5 3
98 33 0.5 3
82 7 0.5 2
82 8 0.5 2
6 26 0.5 7
5 26 0.5 7
7 28 0.5 7
8 28 0.5 7
6 29 0.5 7
6 28 0.5 7
6 27 0.5 7
78 67 0.5 10
79 67 0.5 10
80 67 0.5 10
75 68 0.5 10
75 67 0.5 10
75 69 0.5 10
77 68 0.5 10
78 68 0.5 10
76 68 0.5 10
74 67 0.5 10
32 99 0.5 2
32 98 0.5 2
99 13 0.5 3
99 12 0.5 3
0 13 0.5 3
55 35 0.5 1
26 17 0.5 2
27 17 0.5 2
57 6 0.5 3
56 7 0.5 3
57 7 0.5 3
73 42 0.5 2
74 42 0.5 2
95 90 0.5 7
96 89 0.5 7
96 90 0.5 7
95 92 0.5 7
96 92 0.5 7
95 91 0.5 7
97 92 0.5 7
92 39 0.5 1
33 85 0.5 5
32 86 0.5 5
32 85 0.5 5
30 85 0.5 5
31 85 0.5 5
73 73 0.5 7
73 74 0.5 7
73 75 0.5 7
74 75 0.5 7
72 75 0.5 7
71 76 0.5 7
71 75 0.5 7
38 12 0.5 4
39 12 0.5 4
39 11 0.5 4
39 10 0.5 4
36 79 0.5 5
37 79 0.5 5
39 79 0.5 5
38 79 0.5 5
36 78 0.5 5
98 16 0.5 3
99 16 0.5 3
97 16 0.5 3
63 86 0.5 1
71 81 0.5 1
25 41 0.5 1
15 59 0.5 1
55 99 0.5 1
83 65 0.5 2
83 66 0.5 2
5 98 0.5 1
13 72 0.5 1
6 4 0.5 1
97 55 0.5 1
14 28 0.5 2
13 28 0.5 2
43 68 0.5 2
43 67 0.5 2
6 75 0.5 2
7 75 0.5 2
27 77 0.5 1
88 35 0.5 1
58 41 0.5 1
20 96 0.5 1
40 75 0.5 1
