33 21 0.5 3
33 19 0.5 3
33 20 0.5 3
77 20 0.5 2
77 19 0.5 2
61 13 0.5 3
63 13 0.5 3
62 13 0.5 3
41 39 0.5 4
40 39 0.5 4
39 39 0.5 4
40 40 0.5 4
99 63 0.5 3
99 62 0.5 3
99 61 0.5 3
93 10 0.5 2
92 10 0.5 2
30 86 0.5 4
30 85 0.5 4
30 84 0.5 4
31 84 0.5 4
44 22 0.5 3
44 21 0.5 3
45 21 0.5 3
71 47 0.5 4
70 47 0.5 4
71 48 0.5 4
72 47 0.5 4
97 60 0.5 1
53 28 0.5 4
53 27 0.5 4
52 29 0.5 4
53 29 0.5 4
34 40 0.5 3
34 41 0.5 3
34 39 0.5 3
66 37 0.5 7
67 37 0.5 7
65 37 0.5 7
65 36 0.5 7
67 35 0.5 7
67 36 0.5 7
67 34 0.5 7
54 4 0.5 8
54 5 0.5 8
54 7 0.5 8
54 6 0.5 8
53 7 0.5 8
55 5 0.5 8
55 6 0.5 8
55 7 0.5 8
50 58 0.5 2
50 59 0.5 2
6 7 0.5 4
4 7 0.5 4
5 7 0.5 4
4 8 0.5 4
19 64 0.5 2
19 65 0.5 2
79 43 0.5 2
79 42 0.5 2
12 15 0.5 2
12 16 0.5 2
96 17 0.5 3
97 17 0.5 3
96 18 0.5 3
78 93 0.5 4
79 93 0.5 4
79 92 0.5 4
79 91 0.5 4
48 74 0.5 1
19 91 0.5 9
18 91 0.5 9
20 91 0.5 9
20 90 0.5 9
20 89 0.5 9
20 87 0.5 9
20 88 0.5 9
22 88 0.5 9
21 88 0.5 9
78 37 0.5 4
79 37 0.5 4
77 37 0.5 4
80 37 0.5 4
82 7 0.5 2
81 7 0.5 2
59 32 0.5 2
58 32 0.5 2
24 73 0.5 4
25 73 0.5 4
25 71 0.5 4
25 72 0.5 4
51 64 0.5 6
51 65 0.5 6
51 66 0.5 6
51 63 0.5 6
52 63 0.5 6
50 64 0.5 6
52 94 0.5 4
52 95 0.5 4
52 96 0.5 4
51 96 0.5 4
38 56 0.5 11
39 56 0.5 11
37 56 0.5 11
37 55 0.5 11
36 55 0.5 11
36 56 0.5 11
39 52 0.5 11
39 53 0.5 11
38 54 0.5 11
39 54 0.5 11
37 54 0.5 11
49 11 0.5 2
48 11 0.5 2
2 14 0.5 3
3 14 0.5 3
3 13 0.5 3
38 27 0.5 5
38 26 0.5 5
38 25 0.5 5
37 25 0.5 5
39 25 0.5 5
34 54 0.5 5
34 53 0.5 5
35 54 0.5 5
34 52 0.5 5
35 52 0.5 5
87 88 0.5 4
86 88 0.5 4
86 87 0.5 4
86 86 0.5 4
1 7 0.5 1
4 15 0.5 1
97 11 0.5 1
44 78 0.5 8
43 77 0.5 8
44 77 0.5 8
42 78 0.5 8
42 77 0.5 8
42 76 0.5 8
44 76 0.5 8
44 75 0.5 8
12 22 0.5 3
13 22 0.5 3
12 21 0.5 3
21 4 0.5 1
18 45 0.5 8
15 45 0.5 8
15 46 0.5 8
18 46 0.5 8
17 46 0.5 8
16 46 0.5 8
14 46 0.5 8
16 45 0.5 8
96 29 0.5 4
97 29 0.5 4
95 29 0.5 4
95 30 0.5 4
73 3 0.5 3
72 2 0.5 3
73 2 0.5 3
37 9 0.5 1
47 80 0.5 3
47 79 0.5 3
48 79 0.5 3
34 17 0.5 2
33 17 0.5 2
78 57 0.5 2
77 57 0.5 2
19 7 0.5 3
20 7 0.5 3
18 7 0.5 3
28 8 0.5 1
60 66 0.5 7
59 66 0.5 7
59 65 0.5 7
61 66 0.5 7
61 67 0.5 7
61 65 0.5 7
59 64 0.5 7
0 23 0.5 2
0 22 0.5 2
94 48 0.5 5
93 48 0.5 5
92 48 0.5 5
92 49 0.5 5
93 49 0.5 5
93 88 0.5 9
94 88 0.5 9
92 88 0.5 9
96 88 0.5 9
97 88 0.5 9
98 88 0.5 9
97 87 0.5 9
95 88 0.5 9
97 86 0.5 9
53 31 0.5 2
53 32 0.5 2
96 68 0.5 2
95 68 0.5 2
76 68 0.5 2
77 68 0.5 2
14 62 0.5 5
14 60 0.5 5
14 61 0.5 5
15 62 0.5 5
16 62 0.5 5
95 91 0.5 2
95 92 0.5 2
16 78 0.5 5
15 78 0.5 5
16 79 0.5 5
16 77 0.5 5
16 80 0.5 5
42 67 0.5 2
41 67 0.5 2
92 40 0.5 6
93 40 0.5 6
94 40 0.5 6
93 41 0.5 6
92 41 0.5 6
91 40 0.5 6
94 84 0.5 1
61 28 0.5 1
3 99 0.5 1
21 11 0.5 2
22 11 0.5 2
23 96 0.5 1
72 76 0.5 3
71 76 0.5 3
72 75 0.5 3
23 78 0.5 5
23 76 0.5 5
23 77 0.5 5
25 77 0.5 5
24 77 0.5 5
69 82 0.5 3
69 83 0.5 3
70 83 0.5 3
26 56 0.5 1
87 38 0.5 1
82 33 0.5 3
82 32 0.5 3
83 32 0.5 3
9 82 0.5 1
35 28 0.5 6
34 28 0.5 6
35 27 0.5 6
33 28 0.5 6
33 27 0.5 6
34 29 0.5 6
38 14 0.5 2
39 14 0.5 2
80 52 0.5 3
79 52 0.5 3
79 51 0.5 3
72 6 0.5 2
71 6 0.5 2
78 61 0.5 3
78 60 0.5 3
78 59 0.5 3
57 80 0.5 6
57 79 0.5 6
58 80 0.5 6
58 81 0.5 6
58 78 0.5 6
58 79 0.5 6
84 25 0.5 2
84 24 0.5 2
79 47 0.5 9
80 47 0.5 9
76 48 0.5 9
77 48 0.5 9
77 47 0.5 9
77 46 0.5 9
78 47 0.5 9
77 49 0.5 9
75 48 0.5 9
84 60 0.5 1
60 51 0.5 3
60 50 0.5 3
60 49 0.5 3
68 1 0.5 2
68 0 0.5 2
79 75 0.5 3
79 74 0.5 3
80 74 0.5 3
72 59 0.5 1
58 93 0.5 1
93 12 0.5 2
93 13 0.5 2
82 21 0.5 3
83 21 0.5 3
82 20 0.5 3
38 78 0.5 1
49 32 0.5 6
49 33 0.5 6
49 34 0.5 6
49 31 0.5 6
48 30 0.5 6
48 31 0.5 6
72 13 0.5 5
73 13 0.5 5
72 14 0.5 5
72 15 0.5 5
72 16 0.5 5
71 99 0.5 1
76 10 0.5 1
80 87 0.5 3
79 87 0.5 3
80 86 0.5 3
43 0 0.5 1
26 18 0.5 4
26 17 0.5 4
27 19 0.5 4
27 18 0.5 4
32 97 0.5 10
32 98 0.5 10
32 99 0.5 10
32 0 0.5 10
32 1 0.5 10
31 1 0.5 10
30 1 0.5 10
30 2 0.5 10
30 3 0.5 10
30 4 0.5 10
13 83 0.5 2
13 84 0.5 2
4 84 0.5 6
5 84 0.5 6
6 84 0.5 6
3 85 0.5 6
4 85 0.5 6
4 86 0.5 6
33 31 0.5 2
33 30 0.5 2
74 11 0.5 2
74 12 0.5 2
18 58 0.5 1
86 16 0.5 1
53 71 0.5 5
54 71 0.5 5
53 72 0.5 5
52 71 0.5 5
55 71 0.5 5
63 30 0.5 4
64 30 0.5 4
64 28 0.5 4
64 29 0.5 4
88 94 0.5 1
12 70 0.5 4
12 71 0.5 4
13 71 0.5 4
13 72 0.5 4
50 6 0.5 2
50 5 0.5 2
82 95 0.5 2
82 94 0.5 2
65 16 0.5 1
70 44 0.5 5
69 44 0.5 5
68 44 0.5 5
68 43 0.5 5
71 44 0.5 5
91 76 0.5 2
92 76 0.5 2
21 49 0.5 1
42 9 0.5 4
43 9 0.5 4
42 10 0.5 4
43 10 0.5 4
72 36 0.5 2
72 37 0.5 2
57 24 0.5 4
57 25 0.5 4
58 25 0.5 4
59 25 0.5 4
89 61 0.5 4
90 59 0.5 4
90 60 0.5 4
89 60 0.5 4
49 43 0.5 2
49 44 0.5 2
54 64 0.5 3
54 63 0.5 3
54 62 0.5 3
4 44 0.5 1
28 20 0.5 1
93 19 0.5 4
93 17 0.5 4
93 18 0.5 4
93 16 0.5 4
34 63 0.5 1
86 77 0.5 5
87 77 0.5 5
87 78 0.5 5
88 76 0.5 5
88 77 0.5 5
67 23 0.5 9
66 23 0.5 9
67 24 0.5 9
72 25 0.5 9
71 25 0.5 9
70 25 0.5 9
68 25 0.5 9
67 25 0.5 9
69 25 0.5 9
40 70 0.5 6
40 72 0.5 6
40 73 0.5 6
40 71 0.5 6
39 73 0.5 6
39 70 0.5 6
19 1 0.5 1
55 46 0.5 2
55 45 0.5 2
15 65 0.5 1
10 24 0.5 1
35 5 0.5 2
35 6 0.5 2
30 16 0.5 4
30 15 0.5 4
30 14 0.5 4
30 13 0.5 4
36 99 0.5 3
36 0 0.5 3
37 0 0.5 3
64 49 0.5 2
63 49 0.5 2
45 30 0.5 5
44 31 0.5 5
44 30 0.5 5
44 32 0.5 5
44 33 0.5 5
46 48 0.5 2
46 47 0.5 2
91 35 0.5 1
28 93 0.5 3
29 92 0.5 3
29 93 0.5 3
66 78 0.5 1
69 54 0.5 2
69 55 0.5 2
28 40 0.5 4
29 40 0.5 4
30 40 0.5 4
30 41 0.5 4
56 37 0.5 3
55 37 0.5 3
54 37 0.5 3
43 18 0.5 5
44 18 0.5 5
42 19 0.5 5
42 18 0.5 5
42 17 0.5 5
13 35 0.5 2
12 35 0.5 2
31 62 0.5 1
55 95 0.5 4
56 94 0.5 4
55 94 0.5 4
54 94 0.5 4
82 66 0.5 9
81 66 0.5 9
80 66 0.5 9
80 67 0.5 9
79 67 0.5 9
82 68 0.5 9
83 67 0.5 9
82 67 0.5 9
83 66 0.5 9
1 68 0.5 2
0 68 0.5 2
47 88 0.5 2
47 89 0.5 2
38 91 0.5 3
37 91 0.5 3
38 92 0.5 3
62 8 0.5 1
45 60 0.5 2
44 60 0.5 2
10 67 0.5 3
8 67 0.5 3
9 67 0.5 3
82 59 0.5 1
27 27 0.5 1
69 92 0.5 2
70 92 0.5 2
32 85 0.5 1
29 51 0.5 3
30 51 0.5 3
29 52 0.5 3
23 17 0.5 6
24 17 0.5 6
22 17 0.5 6
21 17 0.5 6
20 17 0.5 6
23 18 0.5 6
86 44 0.5 6
85 44 0.5 6
84 44 0.5 6
84 45 0.5 6
83 45 0.5 6
87 44 0.5 6
59 57 0.5 4
60 59 0.5 4
60 58 0.5 4
59 58 0.5 4
21 82 0.5 3
21 83 0.5 3
22 83 0.5 3
63 86 0.5 2
63 85 0.5 2
18 67 0.5 1
35 74 0.5 1
47 66 0.5 6
47 67 0.5 6
47 68 0.5 6
47 69 0.5 6
49 69 0.5 6
48 69 0.5 6
96 99 0.5 2
95 99 0.5 2
67 31 0.5 1
62 71 0.5 1
41 35 0.5 1
15 83 0.5 1
47 9 0.5 1
0 44 0.5 4
0 43 0.5 4
0 45 0.5 4
0 42 0.5 4
3 2 0.5 1
21 27 0.5 1
51 9 0.5 2
50 9 0.5 2
53 86 0.5 3
53 85 0.5 3
52 86 0.5 3
76 80 0.5 5
75 79 0.5 5
76 79 0.5 5
74 80 0.5 5
75 80 0.5 5
27 25 0.5 1
93 55 0.5 6
92 55 0.5 6
94 55 0.5 6
95 55 0.5 6
94 54 0.5 6
91 55 0.5 6
46 92 0.5 1
51 14 0.5 1
5 59 0.5 1
74 28 0.5 4
74 29 0.5 4
74 30 0.5 4
73 28 0.5 4
96 51 0.5 4
96 50 0.5 4
96 52 0.5 4
97 52 0.5 4
50 17 0.5 2
51 17 0.5 2
5 25 0.5 3
4 25 0.5 3
3 25 0.5 3
19 94 0.5 1
66 1 0.5 1
24 50 0.5 3
25 50 0.5 3
26 50 0.5 3
79 27 0.5 1
96 23 0.5 2
96 24 0.5 2
90 63 0.5 4
91 63 0.5 4
90 62 0.5 4
92 63 0.5 4
9 11 0.5 1
34 10 0.5 4
34 12 0.5 4
34 11 0.5 4
34 13 0.5 4
23 37 0.5 1
21 73 0.5 2
21 72 0.5 2
8 17 0.5 3
8 18 0.5 3
7 18 0.5 3
67 79 0.5 2
67 80 0.5 2
22 97 0.5 1
60 70 0.5 2
59 70 0.5 2
76 14 0.5 2
75 14 0.5 2
61 93 0.5 2
61 94 0.5 2
46 16 0.5 3
46 15 0.5 3
45 15 0.5 3
6 31 0.5 1
62 0 0.5 1
42 25 0.5 4
42 26 0.5 4
43 26 0.5 4
44 26 0.5 4
40 7 0.5 1
65 82 0.5 1
0 99 0.5 1
2 55 0.5 1
79 64 0.5 4
80 64 0.5 4
78 64 0.5 4
79 65 0.5 4
84 72 0.5 3
85 72 0.5 3
84 71 0.5 3
41 51 0.5 1
0 87 0.5 1
51 91 0.5 2
52 91 0.5 2
47 84 0.5 2
48 84 0.5 2
96 41 0.5 1
18 27 0.5 1
82 98 0.5 1
35 77 0.5 3
34 77 0.5 3
33 77 0.5 3
64 6 0.5 1
49 89 0.5 3
49 88 0.5 3
49 90 0.5 3
53 23 0.5 2
54 23 0.5 2
31 75 0.5 3
31 76 0.5 3
31 74 0.5 3
99 70 0.5 1
64 63 0.5 2
65 63 0.5 2
5 94 0.5 2
5 93 0.5 2
85 18 0.5 2
85 17 0.5 2
70 50 0.5 2
69 50 0.5 2
91 96 0.5 1
22 14 0.5 1
82 29 0.5 1
27 45 0.5 1
51 76 0.5 1
86 65 0.5 1
27 4 0.5 1
19 12 0.5 1
69 8 0.5 2
70 8 0.5 2
6 0 0.5 1
12 89 0.5 1
19 19 0.5 4
18 19 0.5 4
21 19 0.5 4
20 19 0.5 4
42 44 0.5 1
13 8 0.5 1
24 92 0.5 2
25 92 0.5 2
12 85 0.5 2
11 85 0.5 2
2 35 0.5 1
40 97 0.5 4
40 96 0.5 4
41 98 0.5 4
41 97 0.5 4
82 90 0.5 1
32 59 0.5 2
33 59 0.5 2
62 46 0.5 1
96 71 0.5 3
96 70 0.5 3
96 72 0.5 3
71 56 0.5 1
88 49 0.5 1
26 60 0.5 2
25 60 0.5 2
12 28 0.5 1
49 50 0.5 2
49 51 0.5 2
88 4 0.5 1
36 66 0.5 3
36 67 0.5 3
37 67 0.5 3
21 23 0.5 5
21 24 0.5 5
22 24 0.5 5
22 23 0.5 5
22 22 0.5 5
2 89 0.5 1
44 72 0.5 5
44 71 0.5 5
46 71 0.5 5
46 72 0.5 5
45 71 0.5 5
60 38 0.5 2
61 38 0.5 2
95 38 0.5 2
95 37 0.5 2
39 31 0.5 1
53 74 0.5 1
86 19 0.5 3
87 19 0.5 3
87 18 0.5 3
2 71 0.5 2
2 72 0.5 2
77 6 0.5 3
76 6 0.5 3
78 6 0.5 3
49 21 0.5 2
49 22 0.5 2
24 44 0.5 5
24 45 0.5 5
23 43 0.5 5
24 43 0.5 5
22 43 0.5 5
5 48 0.5 1
93 71 0.5 2
93 72 0.5 2
11 60 0.5 1
69 60 0.5 3
68 60 0.5 3
68 59 0.5 3
95 5 0.5 1
72 89 0.5 3
73 89 0.5 3
71 89 0.5 3
5 78 0.5 1
95 66 0.5 1
88 99 0.5 3
88 98 0.5 3
87 99 0.5 3
5 4 0.5 2
4 4 0.5 2
10 47 0.5 1
47 95 0.5 1
49 26 0.5 1
52 1 0.5 1
31 55 0.5 1
13 79 0.5 2
14 79 0.5 2
52 38 0.5 1
86 74 0.5 2
86 73 0.5 2
19 41 0.5 1
58 55 0.5 2
59 55 0.5 2
13 97 0.5 1
3 37 0.5 1
84 82 0.5 1
72 63 0.5 1
64 56 0.5 1
83 78 0.5 1
98 20 0.5 1
11 93 0.5 1
29 28 0.5 3
30 28 0.5 3
29 29 0.5 3
33 81 0.5 3
34 81 0.5 3
34 82 0.5 3
60 96 0.5 1
84 10 0.5 1
2 27 0.5 2
3 27 0.5 2
62 26 0.5 1
41 63 0.5 2
42 63 0.5 2
9 63 0.5 2
9 64 0.5 2
85 35 0.5 6
84 35 0.5 6
86 36 0.5 6
86 35 0.5 6
85 34 0.5 6
86 34 0.5 6
21 68 0.5 1
42 14 0.5 1
68 41 0.5 1
83 16 0.5 1
20 96 0.5 2
21 96 0.5 2
54 44 0.5 1
23 0 0.5 1
31 8 0.5 2
31 9 0.5 2
83 3 0.5 1
61 77 0.5 3
60 78 0.5 3
61 78 0.5 3
18 50 0.5 2
18 51 0.5 2
27 82 0.5 1
59 43 0.5 2
60 43 0.5 2
89 73 0.5 2
90 73 0.5 2
81 63 0.5 2
81 62 0.5 2
3 47 0.5 1
57 90 0.5 1
28 35 0.5 1
82 57 0.5 1
47 5 0.5 2
47 4 0.5 2
43 95 0.5 1
77 24 0.5 1
98 92 0.5 1
97 43 0.5 1
90 2 0.5 1
87 90 0.5 1
95 75 0.5 1
42 37 0.5 1
58 34 0.5 2
59 34 0.5 2
63 18 0.5 2
63 19 0.5 2
56 61 0.5 2
56 60 0.5 2
80 30 0.5 1
13 31 0.5 1
35 70 0.5 3
35 71 0.5 3
35 69 0.5 3
38 89 0.5 1
39 29 0.5 1
90 38 0.5 1
1 57 0.5 4
1 58 0.5 4
2 58 0.5 4
3 58 0.5 4
8 52 0.5 2
9 52 0.5 2
17 32 0.5 2
18 32 0.5 2
92 26 0.5 1
68 52 0.5 1
43 49 0.5 2
43 48 0.5 2
4 64 0.5 1
74 9 0.5 1
98 6 0.5 1
29 60 0.5 1
89 70 0.5 1
98 49 0.5 1
64 70 0.5 1
68 76 0.5 2
69 76 0.5 2
22 62 0.5 1
92 67 0.5 1
92 94 0.5 1
7 78 0.5 1
49 61 0.5 1
60 6 0.5 2
60 5 0.5 2
82 83 0.5 2
81 83 0.5 2
75 86 0.5 1
38 46 0.5 2
38 47 0.5 2
89 17 0.5 1
4 49 0.5 1
67 86 0.5 1
14 40 0.5 1
48 19 0.5 1
59 1 0.5 1
3 21 0.5 4
3 20 0.5 4
3 19 0.5 4
3 18 0.5 4
14 69 0.5 1
78 98 0.5 1
5 91 0.5 1
64 22 0.5 1
28 95 0.5 1
41 4 0.5 2
41 3 0.5 2
66 60 0.5 1
38 23 0.5 1
94 2 0.5 1
56 99 0.5 2
57 99 0.5 2
23 41 0.5 1
66 11 0.5 1
66 73 0.5 3
66 74 0.5 3
65 74 0.5 3
1 80 0.5 1
44 83 0.5 1
10 4 0.5 1
33 4 0.5 1
53 2 0.5 1
34 32 0.5 1
44 89 0.5 1
39 79 0.5 1
59 88 0.5 1
39 34 0.5 1
66 6 0.5 1
12 66 0.5 1
23 71 0.5 1
79 35 0.5 1
97 46 0.5 2
98 46 0.5 2
87 69 0.5 2
88 69 0.5 2
54 52 0.5 1
81 10 0.5 2
82 10 0.5 2
98 14 0.5 1
35 47 0.5 1
89 28 0.5 2
89 29 0.5 2
72 93 0.5 1
6 42 0.5 2
7 42 0.5 2
67 97 0.5 2
67 96 0.5 2
15 92 0.5 1
3 62 0.5 1
50 41 0.5 1
60 21 0.5 1
77 87 0.5 3
77 88 0.5 3
78 88 0.5 3
24 52 0.5 2
25 52 0.5 2
10 18 0.5 1
17 15 0.5 2
17 16 0.5 2
68 20 0.5 1
32 68 0.5 2
32 67 0.5 2
79 77 0.5 1
9 9 0.5 1
7 70 0.5 1
37 21 0.5 1
81 26 0.5 1
38 80 0.5 1
6 15 0.5 1
50 38 0.5 1
76 83 0.5 1
82 50 0.5 1
88 86 0.5 1
90 23 0.5 1
62 39 0.5 1
96 35 0.5 2
96 34 0.5 2
70 85 0.5 1
11 29 0.5 1
31 36 0.5 1
59 12 0.5 1
30 81 0.5 1
10 74 0.5 1
74 93 0.5 1
90 89 0.5 1
7 36 0.5 1
51 42 0.5 1
30 91 0.5 1
74 25 0.5 1
7 25 0.5 1
13 41 0.5 1
70 20 0.5 1
14 9 0.5 1
14 51 0.5 1
46 40 0.5 1
9 13 0.5 1
83 75 0.5 1
43 46 0.5 1
96 95 0.5 1
45 54 0.5 2
45 55 0.5 2
64 35 0.5 1
43 40 0.5 1
89 80 0.5 1
7 92 0.5 1
85 78 0.5 1
39 8 0.5 1
26 26 0.5 1
90 9 0.5 1
9 28 0.5 1
93 32 0.5 1
55 49 0.5 1
31 33 0.5 1
89 36 0.5 1
11 33 0.5 1
53 17 0.5 1
59 84 0.5 1
91 46 0.5 1
92 31 0.5 1
