64 71 0.5 20
66 71 0.5 20
66 72 0.5 20
65 71 0.5 20
64 70 0.5 20
63 71 0.5 20
66 74 0.5 20
67 73 0.5 20
66 73 0.5 20
62 71 0.5 20
62 72 0.5 20
62 74 0.5 20
62 73 0.5 20
61 72 0.5 20
60 69 0.5 20
60 71 0.5 20
60 72 0.5 20
59 72 0.5 20
60 70 0.5 20
59 73 0.5 20
5 21 0.5 3
4 21 0.5 3
4 20 0.5 3
14 66 0.5 9
13 66 0.5 9
13 64 0.5 9
12 64 0.5 9
13 65 0.5 9
11 67 0.5 9
12 67 0.5 9
10 67 0.5 9
13 67 0.5 9
0 45 0.5 16
1 45 0.5 16
2 45 0.5 16
99 45 0.5 16
6 45 0.5 16
5 45 0.5 16
5 46 0.5 16
4 46 0.5 16
3 45 0.5 16
4 45 0.5 16
3 44 0.5 16
6 46 0.5 16
0 44 0.5 16
6 48 0.5 16
6 47 0.5 16
7 47 0.5 16
74 27 0.5 23
72 27 0.5 23
73 27 0.5 23
75 27 0.5 23
77 27 0.5 23
76 27 0.5 23
77 26 0.5 23
76 28 0.5 23
76 29 0.5 23
69 27 0.5 23
69 26 0.5 23
71 27 0.5 23
70 27 0.5 23
70 26 0.5 23
70 25 0.5 23
77 25 0.5 23
68 23 0.5 23
70 24 0.5 23
69 24 0.5 23
68 24 0.5 23
69 25 0.5 23
67 23 0.5 23
70 23 0.5 23
11 23 0.5 55
11 24 0.5 55
12 23 0.5 55
10 24 0.5 55
13 23 0.5 55
8 22 0.5 55
8 23 0.5 55
9 23 0.5 55
10 23 0.5 55
7 22 0.5 55
8 24 0.5 55
14 23 0.5 55
15 23 0.5 55
13 22 0.5 55
12 22 0.5 55
17 25 0.5 55
16 25 0.5 55
16 24 0.5 55
16 22 0.5 55
16 23 0.5 55
17 21 0.5 55
17 22 0.5 55
18 26 0.5 55
18 25 0.5 55
8 21 0.5 55
7 21 0.5 55
7 20 0.5 55
21 26 0.5 55
20 26 0.5 55
20 25 0.5 55
19 26 0.5 55
19 27 0.5 55
17 31 0.5 55
17 32 0.5 55
16 35 0.5 55
16 34 0.5 55
16 33 0.5 55
16 32 0.5 55
18 31 0.5 55
18 32 0.5 55
21 28 0.5 55
20 28 0.5 55
21 29 0.5 55
19 28 0.5 55
20 27 0.5 55
22 29 0.5 55
19 29 0.5 55
18 29 0.5 55
18 30 0.5 55
23 30 0.5 55
22 30 0.5 55
22 31 0.5 55
24 30 0.5 55
25 30 0.5 55
26 30 0.5 55
24 68 0.5 37
24 67 0.5 37
22 68 0.5 37
22 69 0.5 37
23 68 0.5 37
21 65 0.5 37
22 67 0.5 37
22 65 0.5 37
22 66 0.5 37
23 73 0.5 37
24 73 0.5 37
22 73 0.5 37
21 74 0.5 37
22 74 0.5 37
23 74 0.5 37
24 71 0.5 37
23 71 0.5 37
22 72 0.5 37
22 71 0.5 37
21 70 0.5 37
21 71 0.5 37
25 73 0.5 37
25 72 0.5 37
25 74 0.5 37
26 73 0.5 37
25 71 0.5 37
26 71 0.5 37
27 74 0.5 37
28 74 0.5 37
26 74 0.5 37
27 73 0.5 37
27 70 0.5 37
26 70 0.5 37
25 68 0.5 37
26 68 0.5 37
26 69 0.5 37
25 69 0.5 37
76 40 0.5 19
77 40 0.5 19
77 41 0.5 19
75 39 0.5 19
74 39 0.5 19
75 40 0.5 19
75 38 0.5 19
77 39 0.5 19
78 39 0.5 19
79 39 0.5 19
80 39 0.5 19
81 39 0.5 19
79 40 0.5 19
82 39 0.5 19
82 40 0.5 19
81 40 0.5 19
81 41 0.5 19
83 39 0.5 19
83 38 0.5 19
33 77 0.5 2
34 77 0.5 2
88 84 0.5 27
88 85 0.5 27
88 83 0.5 27
90 84 0.5 27
90 85 0.5 27
90 83 0.5 27
89 85 0.5 27
90 82 0.5 27
88 82 0.5 27
89 82 0.5 27
88 80 0.5 27
88 81 0.5 27
89 80 0.5 27
87 82 0.5 27
87 81 0.5 27
90 90 0.5 27
91 90 0.5 27
89 90 0.5 27
89 89 0.5 27
90 91 0.5 27
87 88 0.5 27
88 88 0.5 27
88 87 0.5 27
89 88 0.5 27
88 86 0.5 27
89 86 0.5 27
92 90 0.5 27
40 20 0.5 55
40 19 0.5 55
39 19 0.5 55
36 20 0.5 55
36 19 0.5 55
37 19 0.5 55
38 19 0.5 55
35 20 0.5 55
34 20 0.5 55
34 21 0.5 55
34 19 0.5 55
32 22 0.5 55
32 23 0.5 55
34 22 0.5 55
33 22 0.5 55
33 20 0.5 55
31 22 0.5 55
40 21 0.5 55
40 22 0.5 55
35 28 0.5 55
36 27 0.5 55
35 27 0.5 55
34 27 0.5 55
34 23 0.5 55
34 25 0.5 55
34 24 0.5 55
34 26 0.5 55
35 26 0.5 55
33 24 0.5 55
43 26 0.5 55
43 25 0.5 55
41 25 0.5 55
42 25 0.5 55
44 25 0.5 55
41 26 0.5 55
41 27 0.5 55
40 26 0.5 55
41 24 0.5 55
41 23 0.5 55
41 22 0.5 55
43 10 0.5 55
43 11 0.5 55
44 11 0.5 55
41 13 0.5 55
42 13 0.5 55
42 14 0.5 55
43 13 0.5 55
43 12 0.5 55
42 20 0.5 55
42 18 0.5 55
41 19 0.5 55
42 19 0.5 55
42 17 0.5 55
42 16 0.5 55
42 15 0.5 55
18 53 0.5 13
17 53 0.5 13
17 54 0.5 13
19 54 0.5 13
19 53 0.5 13
20 54 0.5 13
19 55 0.5 13
22 54 0.5 13
22 53 0.5 13
21 54 0.5 13
21 55 0.5 13
21 56 0.5 13
20 55 0.5 13
77 3 0.5 21
77 4 0.5 21
76 3 0.5 21
76 2 0.5 21
74 3 0.5 21
75 4 0.5 21
74 4 0.5 21
75 3 0.5 21
76 1 0.5 21
80 4 0.5 21
80 5 0.5 21
79 4 0.5 21
78 4 0.5 21
78 5 0.5 21
84 3 0.5 21
83 3 0.5 21
83 2 0.5 21
82 2 0.5 21
81 2 0.5 21
81 3 0.5 21
80 3 0.5 21
40 47 0.5 6
40 46 0.5 6
40 44 0.5 6
40 45 0.5 6
39 43 0.5 6
39 44 0.5 6
73 45 0.5 10
73 46 0.5 10
72 46 0.5 10
74 45 0.5 10
75 47 0.5 10
75 46 0.5 10
74 47 0.5 10
73 47 0.5 10
76 47 0.5 10
75 48 0.5 10
30 93 0.5 22
29 93 0.5 22
30 94 0.5 22
29 94 0.5 22
30 92 0.5 22
29 91 0.5 22
29 92 0.5 22
28 91 0.5 22
27 91 0.5 22
30 91 0.5 22
29 90 0.5 22
28 90 0.5 22
27 90 0.5 22
31 93 0.5 22
26 99 0.5 22
26 98 0.5 22
27 97 0.5 22
27 98 0.5 22
28 96 0.5 22
27 96 0.5 22
28 95 0.5 22
29 95 0.5 22
96 6 0.5 22
95 6 0.5 22
94 6 0.5 22
98 4 0.5 22
98 5 0.5 22
98 3 0.5 22
99 3 0.5 22
96 5 0.5 22
97 5 0.5 22
99 2 0.5 22
94 5 0.5 22
94 4 0.5 22
99 1 0.5 22
93 5 0.5 22
0 2 0.5 22
1 2 0.5 22
96 7 0.5 22
0 3 0.5 22
92 7 0.5 22
92 6 0.5 22
92 5 0.5 22
96 8 0.5 22
83 52 0.5 27
84 52 0.5 27
85 52 0.5 27
85 51 0.5 27
82 52 0.5 27
86 51 0.5 27
83 51 0.5 27
80 54 0.5 27
80 53 0.5 27
81 53 0.5 27
80 57 0.5 27
80 55 0.5 27
80 56 0.5 27
81 52 0.5 27
86 50 0.5 27
84 54 0.5 27
84 53 0.5 27
84 55 0.5 27
85 55 0.5 27
86 55 0.5 27
83 54 0.5 27
85 50 0.5 27
85 48 0.5 27
85 49 0.5 27
86 49 0.5 27
83 48 0.5 27
84 48 0.5 27
54 95 0.5 24
53 95 0.5 24
52 94 0.5 24
53 94 0.5 24
53 93 0.5 24
52 90 0.5 24
54 90 0.5 24
54 91 0.5 24
53 90 0.5 24
55 91 0.5 24
54 92 0.5 24
53 92 0.5 24
51 90 0.5 24
48 92 0.5 24
48 93 0.5 24
48 95 0.5 24
48 94 0.5 24
50 95 0.5 24
49 95 0.5 24
50 94 0.5 24
51 93 0.5 24
51 94 0.5 24
47 95 0.5 24
47 94 0.5 24
9 55 0.5 31
8 55 0.5 31
10 56 0.5 31
10 55 0.5 31
5 57 0.5 31
4 57 0.5 31
4 58 0.5 31
5 58 0.5 31
3 58 0.5 31
3 60 0.5 31
3 59 0.5 31
4 61 0.5 31
5 60 0.5 31
4 60 0.5 31
6 57 0.5 31
6 56 0.5 31
6 55 0.5 31
6 60 0.5 31
7 55 0.5 31
7 54 0.5 31
10 51 0.5 31
10 52 0.5 31
10 53 0.5 31
10 54 0.5 31
9 54 0.5 31
8 54 0.5 31
5 62 0.5 31
4 62 0.5 31
2 60 0.5 31
2 61 0.5 31
2 62 0.5 31
54 25 0.5 13
52 24 0.5 13
52 23 0.5 13
52 25 0.5 13
53 24 0.5 13
53 25 0.5 13
54 24 0.5 13
52 20 0.5 13
52 21 0.5 13
52 22 0.5 13
51 25 0.5 13
50 26 0.5 13
50 25 0.5 13
49 44 0.5 10
50 44 0.5 10
50 43 0.5 10
49 45 0.5 10
49 46 0.5 10
50 46 0.5 10
51 46 0.5 10
47 46 0.5 10
48 46 0.5 10
50 42 0.5 10
61 36 0.5 17
62 36 0.5 17
60 36 0.5 17
58 34 0.5 17
59 34 0.5 17
57 34 0.5 17
60 35 0.5 17
59 35 0.5 17
57 31 0.5 17
57 32 0.5 17
57 33 0.5 17
59 36 0.5 17
63 36 0.5 17
63 35 0.5 17
63 37 0.5 17
56 33 0.5 17
56 34 0.5 17
24 60 0.5 1
48 76 0.5 19
47 75 0.5 19
47 74 0.5 19
48 75 0.5 19
46 74 0.5 19
48 77 0.5 19
49 78 0.5 19
48 78 0.5 19
47 73 0.5 19
52 78 0.5 19
51 78 0.5 19
50 78 0.5 19
53 80 0.5 19
52 80 0.5 19
52 79 0.5 19
51 79 0.5 19
49 79 0.5 19
50 79 0.5 19
50 80 0.5 19
31 37 0.5 8
32 37 0.5 8
30 37 0.5 8
31 36 0.5 8
30 39 0.5 8
30 38 0.5 8
29 39 0.5 8
28 39 0.5 8
84 14 0.5 7
84 15 0.5 7
85 15 0.5 7
85 14 0.5 7
86 15 0.5 7
87 15 0.5 7
87 14 0.5 7
85 96 0.5 13
84 96 0.5 13
83 96 0.5 13
82 96 0.5 13
84 95 0.5 13
84 94 0.5 13
82 95 0.5 13
82 94 0.5 13
84 91 0.5 13
84 92 0.5 13
84 93 0.5 13
83 91 0.5 13
83 90 0.5 13
66 92 0.5 16
67 92 0.5 16
65 92 0.5 16
64 92 0.5 16
65 93 0.5 16
71 93 0.5 16
71 92 0.5 16
68 93 0.5 16
69 93 0.5 16
70 93 0.5 16
68 92 0.5 16
70 92 0.5 16
72 93 0.5 16
64 93 0.5 16
63 93 0.5 16
62 93 0.5 16
55 70 0.5 3
55 69 0.5 3
55 68 0.5 3
59 18 0.5 24
59 16 0.5 24
60 16 0.5 24
60 18 0.5 24
60 17 0.5 24
61 19 0.5 24
61 18 0.5 24
62 18 0.5 24
63 18 0.5 24
63 17 0.5 24
62 16 0.5 24
63 16 0.5 24
64 16 0.5 24
59 19 0.5 24
64 18 0.5 24
65 18 0.5 24
68 18 0.5 24
67 18 0.5 24
66 18 0.5 24
58 15 0.5 24
56 15 0.5 24
57 15 0.5 24
58 16 0.5 24
64 19 0.5 24
36 74 0.5 2
36 75 0.5 2
31 2 0.5 8
32 3 0.5 8
31 3 0.5 8
33 3 0.5 8
34 3 0.5 8
30 1 0.5 8
30 2 0.5 8
29 2 0.5 8
77 90 0.5 4
78 90 0.5 4
78 92 0.5 4
78 91 0.5 4
13 16 0.5 9
14 17 0.5 9
13 17 0.5 9
14 18 0.5 9
12 17 0.5 9
11 16 0.5 9
12 16 0.5 9
10 16 0.5 9
10 17 0.5 9
18 9 0.5 34
17 9 0.5 34
18 11 0.5 34
17 11 0.5 34
17 10 0.5 34
18 12 0.5 34
17 8 0.5 34
18 8 0.5 34
19 8 0.5 34
18 7 0.5 34
18 6 0.5 34
17 7 0.5 34
16 6 0.5 34
17 6 0.5 34
15 6 0.5 34
19 12 0.5 34
20 11 0.5 34
20 13 0.5 34
20 12 0.5 34
14 6 0.5 34
14 5 0.5 34
13 5 0.5 34
13 6 0.5 34
12 4 0.5 34
13 4 0.5 34
11 4 0.5 34
18 3 0.5 34
18 4 0.5 34
17 5 0.5 34
18 5 0.5 34
17 3 0.5 34
16 3 0.5 34
16 2 0.5 34
15 3 0.5 34
79 11 0.5 9
78 11 0.5 9
78 12 0.5 9
77 11 0.5 9
80 11 0.5 9
76 13 0.5 9
76 12 0.5 9
76 11 0.5 9
75 11 0.5 9
10 94 0.5 8
11 94 0.5 8
10 93 0.5 8
11 93 0.5 8
12 94 0.5 8
12 93 0.5 8
13 93 0.5 8
12 95 0.5 8
10 83 0.5 9
12 82 0.5 9
12 83 0.5 9
11 83 0.5 9
12 86 0.5 9
11 86 0.5 9
11 85 0.5 9
11 84 0.5 9
11 87 0.5 9
66 45 0.5 17
67 45 0.5 17
65 45 0.5 17
65 46 0.5 17
65 47 0.5 17
65 48 0.5 17
64 49 0.5 17
64 50 0.5 17
64 48 0.5 17
65 51 0.5 17
64 51 0.5 17
63 47 0.5 17
64 47 0.5 17
65 44 0.5 17
65 43 0.5 17
65 42 0.5 17
64 42 0.5 17
87 23 0.5 20
87 24 0.5 20
86 25 0.5 20
87 25 0.5 20
85 25 0.5 20
88 25 0.5 20
88 24 0.5 20
86 24 0.5 20
90 24 0.5 20
89 24 0.5 20
85 21 0.5 20
85 22 0.5 20
85 23 0.5 20
85 24 0.5 20
86 21 0.5 20
85 27 0.5 20
85 26 0.5 20
87 27 0.5 20
86 27 0.5 20
88 27 0.5 20
90 33 0.5 1
94 52 0.5 8
93 52 0.5 8
92 52 0.5 8
93 51 0.5 8
94 53 0.5 8
91 50 0.5 8
91 51 0.5 8
91 52 0.5 8
36 57 0.5 19
37 59 0.5 19
36 58 0.5 19
36 59 0.5 19
43 60 0.5 19
42 60 0.5 19
41 60 0.5 19
40 60 0.5 19
39 60 0.5 19
38 58 0.5 19
39 59 0.5 19
38 59 0.5 19
43 59 0.5 19
43 58 0.5 19
43 57 0.5 19
44 56 0.5 19
44 55 0.5 19
44 57 0.5 19
36 60 0.5 19
48 34 0.5 2
48 33 0.5 2
83 80 0.5 16
83 79 0.5 16
82 78 0.5 16
83 78 0.5 16
83 81 0.5 16
83 82 0.5 16
82 81 0.5 16
84 82 0.5 16
84 86 0.5 16
84 85 0.5 16
83 85 0.5 16
82 83 0.5 16
83 83 0.5 16
82 84 0.5 16
82 85 0.5 16
81 83 0.5 16
37 36 0.5 15
37 37 0.5 15
38 36 0.5 15
34 37 0.5 15
35 37 0.5 15
36 37 0.5 15
34 38 0.5 15
34 39 0.5 15
33 39 0.5 15
36 35 0.5 15
37 35 0.5 15
35 35 0.5 15
35 34 0.5 15
34 34 0.5 15
36 34 0.5 15
48 62 0.5 9
48 63 0.5 9
49 63 0.5 9
49 62 0.5 9
47 63 0.5 9
50 63 0.5 9
48 64 0.5 9
48 65 0.5 9
49 65 0.5 9
18 51 0.5 2
17 51 0.5 2
44 35 0.5 1
29 68 0.5 2
29 67 0.5 2
95 30 0.5 14
95 31 0.5 14
96 31 0.5 14
96 29 0.5 14
95 29 0.5 14
94 29 0.5 14
98 28 0.5 14
99 28 0.5 14
0 28 0.5 14
0 27 0.5 14
98 29 0.5 14
97 28 0.5 14
96 28 0.5 14
96 27 0.5 14
93 74 0.5 12
93 73 0.5 12
94 75 0.5 12
93 75 0.5 12
94 69 0.5 12
94 70 0.5 12
94 71 0.5 12
95 69 0.5 12
93 70 0.5 12
93 72 0.5 12
94 72 0.5 12
95 72 0.5 12
25 8 0.5 18
25 7 0.5 18
25 6 0.5 18
24 10 0.5 18
24 8 0.5 18
24 9 0.5 18
23 10 0.5 18
22 10 0.5 18
21 10 0.5 18
28 10 0.5 18
28 11 0.5 18
27 10 0.5 18
27 9 0.5 18
28 12 0.5 18
27 12 0.5 18
26 9 0.5 18
26 8 0.5 18
21 9 0.5 18
6 40 0.5 14
5 40 0.5 14
7 39 0.5 14
8 39 0.5 14
8 40 0.5 14
9 40 0.5 14
7 40 0.5 14
6 39 0.5 14
6 38 0.5 14
6 37 0.5 14
7 37 0.5 14
8 37 0.5 14
9 38 0.5 14
8 38 0.5 14
1 10 0.5 1
65 58 0.5 9
66 58 0.5 9
66 60 0.5 9
66 59 0.5 9
67 59 0.5 9
64 58 0.5 9
68 59 0.5 9
69 59 0.5 9
70 59 0.5 9
19 79 0.5 2
18 79 0.5 2
71 55 0.5 8
71 54 0.5 8
71 53 0.5 8
70 53 0.5 8
71 57 0.5 8
70 57 0.5 8
71 56 0.5 8
72 53 0.5 8
5 82 0.5 16
3 85 0.5 16
4 83 0.5 16
3 83 0.5 16
3 84 0.5 16
4 82 0.5 16
2 86 0.5 16
3 86 0.5 16
3 87 0.5 16
4 87 0.5 16
4 88 0.5 16
2 84 0.5 16
4 89 0.5 16
4 90 0.5 16
3 91 0.5 16
4 91 0.5 16
40 66 0.5 8
39 66 0.5 8
38 66 0.5 8
38 64 0.5 8
38 65 0.5 8
41 66 0.5 8
40 67 0.5 8
39 67 0.5 8
17 82 0.5 3
18 82 0.5 3
19 82 0.5 3
96 42 0.5 4
95 43 0.5 4
95 44 0.5 4
96 43 0.5 4
20 92 0.5 7
20 93 0.5 7
18 90 0.5 7
18 89 0.5 7
19 92 0.5 7
18 91 0.5 7
19 91 0.5 7
61 86 0.5 1
32 54 0.5 10
31 54 0.5 10
33 54 0.5 10
31 56 0.5 10
31 55 0.5 10
30 55 0.5 10
30 54 0.5 10
34 53 0.5 10
34 52 0.5 10
33 53 0.5 10
56 54 0.5 6
56 55 0.5 6
54 54 0.5 6
54 55 0.5 6
55 55 0.5 6
54 56 0.5 6
42 91 0.5 10
42 90 0.5 10
41 91 0.5 10
41 90 0.5 10
38 91 0.5 10
40 91 0.5 10
39 93 0.5 10
39 92 0.5 10
39 91 0.5 10
39 94 0.5 10
97 34 0.5 3
98 33 0.5 3
97 33 0.5 3
83 7 0.5 2
83 8 0.5 2
5 26 0.5 7
4 26 0.5 7
6 28 0.5 7
7 28 0.5 7
5 29 0.5 7
5 28 0.5 7
5 27 0.5 7
78 66 0.5 10
79 66 0.5 10
80 66 0.5 10
75 67 0.5 10
75 66 0.5 10
75 68 0.5 10
77 67 0.5 10
78 67 0.5 10
76 67 0.5 10
74 66 0.5 10
31 99 0.5 2
31 98 0.5 2
99 14 0.5 6
99 13 0.5 6
0 14 0.5 6
98 15 0.5 6
99 15 0.5 6
97 15 0.5 6
55 36 0.5 1
27 17 0.5 2
28 17 0.5 2
56 6 0.5 3
55 7 0.5 3
56 7 0.5 3
73 43 0.5 2
74 43 0.5 2
94 90 0.5 7
95 89 0.5 7
95 90 0.5 7
94 92 0.5 7
95 92 0.5 7
94 91 0.5 7
96 92 0.5 7
91 39 0.5 1
33 86 0.5 5
32 87 0.5 5
32 86 0.5 5
30 86 0.5 5
31 86 0.5 5
74 73 0.5 7
74 74 0.5 7
74 75 0.5 7
75 75 0.5 7
73 75 0.5 7
72 76 0.5 7
72 75 0.5 7
38 11 0.5 4
39 11 0.5 4
39 10 0.5 4
39 9 0.5 4
35 79 0.5 5
36 79 0.5 5
38 79 0.5 5
37 79 0.5 5
35 78 0.5 5
63 86 0.5 1
70 81 0.5 1
24 41 0.5 1
16 59 0.5 1
55 0 0.5 1
83 64 0.5 2
83 65 0.5 2
5 97 0.5 1
13 71 0.5 1
5 4 0.5 1
97 54 0.5 1
13 28 0.5 2
12 28 0.5 2
42 68 0.5 2
42 67 0.5 2
6 76 0.5 2
7 76 0.5 2
26 77 0.5 1
88 34 0.5 1
59 41 0.5 1
20 95 0.5 1
40 76 0.5 1
