64 70 0.5 20
66 70 0.5 20
66 71 0.5 20
65 70 0.5 20
64 69 0.5 20
63 70 0.5 20
66 73 0.5 20
67 72 0.5 20
66 72 0.5 20
62 70 0.5 20
62 71 0.5 20
62 73 0.5 20
62 72 0.5 20
61 71 0.5 20
60 68 0.5 20
60 70 0.5 20
60 71 0.5 20
59 71 0.5 20
60 69 0.5 20
59 72 0.5 20
4 21 0.5 3
3 21 0.5 3
3 20 0.5 3
14 67 0.5 9
13 67 0.5 9
13 65 0.5 9
12 65 0.5 9
13 66 0.5 9
11 68 0.5 9
12 68 0.5 9
10 68 0.5 9
13 68 0.5 9
1 45 0.5 16
2 45 0.5 16
3 45 0.5 16
0 45 0.5 16
7 45 0.5 16
6 45 0.5 16
6 46 0.5 16
5 46 0.5 16
4 45 0.5 16
5 45 0.5 16
4 44 0.5 16
7 46 0.5 16
1 44 0.5 16
7 48 0.5 16
7 47 0.5 16
8 47 0.5 16
73 27 0.5 23
71 27 0.5 23
72 27 0.5 23
74 27 0.5 23
76 27 0.5 23
75 27 0.5 23
76 26 0.5 23
75 28 0.5 23
75 29 0.5 23
68 27 0.5 23
68 26 0.5 23
70 27 0.5 23
69 27 0.5 23
69 26 0.5 23
69 25 0.5 23
76 25 0.5 23
67 23 0.5 23
69 24 0.5 23
68 24 0.5 23
67 24 0.5 23
68 25 0.5 23
66 23 0.5 23
69 23 0.5 23
12 23 0.5 55
12 24 0.5 55
13 23 0.5 55
11 24 0.5 55
14 23 0.5 55
9 22 0.5 55
9 23 0.5 55
10 23 0.5 55
11 23 0.5 55
8 22 0.5 55
9 24 0.5 55
15 23 0.5 55
16 23 0.5 55
14 22 0.5 55
13 22 0.5 55
18 25 0.5 55
17 25 0.5 55
17 24 0.5 55
17 22 0.5 55
17 23 0.5 55
18 21 0.5 55
18 22 0.5 55
19 26 0.5 55
19 25 0.5 55
9 21 0.5 55
8 21 0.5 55
8 20 0.5 55
22 26 0.5 55
21 26 0.5 55
21 25 0.5 55
20 26 0.5 55
20 27 0.5 55
18 31 0.5 55
18 32 0.5 55
17 35 0.5 55
17 34 0.5 55
17 33 0.5 55
17 32 0.5 55
19 31 0.5 55
19 32 0.5 55
22 28 0.5 55
21 28 0.5 55
22 29 0.5 55
20 28 0.5 55
21 27 0.5 55
23 29 0.5 55
20 29 0.5 55
19 29 0.5 55
19 30 0.5 55
24 30 0.5 55
23 30 0.5 55
23 31 0.5 55
25 30 0.5 55
26 30 0.5 55
27 30 0.5 55
24 67 0.5 37
24 66 0.5 37
22 67 0.5 37
22 68 0.5 37
23 67 0.5 37
21 64 0.5 37
22 66 0.5 37
22 64 0.5 37
22 65 0.5 37
23 72 0.5 37
24 72 0.5 37
22 72 0.5 37
21 73 0.5 37
22 73 0.5 37
23 73 0.5 37
24 70 0.5 37
23 70 0.5 37
22 71 0.5 37
22 70 0.5 37
21 69 0.5 37
21 70 0.5 37
25 72 0.5 37
25 71 0.5 37
25 73 0.5 37
26 72 0.5 37
25 70 0.5 37
26 70 0.5 37
27 73 0.5 37
28 73 0.5 37
26 73 0.5 37
27 72 0.5 37
27 69 0.5 37
26 69 0.5 37
25 67 0.5 37
26 67 0.5 37
26 68 0.5 37
25 68 0.5 37
76 39 0.5 19
77 39 0.5 19
77 40 0.5 19
75 38 0.5 19
74 38 0.5 19
75 39 0.5 19
75 37 0.5 19
77 38 0.5 19
78 38 0.5 19
79 38 0.5 19
80 38 0.5 19
81 38 0.5 19
79 39 0.5 19
82 38 0.5 19
82 39 0.5 19
81 39 0.5 19
81 40 0.5 19
83 38 0.5 19
83 37 0.5 19
33 76 0.5 2
34 76 0.5 2
88 85 0.5 27
88 86 0.5 27
88 84 0.5 27
90 85 0.5 27
90 86 0.5 27
90 84 0.5 27
89 86 0.5 27
90 83 0.5 27
88 83 0.5 27
89 83 0.5 27
88 81 0.5 27
88 82 0.5 27
89 81 0.5 27
87 83 0.5 27
87 82 0.5 27
90 91 0.5 27
91 91 0.5 27
89 91 0.5 27
89 90 0.5 27
90 92 0.5 27
87 89 0.5 27
88 89 0.5 27
88 88 0.5 27
89 89 0.5 27
88 87 0.5 27
89 87 0.5 27
92 91 0.5 27
40 19 0.5 55
40 18 0.5 55
39 18 0.5 55
36 19 0.5 55
36 18 0.5 55
37 18 0.5 55
38 18 0.5 55
35 19 0.5 55
34 19 0.5 55
34 20 0.5 55
34 18 0.5 55
32 21 0.5 55
32 22 0.5 55
34 21 0.5 55
33 21 0.5 55
33 19 0.5 55
31 21 0.5 55
40 20 0.5 55
40 21 0.5 55
35 27 0.5 55
36 26 0.5 55
35 26 0.5 55
34 26 0.5 55
34 22 0.5 55
34 24 0.5 55
34 23 0.5 55
34 25 0.5 55
35 25 0.5 55
33 23 0.5 55
43 25 0.5 55
43 24 0.5 55
41 24 0.5 55
42 24 0.5 55
44 24 0.5 55
41 25 0.5 55
41 26 0.5 55
40 25 0.5 55
41 23 0.5 55
41 22 0.5 55
41 21 0.5 55
43 9 0.5 55
43 10 0.5 55
44 10 0.5 55
41 12 0.5 55
42 12 0.5 55
42 13 0.5 55
43 12 0.5 55
43 11 0.5 55
42 19 0.5 55
42 17 0.5 55
41 18 0.5 55
42 18 0.5 55
42 16 0.5 55
42 15 0.5 55
42 14 0.5 55
18 52 0.5 15
17 52 0.5 15
17 53 0.5 15
19 53 0.5 15
19 52 0.5 15
20 53 0.5 15
19 54 0.5 15
22 53 0.5 15
22 52 0.5 15
21 53 0.5 15
21 54 0.5 15
21 55 0.5 15
20 54 0.5 15
18 51 0.5 15
17 51 0.5 15
77 2 0.5 21
77 3 0.5 21
76 2 0.5 21
76 1 0.5 21
74 2 0.5 21
75 3 0.5 21
74 3 0.5 21
75 2 0.5 21
76 0 0.5 21
80 3 0.5 21
80 4 0.5 21
79 3 0.5 21
78 3 0.5 21
78 4 0.5 21
84 2 0.5 21
83 2 0.5 21
83 1 0.5 21
82 1 0.5 21
81 1 0.5 21
81 2 0.5 21
80 2 0.5 21
41 47 0.5 6
41 46 0.5 6
41 44 0.5 6
41 45 0.5 6
40 43 0.5 6
40 44 0.5 6
72 45 0.5 10
72 46 0.5 10
71 46 0.5 10
73 45 0.5 10
74 47 0.5 10
74 46 0.5 10
73 47 0.5 10
72 47 0.5 10
75 47 0.5 10
74 48 0.5 10
31 93 0.5 22
30 93 0.5 22
31 94 0.5 22
30 94 0.5 22
31 92 0.5 22
30 91 0.5 22
30 92 0.5 22
29 91 0.5 22
28 91 0.5 22
31 91 0.5 22
30 90 0.5 22
29 90 0.5 22
28 90 0.5 22
32 93 0.5 22
27 99 0.5 22
27 98 0.5 22
28 97 0.5 22
28 98 0.5 22
29 96 0.5 22
28 96 0.5 22
29 95 0.5 22
30 95 0.5 22
96 5 0.5 22
95 5 0.5 22
94 5 0.5 22
98 3 0.5 22
98 4 0.5 22
98 2 0.5 22
99 2 0.5 22
96 4 0.5 22
97 4 0.5 22
99 1 0.5 22
94 4 0.5 22
94 3 0.5 22
99 0 0.5 22
93 4 0.5 22
0 1 0.5 22
1 1 0.5 22
96 6 0.5 22
0 2 0.5 22
92 6 0.5 22
92 5 0.5 22
92 4 0.5 22
96 7 0.5 22
83 53 0.5 27
84 53 0.5 27
85 53 0.5 27
85 52 0.5 27
82 53 0.5 27
86 52 0.5 27
83 52 0.5 27
80 55 0.5 27
80 54 0.5 27
81 54 0.5 27
80 58 0.5 27
80 56 0.5 27
80 57 0.5 27
81 53 0.5 27
86 51 0.5 27
84 55 0.5 27
84 54 0.5 27
84 56 0.5 27
85 56 0.5 27
86 56 0.5 27
83 55 0.5 27
85 51 0.5 27
85 49 0.5 27
85 50 0.5 27
86 50 0.5 27
83 49 0.5 27
84 49 0.5 27
55 95 0.5 24
54 95 0.5 24
53 94 0.5 24
54 94 0.5 24
54 93 0.5 24
53 90 0.5 24
55 90 0.5 24
55 91 0.5 24
54 90 0.5 24
56 91 0.5 24
55 92 0.5 24
54 92 0.5 24
52 90 0.5 24
49 92 0.5 24
49 93 0.5 24
49 95 0.5 24
49 94 0.5 24
51 95 0.5 24
50 95 0.5 24
51 94 0.5 24
52 93 0.5 24
52 94 0.5 24
48 95 0.5 24
48 94 0.5 24
8 55 0.5 31
7 55 0.5 31
9 56 0.5 31
9 55 0.5 31
4 57 0.5 31
3 57 0.5 31
3 58 0.5 31
4 58 0.5 31
2 58 0.5 31
2 60 0.5 31
2 59 0.5 31
3 61 0.5 31
4 60 0.5 31
3 60 0.5 31
5 57 0.5 31
5 56 0.5 31
5 55 0.5 31
5 60 0.5 31
6 55 0.5 31
6 54 0.5 31
9 51 0.5 31
9 52 0.5 31
9 53 0.5 31
9 54 0.5 31
8 54 0.5 31
7 54 0.5 31
4 62 0.5 31
3 62 0.5 31
1 60 0.5 31
1 61 0.5 31
1 62 0.5 31
55 25 0.5 13
53 24 0.5 13
53 23 0.5 13
53 25 0.5 13
54 24 0.5 13
54 25 0.5 13
55 24 0.5 13
53 20 0.5 13
53 21 0.5 13
53 22 0.5 13
52 25 0.5 13
51 26 0.5 13
51 25 0.5 13
48 44 0.5 10
49 44 0.5 10
49 43 0.5 10
48 45 0.5 10
48 46 0.5 10
49 46 0.5 10
50 46 0.5 10
46 46 0.5 10
47 46 0.5 10
49 42 0.5 10
61 35 0.5 17
62 35 0.5 17
60 35 0.5 17
58 33 0.5 17
59 33 0.5 17
57 33 0.5 17
60 34 0.5 17
59 34 0.5 17
57 30 0.5 17
57 31 0.5 17
57 32 0.5 17
59 35 0.5 17
63 35 0.5 17
63 34 0.5 17
63 36 0.5 17
56 32 0.5 17
56 33 0.5 17
24 59 0.5 1
48 75 0.5 19
47 74 0.5 19
47 73 0.5 19
48 74 0.5 19
46 73 0.5 19
48 76 0.5 19
49 77 0.5 19
48 77 0.5 19
47 72 0.5 19
52 77 0.5 19
51 77 0.5 19
50 77 0.5 19
53 79 0.5 19
52 79 0.5 19
52 78 0.5 19
51 78 0.5 19
49 78 0.5 19
50 78 0.5 19
50 79 0.5 19
31 38 0.5 8
32 38 0.5 8
30 38 0.5 8
31 37 0.5 8
30 40 0.5 8
30 39 0.5 8
29 40 0.5 8
28 40 0.5 8
85 14 0.5 7
85 15 0.5 7
86 15 0.5 7
86 14 0.5 7
87 15 0.5 7
88 15 0.5 7
88 14 0.5 7
84 96 0.5 13
83 96 0.5 13
82 96 0.5 13
81 96 0.5 13
83 95 0.5 13
83 94 0.5 13
81 95 0.5 13
81 94 0.5 13
83 91 0.5 13
83 92 0.5 13
83 93 0.5 13
82 91 0.5 13
82 90 0.5 13
65 92 0.5 16
66 92 0.5 16
64 92 0.5 16
63 92 0.5 16
64 93 0.5 16
70 93 0.5 16
70 92 0.5 16
67 93 0.5 16
68 93 0.5 16
69 93 0.5 16
67 92 0.5 16
69 92 0.5 16
71 93 0.5 16
63 93 0.5 16
62 93 0.5 16
61 93 0.5 16
55 71 0.5 3
55 70 0.5 3
55 69 0.5 3
59 19 0.5 24
59 17 0.5 24
60 17 0.5 24
60 19 0.5 24
60 18 0.5 24
61 20 0.5 24
61 19 0.5 24
62 19 0.5 24
63 19 0.5 24
63 18 0.5 24
62 17 0.5 24
63 17 0.5 24
64 17 0.5 24
59 20 0.5 24
64 19 0.5 24
65 19 0.5 24
68 19 0.5 24
67 19 0.5 24
66 19 0.5 24
58 16 0.5 24
56 16 0.5 24
57 16 0.5 24
58 17 0.5 24
64 20 0.5 24
36 75 0.5 2
36 76 0.5 2
32 2 0.5 8
33 3 0.5 8
32 3 0.5 8
34 3 0.5 8
35 3 0.5 8
31 1 0.5 8
31 2 0.5 8
30 2 0.5 8
77 91 0.5 4
78 91 0.5 4
78 93 0.5 4
78 92 0.5 4
13 15 0.5 9
14 16 0.5 9
13 16 0.5 9
14 17 0.5 9
12 16 0.5 9
11 15 0.5 9
12 15 0.5 9
10 15 0.5 9
10 16 0.5 9
18 10 0.5 34
17 10 0.5 34
18 12 0.5 34
17 12 0.5 34
17 11 0.5 34
18 13 0.5 34
17 9 0.5 34
18 9 0.5 34
19 9 0.5 34
18 8 0.5 34
18 7 0.5 34
17 8 0.5 34
16 7 0.5 34
17 7 0.5 34
15 7 0.5 34
19 13 0.5 34
20 12 0.5 34
20 14 0.5 34
20 13 0.5 34
14 7 0.5 34
14 6 0.5 34
13 6 0.5 34
13 7 0.5 34
12 5 0.5 34
13 5 0.5 34
11 5 0.5 34
18 4 0.5 34
18 5 0.5 34
17 6 0.5 34
18 6 0.5 34
17 4 0.5 34
16 4 0.5 34
16 3 0.5 34
15 4 0.5 34
80 11 0.5 9
79 11 0.5 9
79 12 0.5 9
78 11 0.5 9
81 11 0.5 9
77 13 0.5 9
77 12 0.5 9
77 11 0.5 9
76 11 0.5 9
10 95 0.5 8
11 95 0.5 8
10 94 0.5 8
11 94 0.5 8
12 95 0.5 8
12 94 0.5 8
13 94 0.5 8
12 96 0.5 8
9 83 0.5 9
11 82 0.5 9
11 83 0.5 9
10 83 0.5 9
11 86 0.5 9
10 86 0.5 9
10 85 0.5 9
10 84 0.5 9
10 87 0.5 9
65 45 0.5 17
66 45 0.5 17
64 45 0.5 17
64 46 0.5 17
64 47 0.5 17
64 48 0.5 17
63 49 0.5 17
63 50 0.5 17
63 48 0.5 17
64 51 0.5 17
63 51 0.5 17
62 47 0.5 17
63 47 0.5 17
64 44 0.5 17
64 43 0.5 17
64 42 0.5 17
63 42 0.5 17
87 22 0.5 20
87 23 0.5 20
86 24 0.5 20
87 24 0.5 20
85 24 0.5 20
88 24 0.5 20
88 23 0.5 20
86 23 0.5 20
90 23 0.5 20
89 23 0.5 20
85 20 0.5 20
85 21 0.5 20
85 22 0.5 20
85 23 0.5 20
86 20 0.5 20
85 26 0.5 20
85 25 0.5 20
87 26 0.5 20
86 26 0.5 20
88 26 0.5 20
90 34 0.5 2
89 34 0.5 2
93 52 0.5 8
92 52 0.5 8
91 52 0.5 8
92 51 0.5 8
93 53 0.5 8
90 50 0.5 8
90 51 0.5 8
90 52 0.5 8
37 57 0.5 19
38 59 0.5 19
37 58 0.5 19
37 59 0.5 19
44 60 0.5 19
43 60 0.5 19
42 60 0.5 19
41 60 0.5 19
40 60 0.5 19
39 58 0.5 19
40 59 0.5 19
39 59 0.5 19
44 59 0.5 19
44 58 0.5 19
44 57 0.5 19
45 56 0.5 19
45 55 0.5 19
45 57 0.5 19
37 60 0.5 19
49 34 0.5 2
49 33 0.5 2
84 80 0.5 16
84 79 0.5 16
83 78 0.5 16
84 78 0.5 16
84 81 0.5 16
84 82 0.5 16
83 81 0.5 16
85 82 0.5 16
85 86 0.5 16
85 85 0.5 16
84 85 0.5 16
83 83 0.5 16
84 83 0.5 16
83 84 0.5 16
83 85 0.5 16
82 83 0.5 16
37 37 0.5 15
37 38 0.5 15
38 37 0.5 15
34 38 0.5 15
35 38 0.5 15
36 38 0.5 15
34 39 0.5 15
34 40 0.5 15
33 40 0.5 15
36 36 0.5 15
37 36 0.5 15
35 36 0.5 15
35 35 0.5 15
34 35 0.5 15
36 35 0.5 15
48 63 0.5 9
48 64 0.5 9
49 64 0.5 9
49 63 0.5 9
47 64 0.5 9
50 64 0.5 9
48 65 0.5 9
48 66 0.5 9
49 66 0.5 9
44 34 0.5 1
29 69 0.5 2
29 68 0.5 2
95 29 0.5 14
95 30 0.5 14
96 30 0.5 14
96 28 0.5 14
95 28 0.5 14
94 28 0.5 14
98 27 0.5 14
99 27 0.5 14
0 27 0.5 14
0 26 0.5 14
98 28 0.5 14
97 27 0.5 14
96 27 0.5 14
96 26 0.5 14
93 73 0.5 12
93 72 0.5 12
94 74 0.5 12
93 74 0.5 12
94 68 0.5 12
94 69 0.5 12
94 70 0.5 12
95 68 0.5 12
93 69 0.5 12
93 71 0.5 12
94 71 0.5 12
95 71 0.5 12
25 7 0.5 18
25 6 0.5 18
25 5 0.5 18
24 9 0.5 18
24 7 0.5 18
24 8 0.5 18
23 9 0.5 18
22 9 0.5 18
21 9 0.5 18
28 9 0.5 18
28 10 0.5 18
27 9 0.5 18
27 8 0.5 18
28 11 0.5 18
27 11 0.5 18
26 8 0.5 18
26 7 0.5 18
21 8 0.5 18
7 40 0.5 14
6 40 0.5 14
8 39 0.5 14
9 39 0.5 14
9 40 0.5 14
10 40 0.5 14
8 40 0.5 14
7 39 0.5 14
7 38 0.5 14
7 37 0.5 14
8 37 0.5 14
9 37 0.5 14
10 38 0.5 14
9 38 0.5 14
1 11 0.5 1
65 57 0.5 17
66 57 0.5 17
66 59 0.5 17
66 58 0.5 17
67 58 0.5 17
64 57 0.5 17
68 58 0.5 17
69 58 0.5 17
70 58 0.5 17
71 55 0.5 17
71 54 0.5 17
71 53 0.5 17
70 53 0.5 17
71 57 0.5 17
70 57 0.5 17
71 56 0.5 17
72 53 0.5 17
18 79 0.5 2
17 79 0.5 2
5 81 0.5 16
3 84 0.5 16
4 82 0.5 16
3 82 0.5 16
3 83 0.5 16
4 81 0.5 16
2 85 0.5 16
3 85 0.5 16
3 86 0.5 16
4 86 0.5 16
4 87 0.5 16
2 83 0.5 16
4 88 0.5 16
4 89 0.5 16
3 90 0.5 16
4 90 0.5 16
40 67 0.5 10
39 67 0.5 10
38 67 0.5 10
38 65 0.5 10
38 66 0.5 10
41 67 0.5 10
40 68 0.5 10
39 68 0.5 10
42 68 0.5 10
42 67 0.5 10
16 82 0.5 3
17 82 0.5 3
18 82 0.5 3
96 41 0.5 4
95 42 0.5 4
95 43 0.5 4
96 42 0.5 4
21 92 0.5 7
21 93 0.5 7
19 90 0.5 7
19 89 0.5 7
20 92 0.5 7
19 91 0.5 7
20 91 0.5 7
62 86 0.5 2
63 86 0.5 2
32 53 0.5 10
31 53 0.5 10
33 53 0.5 10
31 55 0.5 10
31 54 0.5 10
30 54 0.5 10
30 53 0.5 10
34 52 0.5 10
34 51 0.5 10
33 52 0.5 10
56 55 0.5 6
56 56 0.5 6
54 55 0.5 6
54 56 0.5 6
55 56 0.5 6
54 57 0.5 6
41 91 0.5 10
41 90 0.5 10
40 91 0.5 10
40 90 0.5 10
37 91 0.5 10
39 91 0.5 10
38 93 0.5 10
38 92 0.5 10
38 91 0.5 10
38 94 0.5 10
97 33 0.5 3
98 32 0.5 3
97 32 0.5 3
84 7 0.5 2
84 8 0.5 2
4 26 0.5 7
3 26 0.5 7
5 28 0.5 7
6 28 0.5 7
4 29 0.5 7
4 28 0.5 7
4 27 0.5 7
77 66 0.5 10
78 66 0.5 10
79 66 0.5 10
74 67 0.5 10
74 66 0.5 10
74 68 0.5 10
76 67 0.5 10
77 67 0.5 10
75 67 0.5 10
73 66 0.5 10
32 99 0.5 2
32 98 0.5 2
98 14 0.5 6
98 13 0.5 6
99 14 0.5 6
97 15 0.5 6
98 15 0.5 6
96 15 0.5 6
55 37 0.5 1
28 17 0.5 2
29 17 0.5 2
56 5 0.5 3
55 6 0.5 3
56 6 0.5 3
72 43 0.5 2
73 43 0.5 2
95 90 0.5 7
96 89 0.5 7
96 90 0.5 7
95 92 0.5 7
96 92 0.5 7
95 91 0.5 7
97 92 0.5 7
91 38 0.5 1
33 85 0.5 5
32 86 0.5 5
32 85 0.5 5
30 85 0.5 5
31 85 0.5 5
74 72 0.5 7
74 73 0.5 7
74 74 0.5 7
75 74 0.5 7
73 74 0.5 7
72 75 0.5 7
72 74 0.5 7
37 11 0.5 4
38 11 0.5 4
38 10 0.5 4
38 9 0.5 4
34 79 0.5 5
35 79 0.5 5
37 79 0.5 5
36 79 0.5 5
34 78 0.5 5
69 81 0.5 1
25 41 0.5 1
16 60 0.5 1
56 0 0.5 1
83 65 0.5 2
83 66 0.5 2
6 97 0.5 1
12 71 0.5 1
5 3 0.5 1
96 54 0.5 1
13 27 0.5 2
12 27 0.5 2
7 76 0.5 2
8 76 0.5 2
26 78 0.5 1
59 41 0.5 1
19 95 0.5 1
40 77 0.5 1
