64 69 0.5 20
66 69 0.5 20
66 70 0.5 20
65 69 0.5 20
64 68 0.5 20
63 69 0.5 20
66 72 0.5 20
67 71 0.5 20
66 71 0.5 20
62 69 0.5 20
62 70 0.5 20
62 72 0.5 20
62 71 0.5 20
61 70 0.5 20
60 67 0.5 20
60 69 0.5 20
60 70 0.5 20
59 70 0.5 20
60 68 0.5 20
59 71 0.5 20
5 21 0.5 3
4 21 0.5 3
4 20 0.5 3
14 66 0.5 9
13 66 0.5 9
13 64 0.5 9
12 64 0.5 9
13 65 0.5 9
11 67 0.5 9
12 67 0.5 9
10 67 0.5 9
13 67 0.5 9
1 46 0.5 16
2 46 0.5 16
3 46 0.5 16
0 46 0.5 16
7 46 0.5 16
6 46 0.5 16
6 47 0.5 16
5 47 0.5 16
4 46 0.5 16
5 46 0.5 16
4 45 0.5 16
7 47 0.5 16
1 45 0.5 16
7 49 0.5 16
7 48 0.5 16
8 48 0.5 16
73 26 0.5 23
71 26 0.5 23
72 26 0.5 23
74 26 0.5 23
76 26 0.5 23
75 26 0.5 23
76 25 0.5 23
75 27 0.5 23
75 28 0.5 23
68 26 0.5 23
68 25 0.5 23
70 26 0.5 23
69 26 0.5 23
69 25 0.5 23
69 24 0.5 23
76 24 0.5 23
67 22 0.5 23
69 23 0.5 23
68 23 0.5 23
67 23 0.5 23
68 24 0.5 23
66 22 0.5 23
69 22 0.5 23
12 24 0.5 55
12 25 0.5 55
13 24 0.5 55
11 25 0.5 55
14 24 0.5 55
9 23 0.5 55
9 24 0.5 55
10 24 0.5 55
11 24 0.5 55
8 23 0.5 55
9 25 0.5 55
15 24 0.5 55
16 24 0.5 55
14 23 0.5 55
13 23 0.5 55
18 26 0.5 55
17 26 0.5 55
17 25 0.5 55
17 23 0.5 55
17 24 0.5 55
18 22 0.5 55
18 23 0.5 55
19 27 0.5 55
19 26 0.5 55
9 22 0.5 55
8 22 0.5 55
8 21 0.5 55
22 27 0.5 55
21 27 0.5 55
21 26 0.5 55
20 27 0.5 55
20 28 0.5 55
18 32 0.5 55
18 33 0.5 55
17 36 0.5 55
17 35 0.5 55
17 34 0.5 55
17 33 0.5 55
19 32 0.5 55
19 33 0.5 55
22 29 0.5 55
21 29 0.5 55
22 30 0.5 55
20 29 0.5 55
21 28 0.5 55
23 30 0.5 55
20 30 0.5 55
19 30 0.5 55
19 31 0.5 55
24 31 0.5 55
23 31 0.5 55
23 32 0.5 55
25 31 0.5 55
26 31 0.5 55
27 31 0.5 55
24 66 0.5 37
24 65 0.5 37
22 66 0.5 37
22 67 0.5 37
23 66 0.5 37
21 63 0.5 37
22 65 0.5 37
22 63 0.5 37
22 64 0.5 37
23 71 0.5 37
24 71 0.5 37
22 71 0.5 37
21 72 0.5 37
22 72 0.5 37
23 72 0.5 37
24 69 0.5 37
23 69 0.5 37
22 70 0.5 37
22 69 0.5 37
21 68 0.5 37
21 69 0.5 37
25 71 0.5 37
25 70 0.5 37
25 72 0.5 37
26 71 0.5 37
25 69 0.5 37
26 69 0.5 37
27 72 0.5 37
28 72 0.5 37
26 72 0.5 37
27 71 0.5 37
27 68 0.5 37
26 68 0.5 37
25 66 0.5 37
26 66 0.5 37
26 67 0.5 37
25 67 0.5 37
76 40 0.5 19
77 40 0.5 19
77 41 0.5 19
75 39 0.5 19
74 39 0.5 19
75 40 0.5 19
75 38 0.5 19
77 39 0.5 19
78 39 0.5 19
79 39 0.5 19
80 39 0.5 19
81 39 0.5 19
79 40 0.5 19
82 39 0.5 19
82 40 0.5 19
81 40 0.5 19
81 41 0.5 19
83 39 0.5 19
83 38 0.5 19
32 76 0.5 2
33 76 0.5 2
88 86 0.5 27
88 87 0.5 27
88 85 0.5 27
90 86 0.5 27
90 87 0.5 27
90 85 0.5 27
89 87 0.5 27
90 84 0.5 27
88 84 0.5 27
89 84 0.5 27
88 82 0.5 27
88 83 0.5 27
89 82 0.5 27
87 84 0.5 27
87 83 0.5 27
90 92 0.5 27
91 92 0.5 27
89 92 0.5 27
89 91 0.5 27
90 93 0.5 27
87 90 0.5 27
88 90 0.5 27
88 89 0.5 27
89 90 0.5 27
88 88 0.5 27
89 88 0.5 27
92 92 0.5 27
40 20 0.5 55
40 19 0.5 55
39 19 0.5 55
36 20 0.5 55
36 19 0.5 55
37 19 0.5 55
38 19 0.5 55
35 20 0.5 55
34 20 0.5 55
34 21 0.5 55
34 19 0.5 55
32 22 0.5 55
32 23 0.5 55
34 22 0.5 55
33 22 0.5 55
33 20 0.5 55
31 22 0.5 55
40 21 0.5 55
40 22 0.5 55
35 28 0.5 55
36 27 0.5 55
35 27 0.5 55
34 27 0.5 55
34 23 0.5 55
34 25 0.5 55
34 24 0.5 55
34 26 0.5 55
35 26 0.5 55
33 24 0.5 55
43 26 0.5 55
43 25 0.5 55
41 25 0.5 55
42 25 0.5 55
44 25 0.5 55
41 26 0.5 55
41 27 0.5 55
40 26 0.5 55
41 24 0.5 55
41 23 0.5 55
41 22 0.5 55
43 10 0.5 55
43 11 0.5 55
44 11 0.5 55
41 13 0.5 55
42 13 0.5 55
42 14 0.5 55
43 13 0.5 55
43 12 0.5 55
42 20 0.5 55
42 18 0.5 55
41 19 0.5 55
42 19 0.5 55
42 17 0.5 55
42 16 0.5 55
42 15 0.5 55
18 51 0.5 15
17 51 0.5 15
17 52 0.5 15
19 52 0.5 15
19 51 0.5 15
20 52 0.5 15
19 53 0.5 15
22 52 0.5 15
22 51 0.5 15
21 52 0.5 15
21 53 0.5 15
21 54 0.5 15
20 53 0.5 15
18 50 0.5 15
17 50 0.5 15
77 1 0.5 21
77 2 0.5 21
76 1 0.5 21
76 0 0.5 21
74 1 0.5 21
75 2 0.5 21
74 2 0.5 21
75 1 0.5 21
76 99 0.5 21
80 2 0.5 21
80 3 0.5 21
79 2 0.5 21
78 2 0.5 21
78 3 0.5 21
84 1 0.5 21
83 1 0.5 21
83 0 0.5 21
82 0 0.5 21
81 0 0.5 21
81 1 0.5 21
80 1 0.5 21
41 48 0.5 6
41 47 0.5 6
41 45 0.5 6
41 46 0.5 6
40 44 0.5 6
40 45 0.5 6
72 44 0.5 12
72 45 0.5 12
71 45 0.5 12
73 44 0.5 12
74 46 0.5 12
74 45 0.5 12
73 46 0.5 12
72 46 0.5 12
75 46 0.5 12
74 47 0.5 12
72 43 0.5 12
73 43 0.5 12
30 93 0.5 22
29 93 0.5 22
30 94 0.5 22
29 94 0.5 22
30 92 0.5 22
29 91 0.5 22
29 92 0.5 22
28 91 0.5 22
27 91 0.5 22
30 91 0.5 22
29 90 0.5 22
28 90 0.5 22
27 90 0.5 22
31 93 0.5 22
26 99 0.5 22
26 98 0.5 22
27 97 0.5 22
27 98 0.5 22
28 96 0.5 22
27 96 0.5 22
28 95 0.5 22
29 95 0.5 22
96 6 0.5 22
95 6 0.5 22
94 6 0.5 22
98 4 0.5 22
98 5 0.5 22
98 3 0.5 22
99 3 0.5 22
96 5 0.5 22
97 5 0.5 22
99 2 0.5 22
94 5 0.5 22
94 4 0.5 22
99 1 0.5 22
93 5 0.5 22
0 2 0.5 22
1 2 0.5 22
96 7 0.5 22
0 3 0.5 22
92 7 0.5 22
92 6 0.5 22
92 5 0.5 22
96 8 0.5 22
84 53 0.5 27
85 53 0.5 27
86 53 0.5 27
86 52 0.5 27
83 53 0.5 27
87 52 0.5 27
84 52 0.5 27
81 55 0.5 27
81 54 0.5 27
82 54 0.5 27
81 58 0.5 27
81 56 0.5 27
81 57 0.5 27
82 53 0.5 27
87 51 0.5 27
85 55 0.5 27
85 54 0.5 27
85 56 0.5 27
86 56 0.5 27
87 56 0.5 27
84 55 0.5 27
86 51 0.5 27
86 49 0.5 27
86 50 0.5 27
87 50 0.5 27
84 49 0.5 27
85 49 0.5 27
54 95 0.5 24
53 95 0.5 24
52 94 0.5 24
53 94 0.5 24
53 93 0.5 24
52 90 0.5 24
54 90 0.5 24
54 91 0.5 24
53 90 0.5 24
55 91 0.5 24
54 92 0.5 24
53 92 0.5 24
51 90 0.5 24
48 92 0.5 24
48 93 0.5 24
48 95 0.5 24
48 94 0.5 24
50 95 0.5 24
49 95 0.5 24
50 94 0.5 24
51 93 0.5 24
51 94 0.5 24
47 95 0.5 24
47 94 0.5 24
7 55 0.5 31
6 55 0.5 31
8 56 0.5 31
8 55 0.5 31
3 57 0.5 31
2 57 0.5 31
2 58 0.5 31
3 58 0.5 31
1 58 0.5 31
1 60 0.5 31
1 59 0.5 31
2 61 0.5 31
3 60 0.5 31
2 60 0.5 31
4 57 0.5 31
4 56 0.5 31
4 55 0.5 31
4 60 0.5 31
5 55 0.5 31
5 54 0.5 31
8 51 0.5 31
8 52 0.5 31
8 53 0.5 31
8 54 0.5 31
7 54 0.5 31
6 54 0.5 31
3 62 0.5 31
2 62 0.5 31
0 60 0.5 31
0 61 0.5 31
0 62 0.5 31
55 24 0.5 13
53 23 0.5 13
53 22 0.5 13
53 24 0.5 13
54 23 0.5 13
54 24 0.5 13
55 23 0.5 13
53 19 0.5 13
53 20 0.5 13
53 21 0.5 13
52 24 0.5 13
51 25 0.5 13
51 24 0.5 13
48 45 0.5 10
49 45 0.5 10
49 44 0.5 10
48 46 0.5 10
48 47 0.5 10
49 47 0.5 10
50 47 0.5 10
46 47 0.5 10
47 47 0.5 10
49 43 0.5 10
62 35 0.5 17
63 35 0.5 17
61 35 0.5 17
59 33 0.5 17
60 33 0.5 17
58 33 0.5 17
61 34 0.5 17
60 34 0.5 17
58 30 0.5 17
58 31 0.5 17
58 32 0.5 17
60 35 0.5 17
64 35 0.5 17
64 34 0.5 17
64 36 0.5 17
57 32 0.5 17
57 33 0.5 17
23 59 0.5 1
49 75 0.5 19
48 74 0.5 19
48 73 0.5 19
49 74 0.5 19
47 73 0.5 19
49 76 0.5 19
50 77 0.5 19
49 77 0.5 19
48 72 0.5 19
53 77 0.5 19
52 77 0.5 19
51 77 0.5 19
54 79 0.5 19
53 79 0.5 19
53 78 0.5 19
52 78 0.5 19
50 78 0.5 19
51 78 0.5 19
51 79 0.5 19
31 39 0.5 23
32 39 0.5 23
30 39 0.5 23
31 38 0.5 23
30 41 0.5 23
30 40 0.5 23
29 41 0.5 23
28 41 0.5 23
36 37 0.5 23
36 38 0.5 23
37 37 0.5 23
33 38 0.5 23
34 38 0.5 23
35 38 0.5 23
33 39 0.5 23
33 40 0.5 23
32 40 0.5 23
35 36 0.5 23
36 36 0.5 23
34 36 0.5 23
34 35 0.5 23
33 35 0.5 23
35 35 0.5 23
84 14 0.5 7
84 15 0.5 7
85 15 0.5 7
85 14 0.5 7
86 15 0.5 7
87 15 0.5 7
87 14 0.5 7
84 97 0.5 13
83 97 0.5 13
82 97 0.5 13
81 97 0.5 13
83 96 0.5 13
83 95 0.5 13
81 96 0.5 13
81 95 0.5 13
83 92 0.5 13
83 93 0.5 13
83 94 0.5 13
82 92 0.5 13
82 91 0.5 13
65 91 0.5 16
66 91 0.5 16
64 91 0.5 16
63 91 0.5 16
64 92 0.5 16
70 92 0.5 16
70 91 0.5 16
67 92 0.5 16
68 92 0.5 16
69 92 0.5 16
67 91 0.5 16
69 91 0.5 16
71 92 0.5 16
63 92 0.5 16
62 92 0.5 16
61 92 0.5 16
55 70 0.5 3
55 69 0.5 3
55 68 0.5 3
59 20 0.5 24
59 18 0.5 24
60 18 0.5 24
60 20 0.5 24
60 19 0.5 24
61 21 0.5 24
61 20 0.5 24
62 20 0.5 24
63 20 0.5 24
63 19 0.5 24
62 18 0.5 24
63 18 0.5 24
64 18 0.5 24
59 21 0.5 24
64 20 0.5 24
65 20 0.5 24
68 20 0.5 24
67 20 0.5 24
66 20 0.5 24
58 17 0.5 24
56 17 0.5 24
57 17 0.5 24
58 18 0.5 24
64 21 0.5 24
35 75 0.5 2
35 76 0.5 2
31 2 0.5 8
32 3 0.5 8
31 3 0.5 8
33 3 0.5 8
34 3 0.5 8
30 1 0.5 8
30 2 0.5 8
29 2 0.5 8
78 91 0.5 4
79 91 0.5 4
79 93 0.5 4
79 92 0.5 4
13 16 0.5 9
14 17 0.5 9
13 17 0.5 9
14 18 0.5 9
12 17 0.5 9
11 16 0.5 9
12 16 0.5 9
10 16 0.5 9
10 17 0.5 9
17 10 0.5 34
16 10 0.5 34
17 12 0.5 34
16 12 0.5 34
16 11 0.5 34
17 13 0.5 34
16 9 0.5 34
17 9 0.5 34
18 9 0.5 34
17 8 0.5 34
17 7 0.5 34
16 8 0.5 34
15 7 0.5 34
16 7 0.5 34
14 7 0.5 34
18 13 0.5 34
19 12 0.5 34
19 14 0.5 34
19 13 0.5 34
13 7 0.5 34
13 6 0.5 34
12 6 0.5 34
12 7 0.5 34
11 5 0.5 34
12 5 0.5 34
10 5 0.5 34
17 4 0.5 34
17 5 0.5 34
16 6 0.5 34
17 6 0.5 34
16 4 0.5 34
15 4 0.5 34
15 3 0.5 34
14 4 0.5 34
81 11 0.5 9
80 11 0.5 9
80 12 0.5 9
79 11 0.5 9
82 11 0.5 9
78 13 0.5 9
78 12 0.5 9
78 11 0.5 9
77 11 0.5 9
11 95 0.5 8
12 95 0.5 8
11 94 0.5 8
12 94 0.5 8
13 95 0.5 8
13 94 0.5 8
14 94 0.5 8
13 96 0.5 8
9 82 0.5 9
11 81 0.5 9
11 82 0.5 9
10 82 0.5 9
11 85 0.5 9
10 85 0.5 9
10 84 0.5 9
10 83 0.5 9
10 86 0.5 9
66 45 0.5 17
67 45 0.5 17
65 45 0.5 17
65 46 0.5 17
65 47 0.5 17
65 48 0.5 17
64 49 0.5 17
64 50 0.5 17
64 48 0.5 17
65 51 0.5 17
64 51 0.5 17
63 47 0.5 17
64 47 0.5 17
65 44 0.5 17
65 43 0.5 17
65 42 0.5 17
64 42 0.5 17
87 23 0.5 20
87 24 0.5 20
86 25 0.5 20
87 25 0.5 20
85 25 0.5 20
88 25 0.5 20
88 24 0.5 20
86 24 0.5 20
90 24 0.5 20
89 24 0.5 20
85 21 0.5 20
85 22 0.5 20
85 23 0.5 20
85 24 0.5 20
86 21 0.5 20
85 27 0.5 20
85 26 0.5 20
87 27 0.5 20
86 27 0.5 20
88 27 0.5 20
89 34 0.5 2
88 34 0.5 2
93 53 0.5 8
92 53 0.5 8
91 53 0.5 8
92 52 0.5 8
93 54 0.5 8
90 51 0.5 8
90 52 0.5 8
90 53 0.5 8
36 57 0.5 19
37 59 0.5 19
36 58 0.5 19
36 59 0.5 19
43 60 0.5 19
42 60 0.5 19
41 60 0.5 19
40 60 0.5 19
39 60 0.5 19
38 58 0.5 19
39 59 0.5 19
38 59 0.5 19
43 59 0.5 19
43 58 0.5 19
43 57 0.5 19
44 56 0.5 19
44 55 0.5 19
44 57 0.5 19
36 60 0.5 19
50 34 0.5 2
50 33 0.5 2
84 81 0.5 16
84 80 0.5 16
83 79 0.5 16
84 79 0.5 16
84 82 0.5 16
84 83 0.5 16
83 82 0.5 16
85 83 0.5 16
85 87 0.5 16
85 86 0.5 16
84 86 0.5 16
83 84 0.5 16
84 84 0.5 16
83 85 0.5 16
83 86 0.5 16
82 84 0.5 16
48 63 0.5 9
48 64 0.5 9
49 64 0.5 9
49 63 0.5 9
47 64 0.5 9
50 64 0.5 9
48 65 0.5 9
48 66 0.5 9
49 66 0.5 9
44 35 0.5 1
29 70 0.5 2
29 69 0.5 2
96 29 0.5 14
96 30 0.5 14
97 30 0.5 14
97 28 0.5 14
96 28 0.5 14
95 28 0.5 14
99 27 0.5 14
0 27 0.5 14
1 27 0.5 14
1 26 0.5 14
99 28 0.5 14
98 27 0.5 14
97 27 0.5 14
97 26 0.5 14
94 73 0.5 12
94 72 0.5 12
95 74 0.5 12
94 74 0.5 12
95 68 0.5 12
95 69 0.5 12
95 70 0.5 12
96 68 0.5 12
94 69 0.5 12
94 71 0.5 12
95 71 0.5 12
96 71 0.5 12
26 7 0.5 18
26 6 0.5 18
26 5 0.5 18
25 9 0.5 18
25 7 0.5 18
25 8 0.5 18
24 9 0.5 18
23 9 0.5 18
22 9 0.5 18
29 9 0.5 18
29 10 0.5 18
28 9 0.5 18
28 8 0.5 18
29 11 0.5 18
28 11 0.5 18
27 8 0.5 18
27 7 0.5 18
22 8 0.5 18
7 41 0.5 14
6 41 0.5 14
8 40 0.5 14
9 40 0.5 14
9 41 0.5 14
10 41 0.5 14
8 41 0.5 14
7 40 0.5 14
7 39 0.5 14
7 38 0.5 14
8 38 0.5 14
9 38 0.5 14
10 39 0.5 14
9 39 0.5 14
0 11 0.5 1
65 58 0.5 17
66 58 0.5 17
66 60 0.5 17
66 59 0.5 17
67 59 0.5 17
64 58 0.5 17
68 59 0.5 17
69 59 0.5 17
70 59 0.5 17
71 56 0.5 17
71 55 0.5 17
71 54 0.5 17
70 54 0.5 17
71 58 0.5 17
70 58 0.5 17
71 57 0.5 17
72 54 0.5 17
19 79 0.5 2
18 79 0.5 2
5 82 0.5 16
3 85 0.5 16
4 83 0.5 16
3 83 0.5 16
3 84 0.5 16
4 82 0.5 16
2 86 0.5 16
3 86 0.5 16
3 87 0.5 16
4 87 0.5 16
4 88 0.5 16
2 84 0.5 16
4 89 0.5 16
4 90 0.5 16
3 91 0.5 16
4 91 0.5 16
41 67 0.5 10
40 67 0.5 10
39 67 0.5 10
39 65 0.5 10
39 66 0.5 10
42 67 0.5 10
41 68 0.5 10
40 68 0.5 10
43 68 0.5 10
43 67 0.5 10
16 83 0.5 3
17 83 0.5 3
18 83 0.5 3
96 40 0.5 4
95 41 0.5 4
95 42 0.5 4
96 41 0.5 4
22 92 0.5 7
22 93 0.5 7
20 90 0.5 7
20 89 0.5 7
21 92 0.5 7
20 91 0.5 7
21 91 0.5 7
62 87 0.5 2
63 87 0.5 2
32 54 0.5 10
31 54 0.5 10
33 54 0.5 10
31 56 0.5 10
31 55 0.5 10
30 55 0.5 10
30 54 0.5 10
34 53 0.5 10
34 52 0.5 10
33 53 0.5 10
57 55 0.5 6
57 56 0.5 6
55 55 0.5 6
55 56 0.5 6
56 56 0.5 6
55 57 0.5 6
42 91 0.5 10
42 90 0.5 10
41 91 0.5 10
41 90 0.5 10
38 91 0.5 10
40 91 0.5 10
39 93 0.5 10
39 92 0.5 10
39 91 0.5 10
39 94 0.5 10
98 33 0.5 3
99 32 0.5 3
98 32 0.5 3
84 6 0.5 2
84 7 0.5 2
5 26 0.5 7
4 26 0.5 7
6 28 0.5 7
7 28 0.5 7
5 29 0.5 7
5 28 0.5 7
5 27 0.5 7
77 67 0.5 10
78 67 0.5 10
79 67 0.5 10
74 68 0.5 10
74 67 0.5 10
74 69 0.5 10
76 68 0.5 10
77 68 0.5 10
75 68 0.5 10
73 67 0.5 10
32 98 0.5 2
32 97 0.5 2
98 13 0.5 6
98 12 0.5 6
99 13 0.5 6
97 14 0.5 6
98 14 0.5 6
96 14 0.5 6
55 38 0.5 1
28 16 0.5 2
29 16 0.5 2
56 4 0.5 3
55 5 0.5 3
56 5 0.5 3
95 89 0.5 7
96 88 0.5 7
96 89 0.5 7
95 91 0.5 7
96 91 0.5 7
95 90 0.5 7
97 91 0.5 7
91 39 0.5 1
33 84 0.5 5
32 85 0.5 5
32 84 0.5 5
30 84 0.5 5
31 84 0.5 5
73 72 0.5 7
73 73 0.5 7
73 74 0.5 7
74 74 0.5 7
72 74 0.5 7
71 75 0.5 7
71 74 0.5 7
36 11 0.5 4
37 11 0.5 4
37 10 0.5 4
37 9 0.5 4
33 79 0.5 5
34 79 0.5 5
36 79 0.5 5
35 79 0.5 5
33 78 0.5 5
68 81 0.5 1
24 41 0.5 1
15 60 0.5 1
55 0 0.5 1
84 65 0.5 2
84 66 0.5 2
6 96 0.5 1
12 70 0.5 1
6 3 0.5 1
97 54 0.5 1
13 28 0.5 2
12 28 0.5 2
7 77 0.5 2
8 77 0.5 2
27 78 0.5 1
59 40 0.5 1
18 95 0.5 1
41 77 0.5 1
