64 70 0.5 20
66 70 0.5 20
66 71 0.5 20
65 70 0.5 20
64 69 0.5 20
63 70 0.5 20
66 73 0.5 20
67 72 0.5 20
66 72 0.5 20
62 70 0.5 20
62 71 0.5 20
62 73 0.5 20
62 72 0.5 20
61 71 0.5 20
60 68 0.5 20
60 70 0.5 20
60 71 0.5 20
59 71 0.5 20
60 69 0.5 20
59 72 0.5 20
5 22 0.5 3
4 22 0.5 3
4 21 0.5 3
14 67 0.5 9
13 67 0.5 9
13 65 0.5 9
12 65 0.5 9
13 66 0.5 9
11 68 0.5 9
12 68 0.5 9
10 68 0.5 9
13 68 0.5 9
2 46 0.5 16
3 46 0.5 16
4 46 0.5 16
1 46 0.5 16
8 46 0.5 16
7 46 0.5 16
7 47 0.5 16
6 47 0.5 16
5 46 0.5 16
6 46 0.5 16
5 45 0.5 16
8 47 0.5 16
2 45 0.5 16
8 49 0.5 16
8 48 0.5 16
9 48 0.5 16
74 26 0.5 23
72 26 0.5 23
73 26 0.5 23
75 26 0.5 23
77 26 0.5 23
76 26 0.5 23
77 25 0.5 23
76 27 0.5 23
76 28 0.5 23
69 26 0.5 23
69 25 0.5 23
71 26 0.5 23
70 26 0.5 23
70 25 0.5 23
70 24 0.5 23
77 24 0.5 23
68 22 0.5 23
70 23 0.5 23
69 23 0.5 23
68 23 0.5 23
69 24 0.5 23
67 22 0.5 23
70 22 0.5 23
11 24 0.5 55
11 25 0.5 55
12 24 0.5 55
10 25 0.5 55
13 24 0.5 55
8 23 0.5 55
8 24 0.5 55
9 24 0.5 55
10 24 0.5 55
7 23 0.5 55
8 25 0.5 55
14 24 0.5 55
15 24 0.5 55
13 23 0.5 55
12 23 0.5 55
17 26 0.5 55
16 26 0.5 55
16 25 0.5 55
16 23 0.5 55
16 24 0.5 55
17 22 0.5 55
17 23 0.5 55
18 27 0.5 55
18 26 0.5 55
8 22 0.5 55
7 22 0.5 55
7 21 0.5 55
21 27 0.5 55
20 27 0.5 55
20 26 0.5 55
19 27 0.5 55
19 28 0.5 55
17 32 0.5 55
17 33 0.5 55
16 36 0.5 55
16 35 0.5 55
16 34 0.5 55
16 33 0.5 55
18 32 0.5 55
18 33 0.5 55
21 29 0.5 55
20 29 0.5 55
21 30 0.5 55
19 29 0.5 55
20 28 0.5 55
22 30 0.5 55
19 30 0.5 55
18 30 0.5 55
18 31 0.5 55
23 31 0.5 55
22 31 0.5 55
22 32 0.5 55
24 31 0.5 55
25 31 0.5 55
26 31 0.5 55
24 67 0.5 37
24 66 0.5 37
22 67 0.5 37
22 68 0.5 37
23 67 0.5 37
21 64 0.5 37
22 66 0.5 37
22 64 0.5 37
22 65 0.5 37
23 72 0.5 37
24 72 0.5 37
22 72 0.5 37
21 73 0.5 37
22 73 0.5 37
23 73 0.5 37
24 70 0.5 37
23 70 0.5 37
22 71 0.5 37
22 70 0.5 37
21 69 0.5 37
21 70 0.5 37
25 72 0.5 37
25 71 0.5 37
25 73 0.5 37
26 72 0.5 37
25 70 0.5 37
26 70 0.5 37
27 73 0.5 37
28 73 0.5 37
26 73 0.5 37
27 72 0.5 37
27 69 0.5 37
26 69 0.5 37
25 67 0.5 37
26 67 0.5 37
26 68 0.5 37
25 68 0.5 37
77 40 0.5 19
78 40 0.5 19
78 41 0.5 19
76 39 0.5 19
75 39 0.5 19
76 40 0.5 19
76 38 0.5 19
78 39 0.5 19
79 39 0.5 19
80 39 0.5 19
81 39 0.5 19
82 39 0.5 19
80 40 0.5 19
83 39 0.5 19
83 40 0.5 19
82 40 0.5 19
82 41 0.5 19
84 39 0.5 19
84 38 0.5 19
32 75 0.5 2
33 75 0.5 2
87 86 0.5 43
87 87 0.5 43
87 85 0.5 43
89 86 0.5 43
89 87 0.5 43
89 85 0.5 43
88 87 0.5 43
89 84 0.5 43
87 84 0.5 43
88 84 0.5 43
87 82 0.5 43
87 83 0.5 43
88 82 0.5 43
86 84 0.5 43
86 83 0.5 43
89 92 0.5 43
90 92 0.5 43
88 92 0.5 43
88 91 0.5 43
89 93 0.5 43
86 90 0.5 43
87 90 0.5 43
87 89 0.5 43
88 90 0.5 43
87 88 0.5 43
88 88 0.5 43
91 92 0.5 43
84 81 0.5 43
84 80 0.5 43
83 79 0.5 43
84 79 0.5 43
84 82 0.5 43
84 83 0.5 43
83 82 0.5 43
85 83 0.5 43
85 87 0.5 43
85 86 0.5 43
84 86 0.5 43
83 84 0.5 43
84 84 0.5 43
83 85 0.5 43
83 86 0.5 43
82 84 0.5 43
40 19 0.5 55
40 18 0.5 55
39 18 0.5 55
36 19 0.5 55
36 18 0.5 55
37 18 0.5 55
38 18 0.5 55
35 19 0.5 55
34 19 0.5 55
34 20 0.5 55
34 18 0.5 55
32 21 0.5 55
32 22 0.5 55
34 21 0.5 55
33 21 0.5 55
33 19 0.5 55
31 21 0.5 55
40 20 0.5 55
40 21 0.5 55
35 27 0.5 55
36 26 0.5 55
35 26 0.5 55
34 26 0.5 55
34 22 0.5 55
34 24 0.5 55
34 23 0.5 55
34 25 0.5 55
35 25 0.5 55
33 23 0.5 55
43 25 0.5 55
43 24 0.5 55
41 24 0.5 55
42 24 0.5 55
44 24 0.5 55
41 25 0.5 55
41 26 0.5 55
40 25 0.5 55
41 23 0.5 55
41 22 0.5 55
41 21 0.5 55
43 9 0.5 55
43 10 0.5 55
44 10 0.5 55
41 12 0.5 55
42 12 0.5 55
42 13 0.5 55
43 12 0.5 55
43 11 0.5 55
42 19 0.5 55
42 17 0.5 55
41 18 0.5 55
42 18 0.5 55
42 16 0.5 55
42 15 0.5 55
42 14 0.5 55
19 51 0.5 15
18 51 0.5 15
18 52 0.5 15
20 52 0.5 15
20 51 0.5 15
21 52 0.5 15
20 53 0.5 15
23 52 0.5 15
23 51 0.5 15
22 52 0.5 15
22 53 0.5 15
22 54 0.5 15
21 53 0.5 15
19 50 0.5 15
18 50 0.5 15
78 1 0.5 21
78 2 0.5 21
77 1 0.5 21
77 0 0.5 21
75 1 0.5 21
76 2 0.5 21
75 2 0.5 21
76 1 0.5 21
77 99 0.5 21
81 2 0.5 21
81 3 0.5 21
80 2 0.5 21
79 2 0.5 21
79 3 0.5 21
85 1 0.5 21
84 1 0.5 21
84 0 0.5 21
83 0 0.5 21
82 0 0.5 21
82 1 0.5 21
81 1 0.5 21
41 47 0.5 6
41 46 0.5 6
41 44 0.5 6
41 45 0.5 6
40 43 0.5 6
40 44 0.5 6
72 43 0.5 12
72 44 0.5 12
71 44 0.5 12
73 43 0.5 12
74 45 0.5 12
74 44 0.5 12
73 45 0.5 12
72 45 0.5 12
75 45 0.5 12
74 46 0.5 12
72 42 0.5 12
73 42 0.5 12
29 93 0.5 22
28 93 0.5 22
29 94 0.5 22
28 94 0.5 22
29 92 0.5 22
28 91 0.5 22
28 92 0.5 22
27 91 0.5 22
26 91 0.5 22
29 91 0.5 22
28 90 0.5 22
27 90 0.5 22
26 90 0.5 22
30 93 0.5 22
25 99 0.5 22
25 98 0.5 22
26 97 0.5 22
26 98 0.5 22
27 96 0.5 22
26 96 0.5 22
27 95 0.5 22
28 95 0.5 22
96 5 0.5 22
95 5 0.5 22
94 5 0.5 22
98 3 0.5 22
98 4 0.5 22
98 2 0.5 22
99 2 0.5 22
96 4 0.5 22
97 4 0.5 22
99 1 0.5 22
94 4 0.5 22
94 3 0.5 22
99 0 0.5 22
93 4 0.5 22
0 1 0.5 22
1 1 0.5 22
96 6 0.5 22
0 2 0.5 22
92 6 0.5 22
92 5 0.5 22
92 4 0.5 22
96 7 0.5 22
85 53 0.5 27
86 53 0.5 27
87 53 0.5 27
87 52 0.5 27
84 53 0.5 27
88 52 0.5 27
85 52 0.5 27
82 55 0.5 27
82 54 0.5 27
83 54 0.5 27
82 58 0.5 27
82 56 0.5 27
82 57 0.5 27
83 53 0.5 27
88 51 0.5 27
86 55 0.5 27
86 54 0.5 27
86 56 0.5 27
87 56 0.5 27
88 56 0.5 27
85 55 0.5 27
87 51 0.5 27
87 49 0.5 27
87 50 0.5 27
88 50 0.5 27
85 49 0.5 27
86 49 0.5 27
54 96 0.5 24
53 96 0.5 24
52 95 0.5 24
53 95 0.5 24
53 94 0.5 24
52 91 0.5 24
54 91 0.5 24
54 92 0.5 24
53 91 0.5 24
55 92 0.5 24
54 93 0.5 24
53 93 0.5 24
51 91 0.5 24
48 93 0.5 24
48 94 0.5 24
48 96 0.5 24
48 95 0.5 24
50 96 0.5 24
49 96 0.5 24
50 95 0.5 24
51 94 0.5 24
51 95 0.5 24
47 96 0.5 24
47 95 0.5 24
8 55 0.5 31
7 55 0.5 31
9 56 0.5 31
9 55 0.5 31
4 57 0.5 31
3 57 0.5 31
3 58 0.5 31
4 58 0.5 31
2 58 0.5 31
2 60 0.5 31
2 59 0.5 31
3 61 0.5 31
4 60 0.5 31
3 60 0.5 31
5 57 0.5 31
5 56 0.5 31
5 55 0.5 31
5 60 0.5 31
6 55 0.5 31
6 54 0.5 31
9 51 0.5 31
9 52 0.5 31
9 53 0.5 31
9 54 0.5 31
8 54 0.5 31
7 54 0.5 31
4 62 0.5 31
3 62 0.5 31
1 60 0.5 31
1 61 0.5 31
1 62 0.5 31
54 24 0.5 13
52 23 0.5 13
52 22 0.5 13
52 24 0.5 13
53 23 0.5 13
53 24 0.5 13
54 23 0.5 13
52 19 0.5 13
52 20 0.5 13
52 21 0.5 13
51 24 0.5 13
50 25 0.5 13
50 24 0.5 13
49 45 0.5 10
50 45 0.5 10
50 44 0.5 10
49 46 0.5 10
49 47 0.5 10
50 47 0.5 10
51 47 0.5 10
47 47 0.5 10
48 47 0.5 10
50 43 0.5 10
62 36 0.5 17
63 36 0.5 17
61 36 0.5 17
59 34 0.5 17
60 34 0.5 17
58 34 0.5 17
61 35 0.5 17
60 35 0.5 17
58 31 0.5 17
58 32 0.5 17
58 33 0.5 17
60 36 0.5 17
64 36 0.5 17
64 35 0.5 17
64 37 0.5 17
57 33 0.5 17
57 34 0.5 17
24 59 0.5 1
48 75 0.5 19
47 74 0.5 19
47 73 0.5 19
48 74 0.5 19
46 73 0.5 19
48 76 0.5 19
49 77 0.5 19
48 77 0.5 19
47 72 0.5 19
52 77 0.5 19
51 77 0.5 19
50 77 0.5 19
53 79 0.5 19
52 79 0.5 19
52 78 0.5 19
51 78 0.5 19
49 78 0.5 19
50 78 0.5 19
50 79 0.5 19
31 40 0.5 23
32 40 0.5 23
30 40 0.5 23
31 39 0.5 23
30 42 0.5 23
30 41 0.5 23
29 42 0.5 23
28 42 0.5 23
36 38 0.5 23
36 39 0.5 23
37 38 0.5 23
33 39 0.5 23
34 39 0.5 23
35 39 0.5 23
33 40 0.5 23
33 41 0.5 23
32 41 0.5 23
35 37 0.5 23
36 37 0.5 23
34 37 0.5 23
34 36 0.5 23
33 36 0.5 23
35 36 0.5 23
84 15 0.5 7
84 16 0.5 7
85 16 0.5 7
85 15 0.5 7
86 16 0.5 7
87 16 0.5 7
87 15 0.5 7
83 97 0.5 13
82 97 0.5 13
81 97 0.5 13
80 97 0.5 13
82 96 0.5 13
82 95 0.5 13
80 96 0.5 13
80 95 0.5 13
82 92 0.5 13
82 93 0.5 13
82 94 0.5 13
81 92 0.5 13
81 91 0.5 13
65 90 0.5 16
66 90 0.5 16
64 90 0.5 16
63 90 0.5 16
64 91 0.5 16
70 91 0.5 16
70 90 0.5 16
67 91 0.5 16
68 91 0.5 16
69 91 0.5 16
67 90 0.5 16
69 90 0.5 16
71 91 0.5 16
63 91 0.5 16
62 91 0.5 16
61 91 0.5 16
55 69 0.5 3
55 68 0.5 3
55 67 0.5 3
60 20 0.5 24
60 18 0.5 24
61 18 0.5 24
61 20 0.5 24
61 19 0.5 24
62 21 0.5 24
62 20 0.5 24
63 20 0.5 24
64 20 0.5 24
64 19 0.5 24
63 18 0.5 24
64 18 0.5 24
65 18 0.5 24
60 21 0.5 24
65 20 0.5 24
66 20 0.5 24
69 20 0.5 24
68 20 0.5 24
67 20 0.5 24
59 17 0.5 24
57 17 0.5 24
58 17 0.5 24
59 18 0.5 24
65 21 0.5 24
36 75 0.5 2
36 76 0.5 2
31 3 0.5 8
32 4 0.5 8
31 4 0.5 8
33 4 0.5 8
34 4 0.5 8
30 2 0.5 8
30 3 0.5 8
29 3 0.5 8
77 91 0.5 4
78 91 0.5 4
78 93 0.5 4
78 92 0.5 4
14 16 0.5 9
15 17 0.5 9
14 17 0.5 9
15 18 0.5 9
13 17 0.5 9
12 16 0.5 9
13 16 0.5 9
11 16 0.5 9
11 17 0.5 9
16 10 0.5 34
15 10 0.5 34
16 12 0.5 34
15 12 0.5 34
15 11 0.5 34
16 13 0.5 34
15 9 0.5 34
16 9 0.5 34
17 9 0.5 34
16 8 0.5 34
16 7 0.5 34
15 8 0.5 34
14 7 0.5 34
15 7 0.5 34
13 7 0.5 34
17 13 0.5 34
18 12 0.5 34
18 14 0.5 34
18 13 0.5 34
12 7 0.5 34
12 6 0.5 34
11 6 0.5 34
11 7 0.5 34
10 5 0.5 34
11 5 0.5 34
9 5 0.5 34
16 4 0.5 34
16 5 0.5 34
15 6 0.5 34
16 6 0.5 34
15 4 0.5 34
14 4 0.5 34
14 3 0.5 34
13 4 0.5 34
81 12 0.5 9
80 12 0.5 9
80 13 0.5 9
79 12 0.5 9
82 12 0.5 9
78 14 0.5 9
78 13 0.5 9
78 12 0.5 9
77 12 0.5 9
12 95 0.5 8
13 95 0.5 8
12 94 0.5 8
13 94 0.5 8
14 95 0.5 8
14 94 0.5 8
15 94 0.5 8
14 96 0.5 8
8 82 0.5 9
10 81 0.5 9
10 82 0.5 9
9 82 0.5 9
10 85 0.5 9
9 85 0.5 9
9 84 0.5 9
9 83 0.5 9
9 86 0.5 9
66 46 0.5 17
67 46 0.5 17
65 46 0.5 17
65 47 0.5 17
65 48 0.5 17
65 49 0.5 17
64 50 0.5 17
64 51 0.5 17
64 49 0.5 17
65 52 0.5 17
64 52 0.5 17
63 48 0.5 17
64 48 0.5 17
65 45 0.5 17
65 44 0.5 17
65 43 0.5 17
64 43 0.5 17
88 23 0.5 20
88 24 0.5 20
87 25 0.5 20
88 25 0.5 20
86 25 0.5 20
89 25 0.5 20
89 24 0.5 20
87 24 0.5 20
91 24 0.5 20
90 24 0.5 20
86 21 0.5 20
86 22 0.5 20
86 23 0.5 20
86 24 0.5 20
87 21 0.5 20
86 27 0.5 20
86 26 0.5 20
88 27 0.5 20
87 27 0.5 20
89 27 0.5 20
88 34 0.5 2
87 34 0.5 2
93 54 0.5 8
92 54 0.5 8
91 54 0.5 8
92 53 0.5 8
93 55 0.5 8
90 52 0.5 8
90 53 0.5 8
90 54 0.5 8
36 58 0.5 19
37 60 0.5 19
36 59 0.5 19
36 60 0.5 19
43 61 0.5 19
42 61 0.5 19
41 61 0.5 19
40 61 0.5 19
39 61 0.5 19
38 59 0.5 19
39 60 0.5 19
38 60 0.5 19
43 60 0.5 19
43 59 0.5 19
43 58 0.5 19
44 57 0.5 19
44 56 0.5 19
44 58 0.5 19
36 61 0.5 19
50 35 0.5 2
50 34 0.5 2
49 63 0.5 9
49 64 0.5 9
50 64 0.5 9
50 63 0.5 9
48 64 0.5 9
51 64 0.5 9
49 65 0.5 9
49 66 0.5 9
50 66 0.5 9
44 34 0.5 1
30 70 0.5 2
30 69 0.5 2
97 29 0.5 21
97 30 0.5 21
98 30 0.5 21
98 28 0.5 21
97 28 0.5 21
96 28 0.5 21
0 27 0.5 21
1 27 0.5 21
2 27 0.5 21
2 26 0.5 21
0 28 0.5 21
99 27 0.5 21
98 27 0.5 21
98 26 0.5 21
4 26 0.5 21
3 26 0.5 21
5 28 0.5 21
6 28 0.5 21
4 29 0.5 21
4 28 0.5 21
4 27 0.5 21
95 73 0.5 12
95 72 0.5 12
96 74 0.5 12
95 74 0.5 12
96 68 0.5 12
96 69 0.5 12
96 70 0.5 12
97 68 0.5 12
95 69 0.5 12
95 71 0.5 12
96 71 0.5 12
97 71 0.5 12
27 7 0.5 18
27 6 0.5 18
27 5 0.5 18
26 9 0.5 18
26 7 0.5 18
26 8 0.5 18
25 9 0.5 18
24 9 0.5 18
23 9 0.5 18
30 9 0.5 18
30 10 0.5 18
29 9 0.5 18
29 8 0.5 18
30 11 0.5 18
29 11 0.5 18
28 8 0.5 18
28 7 0.5 18
23 8 0.5 18
7 40 0.5 14
6 40 0.5 14
8 39 0.5 14
9 39 0.5 14
9 40 0.5 14
10 40 0.5 14
8 40 0.5 14
7 39 0.5 14
7 38 0.5 14
7 37 0.5 14
8 37 0.5 14
9 37 0.5 14
10 38 0.5 14
9 38 0.5 14
0 10 0.5 1
66 58 0.5 17
67 58 0.5 17
67 60 0.5 17
67 59 0.5 17
68 59 0.5 17
65 58 0.5 17
69 59 0.5 17
70 59 0.5 17
71 59 0.5 17
72 56 0.5 17
72 55 0.5 17
72 54 0.5 17
71 54 0.5 17
72 58 0.5 17
71 58 0.5 17
72 57 0.5 17
73 54 0.5 17
19 78 0.5 2
18 78 0.5 2
6 82 0.5 16
4 85 0.5 16
5 83 0.5 16
4 83 0.5 16
4 84 0.5 16
5 82 0.5 16
3 86 0.5 16
4 86 0.5 16
4 87 0.5 16
5 87 0.5 16
5 88 0.5 16
3 84 0.5 16
5 89 0.5 16
5 90 0.5 16
4 91 0.5 16
5 91 0.5 16
41 66 0.5 10
40 66 0.5 10
39 66 0.5 10
39 64 0.5 10
39 65 0.5 10
42 66 0.5 10
41 67 0.5 10
40 67 0.5 10
43 67 0.5 10
43 66 0.5 10
16 82 0.5 3
17 82 0.5 3
18 82 0.5 3
97 40 0.5 4
96 41 0.5 4
96 42 0.5 4
97 41 0.5 4
22 93 0.5 7
22 94 0.5 7
20 91 0.5 7
20 90 0.5 7
21 93 0.5 7
20 92 0.5 7
21 92 0.5 7
62 86 0.5 2
63 86 0.5 2
32 53 0.5 10
31 53 0.5 10
33 53 0.5 10
31 55 0.5 10
31 54 0.5 10
30 54 0.5 10
30 53 0.5 10
34 52 0.5 10
34 51 0.5 10
33 52 0.5 10
57 56 0.5 6
57 57 0.5 6
55 56 0.5 6
55 57 0.5 6
56 57 0.5 6
55 58 0.5 6
41 91 0.5 10
41 90 0.5 10
40 91 0.5 10
40 90 0.5 10
37 91 0.5 10
39 91 0.5 10
38 93 0.5 10
38 92 0.5 10
38 91 0.5 10
38 94 0.5 10
99 33 0.5 3
0 32 0.5 3
99 32 0.5 3
85 6 0.5 2
85 7 0.5 2
77 67 0.5 10
78 67 0.5 10
79 67 0.5 10
74 68 0.5 10
74 67 0.5 10
74 69 0.5 10
76 68 0.5 10
77 68 0.5 10
75 68 0.5 10
73 67 0.5 10
32 99 0.5 2
32 98 0.5 2
98 12 0.5 6
98 11 0.5 6
99 12 0.5 6
97 13 0.5 6
98 13 0.5 6
96 13 0.5 6
56 38 0.5 1
29 16 0.5 2
30 16 0.5 2
57 4 0.5 3
56 5 0.5 3
57 5 0.5 3
96 89 0.5 7
97 88 0.5 7
97 89 0.5 7
96 91 0.5 7
97 91 0.5 7
96 90 0.5 7
98 91 0.5 7
90 39 0.5 1
33 85 0.5 5
32 86 0.5 5
32 85 0.5 5
30 85 0.5 5
31 85 0.5 5
72 72 0.5 7
72 73 0.5 7
72 74 0.5 7
73 74 0.5 7
71 74 0.5 7
70 75 0.5 7
70 74 0.5 7
37 11 0.5 4
38 11 0.5 4
38 10 0.5 4
38 9 0.5 4
34 79 0.5 5
35 79 0.5 5
37 79 0.5 5
36 79 0.5 5
34 78 0.5 5
68 82 0.5 1
25 41 0.5 1
15 61 0.5 1
54 0 0.5 1
83 65 0.5 2
83 66 0.5 2
6 95 0.5 1
11 70 0.5 1
6 4 0.5 1
96 54 0.5 1
12 28 0.5 2
11 28 0.5 2
8 77 0.5 2
9 77 0.5 2
28 78 0.5 1
59 39 0.5 1
19 95 0.5 1
41 76 0.5 1
