64 71 0.5 20
66 71 0.5 20
66 72 0.5 20
65 71 0.5 20
64 70 0.5 20
63 71 0.5 20
66 74 0.5 20
67 73 0.5 20
66 73 0.5 20
62 71 0.5 20
62 72 0.5 20
62 74 0.5 20
62 73 0.5 20
61 72 0.5 20
60 69 0.5 20
60 71 0.5 20
60 72 0.5 20
59 72 0.5 20
60 70 0.5 20
59 73 0.5 20
5 23 0.5 3
4 23 0.5 3
4 22 0.5 3
15 67 0.5 9
14 67 0.5 9
14 65 0.5 9
13 65 0.5 9
14 66 0.5 9
12 68 0.5 9
13 68 0.5 9
11 68 0.5 9
14 68 0.5 9
2 47 0.5 16
3 47 0.5 16
4 47 0.5 16
1 47 0.5 16
8 47 0.5 16
7 47 0.5 16
7 48 0.5 16
6 48 0.5 16
5 47 0.5 16
6 47 0.5 16
5 46 0.5 16
8 48 0.5 16
2 46 0.5 16
8 50 0.5 16
8 49 0.5 16
9 49 0.5 16
73 26 0.5 23
71 26 0.5 23
72 26 0.5 23
74 26 0.5 23
76 26 0.5 23
75 26 0.5 23
76 25 0.5 23
75 27 0.5 23
75 28 0.5 23
68 26 0.5 23
68 25 0.5 23
70 26 0.5 23
69 26 0.5 23
69 25 0.5 23
69 24 0.5 23
76 24 0.5 23
67 22 0.5 23
69 23 0.5 23
68 23 0.5 23
67 23 0.5 23
68 24 0.5 23
66 22 0.5 23
69 22 0.5 23
11 25 0.5 57
11 26 0.5 57
12 25 0.5 57
10 26 0.5 57
13 25 0.5 57
8 24 0.5 57
8 25 0.5 57
9 25 0.5 57
10 25 0.5 57
7 24 0.5 57
8 26 0.5 57
14 25 0.5 57
15 25 0.5 57
13 24 0.5 57
12 24 0.5 57
17 27 0.5 57
16 27 0.5 57
16 26 0.5 57
16 24 0.5 57
16 25 0.5 57
17 23 0.5 57
17 24 0.5 57
18 28 0.5 57
18 27 0.5 57
8 23 0.5 57
7 23 0.5 57
7 22 0.5 57
21 28 0.5 57
20 28 0.5 57
20 27 0.5 57
19 28 0.5 57
19 29 0.5 57
17 33 0.5 57
17 34 0.5 57
16 37 0.5 57
16 36 0.5 57
16 35 0.5 57
16 34 0.5 57
18 33 0.5 57
18 34 0.5 57
21 30 0.5 57
20 30 0.5 57
21 31 0.5 57
19 30 0.5 57
20 29 0.5 57
22 31 0.5 57
19 31 0.5 57
18 31 0.5 57
18 32 0.5 57
23 32 0.5 57
22 32 0.5 57
22 33 0.5 57
24 32 0.5 57
25 32 0.5 57
26 32 0.5 57
12 27 0.5 57
11 27 0.5 57
24 66 0.5 37
24 65 0.5 37
22 66 0.5 37
22 67 0.5 37
23 66 0.5 37
21 63 0.5 37
22 65 0.5 37
22 63 0.5 37
22 64 0.5 37
23 71 0.5 37
24 71 0.5 37
22 71 0.5 37
21 72 0.5 37
22 72 0.5 37
23 72 0.5 37
24 69 0.5 37
23 69 0.5 37
22 70 0.5 37
22 69 0.5 37
21 68 0.5 37
21 69 0.5 37
25 71 0.5 37
25 70 0.5 37
25 72 0.5 37
26 71 0.5 37
25 69 0.5 37
26 69 0.5 37
27 72 0.5 37
28 72 0.5 37
26 72 0.5 37
27 71 0.5 37
27 68 0.5 37
26 68 0.5 37
25 66 0.5 37
26 66 0.5 37
26 67 0.5 37
25 67 0.5 37
77 39 0.5 19
78 39 0.5 19
78 40 0.5 19
76 38 0.5 19
75 38 0.5 19
76 39 0.5 19
76 37 0.5 19
78 38 0.5 19
79 38 0.5 19
80 38 0.5 19
81 38 0.5 19
82 38 0.5 19
80 39 0.5 19
83 38 0.5 19
83 39 0.5 19
82 39 0.5 19
82 40 0.5 19
84 38 0.5 19
84 37 0.5 19
33 75 0.5 4
34 75 0.5 4
35 75 0.5 4
35 76 0.5 4
87 87 0.5 43
87 88 0.5 43
87 86 0.5 43
89 87 0.5 43
89 88 0.5 43
89 86 0.5 43
88 88 0.5 43
89 85 0.5 43
87 85 0.5 43
88 85 0.5 43
87 83 0.5 43
87 84 0.5 43
88 83 0.5 43
86 85 0.5 43
86 84 0.5 43
89 93 0.5 43
90 93 0.5 43
88 93 0.5 43
88 92 0.5 43
89 94 0.5 43
86 91 0.5 43
87 91 0.5 43
87 90 0.5 43
88 91 0.5 43
87 89 0.5 43
88 89 0.5 43
91 93 0.5 43
84 82 0.5 43
84 81 0.5 43
83 80 0.5 43
84 80 0.5 43
84 83 0.5 43
84 84 0.5 43
83 83 0.5 43
85 84 0.5 43
85 88 0.5 43
85 87 0.5 43
84 87 0.5 43
83 85 0.5 43
84 85 0.5 43
83 86 0.5 43
83 87 0.5 43
82 85 0.5 43
40 18 0.5 55
40 17 0.5 55
39 17 0.5 55
36 18 0.5 55
36 17 0.5 55
37 17 0.5 55
38 17 0.5 55
35 18 0.5 55
34 18 0.5 55
34 19 0.5 55
34 17 0.5 55
32 20 0.5 55
32 21 0.5 55
34 20 0.5 55
33 20 0.5 55
33 18 0.5 55
31 20 0.5 55
40 19 0.5 55
40 20 0.5 55
35 26 0.5 55
36 25 0.5 55
35 25 0.5 55
34 25 0.5 55
34 21 0.5 55
34 23 0.5 55
34 22 0.5 55
34 24 0.5 55
35 24 0.5 55
33 22 0.5 55
43 24 0.5 55
43 23 0.5 55
41 23 0.5 55
42 23 0.5 55
44 23 0.5 55
41 24 0.5 55
41 25 0.5 55
40 24 0.5 55
41 22 0.5 55
41 21 0.5 55
41 20 0.5 55
43 8 0.5 55
43 9 0.5 55
44 9 0.5 55
41 11 0.5 55
42 11 0.5 55
42 12 0.5 55
43 11 0.5 55
43 10 0.5 55
42 18 0.5 55
42 16 0.5 55
41 17 0.5 55
42 17 0.5 55
42 15 0.5 55
42 14 0.5 55
42 13 0.5 55
19 50 0.5 15
18 50 0.5 15
18 51 0.5 15
20 51 0.5 15
20 50 0.5 15
21 51 0.5 15
20 52 0.5 15
23 51 0.5 15
23 50 0.5 15
22 51 0.5 15
22 52 0.5 15
22 53 0.5 15
21 52 0.5 15
19 49 0.5 15
18 49 0.5 15
79 1 0.5 21
79 2 0.5 21
78 1 0.5 21
78 0 0.5 21
76 1 0.5 21
77 2 0.5 21
76 2 0.5 21
77 1 0.5 21
78 99 0.5 21
82 2 0.5 21
82 3 0.5 21
81 2 0.5 21
80 2 0.5 21
80 3 0.5 21
86 1 0.5 21
85 1 0.5 21
85 0 0.5 21
84 0 0.5 21
83 0 0.5 21
83 1 0.5 21
82 1 0.5 21
41 46 0.5 6
41 45 0.5 6
41 43 0.5 6
41 44 0.5 6
40 42 0.5 6
40 43 0.5 6
73 43 0.5 12
73 44 0.5 12
72 44 0.5 12
74 43 0.5 12
75 45 0.5 12
75 44 0.5 12
74 45 0.5 12
73 45 0.5 12
76 45 0.5 12
75 46 0.5 12
73 42 0.5 12
74 42 0.5 12
29 94 0.5 22
28 94 0.5 22
29 95 0.5 22
28 95 0.5 22
29 93 0.5 22
28 92 0.5 22
28 93 0.5 22
27 92 0.5 22
26 92 0.5 22
29 92 0.5 22
28 91 0.5 22
27 91 0.5 22
26 91 0.5 22
30 94 0.5 22
25 0 0.5 22
25 99 0.5 22
26 98 0.5 22
26 99 0.5 22
27 97 0.5 22
26 97 0.5 22
27 96 0.5 22
28 96 0.5 22
96 4 0.5 22
95 4 0.5 22
94 4 0.5 22
98 2 0.5 22
98 3 0.5 22
98 1 0.5 22
99 1 0.5 22
96 3 0.5 22
97 3 0.5 22
99 0 0.5 22
94 3 0.5 22
94 2 0.5 22
99 99 0.5 22
93 3 0.5 22
0 0 0.5 22
1 0 0.5 22
96 5 0.5 22
0 1 0.5 22
92 5 0.5 22
92 4 0.5 22
92 3 0.5 22
96 6 0.5 22
84 53 0.5 27
85 53 0.5 27
86 53 0.5 27
86 52 0.5 27
83 53 0.5 27
87 52 0.5 27
84 52 0.5 27
81 55 0.5 27
81 54 0.5 27
82 54 0.5 27
81 58 0.5 27
81 56 0.5 27
81 57 0.5 27
82 53 0.5 27
87 51 0.5 27
85 55 0.5 27
85 54 0.5 27
85 56 0.5 27
86 56 0.5 27
87 56 0.5 27
84 55 0.5 27
86 51 0.5 27
86 49 0.5 27
86 50 0.5 27
87 50 0.5 27
84 49 0.5 27
85 49 0.5 27
53 96 0.5 24
52 96 0.5 24
51 95 0.5 24
52 95 0.5 24
52 94 0.5 24
51 91 0.5 24
53 91 0.5 24
53 92 0.5 24
52 91 0.5 24
54 92 0.5 24
53 93 0.5 24
52 93 0.5 24
50 91 0.5 24
47 93 0.5 24
47 94 0.5 24
47 96 0.5 24
47 95 0.5 24
49 96 0.5 24
48 96 0.5 24
49 95 0.5 24
50 94 0.5 24
50 95 0.5 24
46 96 0.5 24
46 95 0.5 24
9 55 0.5 31
8 55 0.5 31
10 56 0.5 31
10 55 0.5 31
5 57 0.5 31
4 57 0.5 31
4 58 0.5 31
5 58 0.5 31
3 58 0.5 31
3 60 0.5 31
3 59 0.5 31
4 61 0.5 31
5 60 0.5 31
4 60 0.5 31
6 57 0.5 31
6 56 0.5 31
6 55 0.5 31
6 60 0.5 31
7 55 0.5 31
7 54 0.5 31
10 51 0.5 31
10 52 0.5 31
10 53 0.5 31
10 54 0.5 31
9 54 0.5 31
8 54 0.5 31
5 62 0.5 31
4 62 0.5 31
2 60 0.5 31
2 61 0.5 31
2 62 0.5 31
55 24 0.5 13
53 23 0.5 13
53 22 0.5 13
53 24 0.5 13
54 23 0.5 13
54 24 0.5 13
55 23 0.5 13
53 19 0.5 13
53 20 0.5 13
53 21 0.5 13
52 24 0.5 13
51 25 0.5 13
51 24 0.5 13
49 46 0.5 10
50 46 0.5 10
50 45 0.5 10
49 47 0.5 10
49 48 0.5 10
50 48 0.5 10
51 48 0.5 10
47 48 0.5 10
48 48 0.5 10
50 44 0.5 10
62 37 0.5 17
63 37 0.5 17
61 37 0.5 17
59 35 0.5 17
60 35 0.5 17
58 35 0.5 17
61 36 0.5 17
60 36 0.5 17
58 32 0.5 17
58 33 0.5 17
58 34 0.5 17
60 37 0.5 17
64 37 0.5 17
64 36 0.5 17
64 38 0.5 17
57 34 0.5 17
57 35 0.5 17
24 60 0.5 1
48 76 0.5 19
47 75 0.5 19
47 74 0.5 19
48 75 0.5 19
46 74 0.5 19
48 77 0.5 19
49 78 0.5 19
48 78 0.5 19
47 73 0.5 19
52 78 0.5 19
51 78 0.5 19
50 78 0.5 19
53 80 0.5 19
52 80 0.5 19
52 79 0.5 19
51 79 0.5 19
49 79 0.5 19
50 79 0.5 19
50 80 0.5 19
31 41 0.5 23
32 41 0.5 23
30 41 0.5 23
31 40 0.5 23
30 43 0.5 23
30 42 0.5 23
29 43 0.5 23
28 43 0.5 23
36 39 0.5 23
36 40 0.5 23
37 39 0.5 23
33 40 0.5 23
34 40 0.5 23
35 40 0.5 23
33 41 0.5 23
33 42 0.5 23
32 42 0.5 23
35 38 0.5 23
36 38 0.5 23
34 38 0.5 23
34 37 0.5 23
33 37 0.5 23
35 37 0.5 23
84 14 0.5 7
84 15 0.5 7
85 15 0.5 7
85 14 0.5 7
86 15 0.5 7
87 15 0.5 7
87 14 0.5 7
82 97 0.5 13
81 97 0.5 13
80 97 0.5 13
79 97 0.5 13
81 96 0.5 13
81 95 0.5 13
79 96 0.5 13
79 95 0.5 13
81 92 0.5 13
81 93 0.5 13
81 94 0.5 13
80 92 0.5 13
80 91 0.5 13
65 89 0.5 16
66 89 0.5 16
64 89 0.5 16
63 89 0.5 16
64 90 0.5 16
70 90 0.5 16
70 89 0.5 16
67 90 0.5 16
68 90 0.5 16
69 90 0.5 16
67 89 0.5 16
69 89 0.5 16
71 90 0.5 16
63 90 0.5 16
62 90 0.5 16
61 90 0.5 16
55 68 0.5 3
55 67 0.5 3
55 66 0.5 3
59 20 0.5 24
59 18 0.5 24
60 18 0.5 24
60 20 0.5 24
60 19 0.5 24
61 21 0.5 24
61 20 0.5 24
62 20 0.5 24
63 20 0.5 24
63 19 0.5 24
62 18 0.5 24
63 18 0.5 24
64 18 0.5 24
59 21 0.5 24
64 20 0.5 24
65 20 0.5 24
68 20 0.5 24
67 20 0.5 24
66 20 0.5 24
58 17 0.5 24
56 17 0.5 24
57 17 0.5 24
58 18 0.5 24
64 21 0.5 24
31 3 0.5 8
32 4 0.5 8
31 4 0.5 8
33 4 0.5 8
34 4 0.5 8
30 2 0.5 8
30 3 0.5 8
29 3 0.5 8
77 92 0.5 4
78 92 0.5 4
78 94 0.5 4
78 93 0.5 4
14 17 0.5 9
15 18 0.5 9
14 18 0.5 9
15 19 0.5 9
13 18 0.5 9
12 17 0.5 9
13 17 0.5 9
11 17 0.5 9
11 18 0.5 9
16 11 0.5 34
15 11 0.5 34
16 13 0.5 34
15 13 0.5 34
15 12 0.5 34
16 14 0.5 34
15 10 0.5 34
16 10 0.5 34
17 10 0.5 34
16 9 0.5 34
16 8 0.5 34
15 9 0.5 34
14 8 0.5 34
15 8 0.5 34
13 8 0.5 34
17 14 0.5 34
18 13 0.5 34
18 15 0.5 34
18 14 0.5 34
12 8 0.5 34
12 7 0.5 34
11 7 0.5 34
11 8 0.5 34
10 6 0.5 34
11 6 0.5 34
9 6 0.5 34
16 5 0.5 34
16 6 0.5 34
15 7 0.5 34
16 7 0.5 34
15 5 0.5 34
14 5 0.5 34
14 4 0.5 34
13 5 0.5 34
82 12 0.5 9
81 12 0.5 9
81 13 0.5 9
80 12 0.5 9
83 12 0.5 9
79 14 0.5 9
79 13 0.5 9
79 12 0.5 9
78 12 0.5 9
11 95 0.5 8
12 95 0.5 8
11 94 0.5 8
12 94 0.5 8
13 95 0.5 8
13 94 0.5 8
14 94 0.5 8
13 96 0.5 8
8 81 0.5 9
10 80 0.5 9
10 81 0.5 9
9 81 0.5 9
10 84 0.5 9
9 84 0.5 9
9 83 0.5 9
9 82 0.5 9
9 85 0.5 9
66 47 0.5 17
67 47 0.5 17
65 47 0.5 17
65 48 0.5 17
65 49 0.5 17
65 50 0.5 17
64 51 0.5 17
64 52 0.5 17
64 50 0.5 17
65 53 0.5 17
64 53 0.5 17
63 49 0.5 17
64 49 0.5 17
65 46 0.5 17
65 45 0.5 17
65 44 0.5 17
64 44 0.5 17
88 24 0.5 20
88 25 0.5 20
87 26 0.5 20
88 26 0.5 20
86 26 0.5 20
89 26 0.5 20
89 25 0.5 20
87 25 0.5 20
91 25 0.5 20
90 25 0.5 20
86 22 0.5 20
86 23 0.5 20
86 24 0.5 20
86 25 0.5 20
87 22 0.5 20
86 28 0.5 20
86 27 0.5 20
88 28 0.5 20
87 28 0.5 20
89 28 0.5 20
89 34 0.5 2
88 34 0.5 2
93 53 0.5 8
92 53 0.5 8
91 53 0.5 8
92 52 0.5 8
93 54 0.5 8
90 51 0.5 8
90 52 0.5 8
90 53 0.5 8
35 58 0.5 19
36 60 0.5 19
35 59 0.5 19
35 60 0.5 19
42 61 0.5 19
41 61 0.5 19
40 61 0.5 19
39 61 0.5 19
38 61 0.5 19
37 59 0.5 19
38 60 0.5 19
37 60 0.5 19
42 60 0.5 19
42 59 0.5 19
42 58 0.5 19
43 57 0.5 19
43 56 0.5 19
43 58 0.5 19
35 61 0.5 19
49 35 0.5 2
49 34 0.5 2
50 63 0.5 9
50 64 0.5 9
51 64 0.5 9
51 63 0.5 9
49 64 0.5 9
52 64 0.5 9
50 65 0.5 9
50 66 0.5 9
51 66 0.5 9
43 34 0.5 1
31 70 0.5 2
31 69 0.5 2
96 29 0.5 21
96 30 0.5 21
97 30 0.5 21
97 28 0.5 21
96 28 0.5 21
95 28 0.5 21
99 27 0.5 21
0 27 0.5 21
1 27 0.5 21
1 26 0.5 21
99 28 0.5 21
98 27 0.5 21
97 27 0.5 21
97 26 0.5 21
3 26 0.5 21
2 26 0.5 21
4 28 0.5 21
5 28 0.5 21
3 29 0.5 21
3 28 0.5 21
3 27 0.5 21
95 74 0.5 12
95 73 0.5 12
96 75 0.5 12
95 75 0.5 12
96 69 0.5 12
96 70 0.5 12
96 71 0.5 12
97 69 0.5 12
95 70 0.5 12
95 72 0.5 12
96 72 0.5 12
97 72 0.5 12
26 7 0.5 18
26 6 0.5 18
26 5 0.5 18
25 9 0.5 18
25 7 0.5 18
25 8 0.5 18
24 9 0.5 18
23 9 0.5 18
22 9 0.5 18
29 9 0.5 18
29 10 0.5 18
28 9 0.5 18
28 8 0.5 18
29 11 0.5 18
28 11 0.5 18
27 8 0.5 18
27 7 0.5 18
22 8 0.5 18
7 41 0.5 14
6 41 0.5 14
8 40 0.5 14
9 40 0.5 14
9 41 0.5 14
10 41 0.5 14
8 41 0.5 14
7 40 0.5 14
7 39 0.5 14
7 38 0.5 14
8 38 0.5 14
9 38 0.5 14
10 39 0.5 14
9 39 0.5 14
0 11 0.5 1
65 58 0.5 17
66 58 0.5 17
66 60 0.5 17
66 59 0.5 17
67 59 0.5 17
64 58 0.5 17
68 59 0.5 17
69 59 0.5 17
70 59 0.5 17
71 56 0.5 17
71 55 0.5 17
71 54 0.5 17
70 54 0.5 17
71 58 0.5 17
70 58 0.5 17
71 57 0.5 17
72 54 0.5 17
19 77 0.5 2
18 77 0.5 2
5 82 0.5 16
3 85 0.5 16
4 83 0.5 16
3 83 0.5 16
3 84 0.5 16
4 82 0.5 16
2 86 0.5 16
3 86 0.5 16
3 87 0.5 16
4 87 0.5 16
4 88 0.5 16
2 84 0.5 16
4 89 0.5 16
4 90 0.5 16
3 91 0.5 16
4 91 0.5 16
40 66 0.5 10
39 66 0.5 10
38 66 0.5 10
38 64 0.5 10
38 65 0.5 10
41 66 0.5 10
40 67 0.5 10
39 67 0.5 10
42 67 0.5 10
42 66 0.5 10
15 82 0.5 3
16 82 0.5 3
17 82 0.5 3
96 40 0.5 4
95 41 0.5 4
95 42 0.5 4
96 41 0.5 4
22 92 0.5 7
22 93 0.5 7
20 90 0.5 7
20 89 0.5 7
21 92 0.5 7
20 91 0.5 7
21 91 0.5 7
63 86 0.5 2
64 86 0.5 2
32 54 0.5 10
31 54 0.5 10
33 54 0.5 10
31 56 0.5 10
31 55 0.5 10
30 55 0.5 10
30 54 0.5 10
34 53 0.5 10
34 52 0.5 10
33 53 0.5 10
56 56 0.5 6
56 57 0.5 6
54 56 0.5 6
54 57 0.5 6
55 57 0.5 6
54 58 0.5 6
41 90 0.5 10
41 89 0.5 10
40 90 0.5 10
40 89 0.5 10
37 90 0.5 10
39 90 0.5 10
38 92 0.5 10
38 91 0.5 10
38 90 0.5 10
38 93 0.5 10
98 33 0.5 3
99 32 0.5 3
98 32 0.5 3
84 6 0.5 2
84 7 0.5 2
77 66 0.5 10
78 66 0.5 10
79 66 0.5 10
74 67 0.5 10
74 66 0.5 10
74 68 0.5 10
76 67 0.5 10
77 67 0.5 10
75 67 0.5 10
73 66 0.5 10
33 99 0.5 2
33 98 0.5 2
98 13 0.5 6
98 12 0.5 6
99 13 0.5 6
97 14 0.5 6
98 14 0.5 6
96 14 0.5 6
57 38 0.5 1
29 15 0.5 2
30 15 0.5 2
57 3 0.5 3
56 4 0.5 3
57 4 0.5 3
97 89 0.5 7
98 88 0.5 7
98 89 0.5 7
97 91 0.5 7
98 91 0.5 7
97 90 0.5 7
99 91 0.5 7
91 39 0.5 1
34 85 0.5 5
33 86 0.5 5
33 85 0.5 5
31 85 0.5 5
32 85 0.5 5
73 72 0.5 7
73 73 0.5 7
73 74 0.5 7
74 74 0.5 7
72 74 0.5 7
71 75 0.5 7
71 74 0.5 7
36 11 0.5 4
37 11 0.5 4
37 10 0.5 4
37 9 0.5 4
34 80 0.5 5
35 80 0.5 5
37 80 0.5 5
36 80 0.5 5
34 79 0.5 5
69 82 0.5 1
26 41 0.5 1
16 61 0.5 1
54 99 0.5 1
83 64 0.5 2
83 65 0.5 2
6 94 0.5 1
12 70 0.5 1
6 3 0.5 1
95 54 0.5 1
8 77 0.5 2
9 77 0.5 2
29 78 0.5 1
59 40 0.5 1
19 96 0.5 1
41 77 0.5 1
