63 71 0.5 20
65 71 0.5 20
65 72 0.5 20
64 71 0.5 20
63 70 0.5 20
62 71 0.5 20
65 74 0.5 20
66 73 0.5 20
65 73 0.5 20
61 71 0.5 20
61 72 0.5 20
61 74 0.5 20
61 73 0.5 20
60 72 0.5 20
59 69 0.5 20
59 71 0.5 20
59 72 0.5 20
58 72 0.5 20
59 70 0.5 20
58 73 0.5 20
4 23 0.5 3
3 23 0.5 3
3 22 0.5 3
16 67 0.5 9
15 67 0.5 9
15 65 0.5 9
14 65 0.5 9
15 66 0.5 9
13 68 0.5 9
14 68 0.5 9
12 68 0.5 9
15 68 0.5 9
2 46 0.5 16
3 46 0.5 16
4 46 0.5 16
1 46 0.5 16
8 46 0.5 16
7 46 0.5 16
7 47 0.5 16
6 47 0.5 16
5 46 0.5 16
6 46 0.5 16
5 45 0.5 16
8 47 0.5 16
2 45 0.5 16
8 49 0.5 16
8 48 0.5 16
9 48 0.5 16
72 26 0.5 23
70 26 0.5 23
71 26 0.5 23
73 26 0.5 23
75 26 0.5 23
74 26 0.5 23
75 25 0.5 23
74 27 0.5 23
74 28 0.5 23
67 26 0.5 23
67 25 0.5 23
69 26 0.5 23
68 26 0.5 23
68 25 0.5 23
68 24 0.5 23
75 24 0.5 23
66 22 0.5 23
68 23 0.5 23
67 23 0.5 23
66 23 0.5 23
67 24 0.5 23
65 22 0.5 23
68 22 0.5 23
11 26 0.5 57
11 27 0.5 57
12 26 0.5 57
10 27 0.5 57
13 26 0.5 57
8 25 0.5 57
8 26 0.5 57
9 26 0.5 57
10 26 0.5 57
7 25 0.5 57
8 27 0.5 57
14 26 0.5 57
15 26 0.5 57
13 25 0.5 57
12 25 0.5 57
17 28 0.5 57
16 28 0.5 57
16 27 0.5 57
16 25 0.5 57
16 26 0.5 57
17 24 0.5 57
17 25 0.5 57
18 29 0.5 57
18 28 0.5 57
8 24 0.5 57
7 24 0.5 57
7 23 0.5 57
21 29 0.5 57
20 29 0.5 57
20 28 0.5 57
19 29 0.5 57
19 30 0.5 57
17 34 0.5 57
17 35 0.5 57
16 38 0.5 57
16 37 0.5 57
16 36 0.5 57
16 35 0.5 57
18 34 0.5 57
18 35 0.5 57
21 31 0.5 57
20 31 0.5 57
21 32 0.5 57
19 31 0.5 57
20 30 0.5 57
22 32 0.5 57
19 32 0.5 57
18 32 0.5 57
18 33 0.5 57
23 33 0.5 57
22 33 0.5 57
22 34 0.5 57
24 33 0.5 57
25 33 0.5 57
26 33 0.5 57
12 28 0.5 57
11 28 0.5 57
24 65 0.5 37
24 64 0.5 37
22 65 0.5 37
22 66 0.5 37
23 65 0.5 37
21 62 0.5 37
22 64 0.5 37
22 62 0.5 37
22 63 0.5 37
23 70 0.5 37
24 70 0.5 37
22 70 0.5 37
21 71 0.5 37
22 71 0.5 37
23 71 0.5 37
24 68 0.5 37
23 68 0.5 37
22 69 0.5 37
22 68 0.5 37
21 67 0.5 37
21 68 0.5 37
25 70 0.5 37
25 69 0.5 37
25 71 0.5 37
26 70 0.5 37
25 68 0.5 37
26 68 0.5 37
27 71 0.5 37
28 71 0.5 37
26 71 0.5 37
27 70 0.5 37
27 67 0.5 37
26 67 0.5 37
25 65 0.5 37
26 65 0.5 37
26 66 0.5 37
25 66 0.5 37
77 38 0.5 19
78 38 0.5 19
78 39 0.5 19
76 37 0.5 19
75 37 0.5 19
76 38 0.5 19
76 36 0.5 19
78 37 0.5 19
79 37 0.5 19
80 37 0.5 19
81 37 0.5 19
82 37 0.5 19
80 38 0.5 19
83 37 0.5 19
83 38 0.5 19
82 38 0.5 19
82 39 0.5 19
84 37 0.5 19
84 36 0.5 19
32 75 0.5 4
33 75 0.5 4
34 75 0.5 4
34 76 0.5 4
87 88 0.5 43
87 89 0.5 43
87 87 0.5 43
89 88 0.5 43
89 89 0.5 43
89 87 0.5 43
88 89 0.5 43
89 86 0.5 43
87 86 0.5 43
88 86 0.5 43
87 84 0.5 43
87 85 0.5 43
88 84 0.5 43
86 86 0.5 43
86 85 0.5 43
89 94 0.5 43
90 94 0.5 43
88 94 0.5 43
88 93 0.5 43
89 95 0.5 43
86 92 0.5 43
87 92 0.5 43
87 91 0.5 43
88 92 0.5 43
87 90 0.5 43
88 90 0.5 43
91 94 0.5 43
84 83 0.5 43
84 82 0.5 43
83 81 0.5 43
84 81 0.5 43
84 84 0.5 43
84 85 0.5 43
83 84 0.5 43
85 85 0.5 43
85 89 0.5 43
85 88 0.5 43
84 88 0.5 43
83 86 0.5 43
84 86 0.5 43
83 87 0.5 43
83 88 0.5 43
82 86 0.5 43
41 18 0.5 55
41 17 0.5 55
40 17 0.5 55
37 18 0.5 55
37 17 0.5 55
38 17 0.5 55
39 17 0.5 55
36 18 0.5 55
35 18 0.5 55
35 19 0.5 55
35 17 0.5 55
33 20 0.5 55
33 21 0.5 55
35 20 0.5 55
34 20 0.5 55
34 18 0.5 55
32 20 0.5 55
41 19 0.5 55
41 20 0.5 55
36 26 0.5 55
37 25 0.5 55
36 25 0.5 55
35 25 0.5 55
35 21 0.5 55
35 23 0.5 55
35 22 0.5 55
35 24 0.5 55
36 24 0.5 55
34 22 0.5 55
44 24 0.5 55
44 23 0.5 55
42 23 0.5 55
43 23 0.5 55
45 23 0.5 55
42 24 0.5 55
42 25 0.5 55
41 24 0.5 55
42 22 0.5 55
42 21 0.5 55
42 20 0.5 55
44 8 0.5 55
44 9 0.5 55
45 9 0.5 55
42 11 0.5 55
43 11 0.5 55
43 12 0.5 55
44 11 0.5 55
44 10 0.5 55
43 18 0.5 55
43 16 0.5 55
42 17 0.5 55
43 17 0.5 55
43 15 0.5 55
43 14 0.5 55
43 13 0.5 55
19 49 0.5 15
18 49 0.5 15
18 50 0.5 15
20 50 0.5 15
20 49 0.5 15
21 50 0.5 15
20 51 0.5 15
23 50 0.5 15
23 49 0.5 15
22 50 0.5 15
22 51 0.5 15
22 52 0.5 15
21 51 0.5 15
19 48 0.5 15
18 48 0.5 15
79 0 0.5 34
79 1 0.5 34
78 0 0.5 34
78 99 0.5 34
76 0 0.5 34
77 1 0.5 34
76 1 0.5 34
77 0 0.5 34
78 98 0.5 34
82 1 0.5 34
82 2 0.5 34
81 1 0.5 34
80 1 0.5 34
80 2 0.5 34
86 0 0.5 34
85 0 0.5 34
85 99 0.5 34
84 99 0.5 34
83 99 0.5 34
83 0 0.5 34
82 0 0.5 34
82 98 0.5 34
81 98 0.5 34
80 98 0.5 34
79 98 0.5 34
81 97 0.5 34
81 96 0.5 34
79 97 0.5 34
79 96 0.5 34
81 93 0.5 34
81 94 0.5 34
81 95 0.5 34
80 93 0.5 34
80 92 0.5 34
41 47 0.5 6
41 46 0.5 6
41 44 0.5 6
41 45 0.5 6
40 43 0.5 6
40 44 0.5 6
73 42 0.5 12
73 43 0.5 12
72 43 0.5 12
74 42 0.5 12
75 44 0.5 12
75 43 0.5 12
74 44 0.5 12
73 44 0.5 12
76 44 0.5 12
75 45 0.5 12
73 41 0.5 12
74 41 0.5 12
28 94 0.5 22
27 94 0.5 22
28 95 0.5 22
27 95 0.5 22
28 93 0.5 22
27 92 0.5 22
27 93 0.5 22
26 92 0.5 22
25 92 0.5 22
28 92 0.5 22
27 91 0.5 22
26 91 0.5 22
25 91 0.5 22
29 94 0.5 22
24 0 0.5 22
24 99 0.5 22
25 98 0.5 22
25 99 0.5 22
26 97 0.5 22
25 97 0.5 22
26 96 0.5 22
27 96 0.5 22
95 4 0.5 22
94 4 0.5 22
93 4 0.5 22
97 2 0.5 22
97 3 0.5 22
97 1 0.5 22
98 1 0.5 22
95 3 0.5 22
96 3 0.5 22
98 0 0.5 22
93 3 0.5 22
93 2 0.5 22
98 99 0.5 22
92 3 0.5 22
99 0 0.5 22
0 0 0.5 22
95 5 0.5 22
99 1 0.5 22
91 5 0.5 22
91 4 0.5 22
91 3 0.5 22
95 6 0.5 22
85 53 0.5 27
86 53 0.5 27
87 53 0.5 27
87 52 0.5 27
84 53 0.5 27
88 52 0.5 27
85 52 0.5 27
82 55 0.5 27
82 54 0.5 27
83 54 0.5 27
82 58 0.5 27
82 56 0.5 27
82 57 0.5 27
83 53 0.5 27
88 51 0.5 27
86 55 0.5 27
86 54 0.5 27
86 56 0.5 27
87 56 0.5 27
88 56 0.5 27
85 55 0.5 27
87 51 0.5 27
87 49 0.5 27
87 50 0.5 27
88 50 0.5 27
85 49 0.5 27
86 49 0.5 27
53 95 0.5 24
52 95 0.5 24
51 94 0.5 24
52 94 0.5 24
52 93 0.5 24
51 90 0.5 24
53 90 0.5 24
53 91 0.5 24
52 90 0.5 24
54 91 0.5 24
53 92 0.5 24
52 92 0.5 24
50 90 0.5 24
47 92 0.5 24
47 93 0.5 24
47 95 0.5 24
47 94 0.5 24
49 95 0.5 24
48 95 0.5 24
49 94 0.5 24
50 93 0.5 24
50 94 0.5 24
46 95 0.5 24
46 94 0.5 24
9 56 0.5 31
8 56 0.5 31
10 57 0.5 31
10 56 0.5 31
5 58 0.5 31
4 58 0.5 31
4 59 0.5 31
5 59 0.5 31
3 59 0.5 31
3 61 0.5 31
3 60 0.5 31
4 62 0.5 31
5 61 0.5 31
4 61 0.5 31
6 58 0.5 31
6 57 0.5 31
6 56 0.5 31
6 61 0.5 31
7 56 0.5 31
7 55 0.5 31
10 52 0.5 31
10 53 0.5 31
10 54 0.5 31
10 55 0.5 31
9 55 0.5 31
8 55 0.5 31
5 63 0.5 31
4 63 0.5 31
2 61 0.5 31
2 62 0.5 31
2 63 0.5 31
54 24 0.5 13
52 23 0.5 13
52 22 0.5 13
52 24 0.5 13
53 23 0.5 13
53 24 0.5 13
54 23 0.5 13
52 19 0.5 13
52 20 0.5 13
52 21 0.5 13
51 24 0.5 13
50 25 0.5 13
50 24 0.5 13
49 47 0.5 10
50 47 0.5 10
50 46 0.5 10
49 48 0.5 10
49 49 0.5 10
50 49 0.5 10
51 49 0.5 10
47 49 0.5 10
48 49 0.5 10
50 45 0.5 10
63 37 0.5 17
64 37 0.5 17
62 37 0.5 17
60 35 0.5 17
61 35 0.5 17
59 35 0.5 17
62 36 0.5 17
61 36 0.5 17
59 32 0.5 17
59 33 0.5 17
59 34 0.5 17
61 37 0.5 17
65 37 0.5 17
65 36 0.5 17
65 38 0.5 17
58 34 0.5 17
58 35 0.5 17
25 60 0.5 1
49 76 0.5 19
48 75 0.5 19
48 74 0.5 19
49 75 0.5 19
47 74 0.5 19
49 77 0.5 19
50 78 0.5 19
49 78 0.5 19
48 73 0.5 19
53 78 0.5 19
52 78 0.5 19
51 78 0.5 19
54 80 0.5 19
53 80 0.5 19
53 79 0.5 19
52 79 0.5 19
50 79 0.5 19
51 79 0.5 19
51 80 0.5 19
31 40 0.5 23
32 40 0.5 23
30 40 0.5 23
31 39 0.5 23
30 42 0.5 23
30 41 0.5 23
29 42 0.5 23
28 42 0.5 23
36 38 0.5 23
36 39 0.5 23
37 38 0.5 23
33 39 0.5 23
34 39 0.5 23
35 39 0.5 23
33 40 0.5 23
33 41 0.5 23
32 41 0.5 23
35 37 0.5 23
36 37 0.5 23
34 37 0.5 23
34 36 0.5 23
33 36 0.5 23
35 36 0.5 23
83 14 0.5 7
83 15 0.5 7
84 15 0.5 7
84 14 0.5 7
85 15 0.5 7
86 15 0.5 7
86 14 0.5 7
65 89 0.5 16
66 89 0.5 16
64 89 0.5 16
63 89 0.5 16
64 90 0.5 16
70 90 0.5 16
70 89 0.5 16
67 90 0.5 16
68 90 0.5 16
69 90 0.5 16
67 89 0.5 16
69 89 0.5 16
71 90 0.5 16
63 90 0.5 16
62 90 0.5 16
61 90 0.5 16
55 69 0.5 3
55 68 0.5 3
55 67 0.5 3
59 19 0.5 24
59 17 0.5 24
60 17 0.5 24
60 19 0.5 24
60 18 0.5 24
61 20 0.5 24
61 19 0.5 24
62 19 0.5 24
63 19 0.5 24
63 18 0.5 24
62 17 0.5 24
63 17 0.5 24
64 17 0.5 24
59 20 0.5 24
64 19 0.5 24
65 19 0.5 24
68 19 0.5 24
67 19 0.5 24
66 19 0.5 24
58 16 0.5 24
56 16 0.5 24
57 16 0.5 24
58 17 0.5 24
64 20 0.5 24
32 3 0.5 8
33 4 0.5 8
32 4 0.5 8
34 4 0.5 8
35 4 0.5 8
31 2 0.5 8
31 3 0.5 8
30 3 0.5 8
77 93 0.5 4
78 93 0.5 4
78 95 0.5 4
78 94 0.5 4
14 16 0.5 9
15 17 0.5 9
14 17 0.5 9
15 18 0.5 9
13 17 0.5 9
12 16 0.5 9
13 16 0.5 9
11 16 0.5 9
11 17 0.5 9
16 12 0.5 34
15 12 0.5 34
16 14 0.5 34
15 14 0.5 34
15 13 0.5 34
16 15 0.5 34
15 11 0.5 34
16 11 0.5 34
17 11 0.5 34
16 10 0.5 34
16 9 0.5 34
15 10 0.5 34
14 9 0.5 34
15 9 0.5 34
13 9 0.5 34
17 15 0.5 34
18 14 0.5 34
18 16 0.5 34
18 15 0.5 34
12 9 0.5 34
12 8 0.5 34
11 8 0.5 34
11 9 0.5 34
10 7 0.5 34
11 7 0.5 34
9 7 0.5 34
16 6 0.5 34
16 7 0.5 34
15 8 0.5 34
16 8 0.5 34
15 6 0.5 34
14 6 0.5 34
14 5 0.5 34
13 6 0.5 34
81 12 0.5 9
80 12 0.5 9
80 13 0.5 9
79 12 0.5 9
82 12 0.5 9
78 14 0.5 9
78 13 0.5 9
78 12 0.5 9
77 12 0.5 9
12 95 0.5 8
13 95 0.5 8
12 94 0.5 8
13 94 0.5 8
14 95 0.5 8
14 94 0.5 8
15 94 0.5 8
14 96 0.5 8
9 81 0.5 9
11 80 0.5 9
11 81 0.5 9
10 81 0.5 9
11 84 0.5 9
10 84 0.5 9
10 83 0.5 9
10 82 0.5 9
10 85 0.5 9
66 48 0.5 17
67 48 0.5 17
65 48 0.5 17
65 49 0.5 17
65 50 0.5 17
65 51 0.5 17
64 52 0.5 17
64 53 0.5 17
64 51 0.5 17
65 54 0.5 17
64 54 0.5 17
63 50 0.5 17
64 50 0.5 17
65 47 0.5 17
65 46 0.5 17
65 45 0.5 17
64 45 0.5 17
89 24 0.5 20
89 25 0.5 20
88 26 0.5 20
89 26 0.5 20
87 26 0.5 20
90 26 0.5 20
90 25 0.5 20
88 25 0.5 20
92 25 0.5 20
91 25 0.5 20
87 22 0.5 20
87 23 0.5 20
87 24 0.5 20
87 25 0.5 20
88 22 0.5 20
87 28 0.5 20
87 27 0.5 20
89 28 0.5 20
88 28 0.5 20
90 28 0.5 20
89 35 0.5 2
88 35 0.5 2
93 52 0.5 8
92 52 0.5 8
91 52 0.5 8
92 51 0.5 8
93 53 0.5 8
90 50 0.5 8
90 51 0.5 8
90 52 0.5 8
34 58 0.5 19
35 60 0.5 19
34 59 0.5 19
34 60 0.5 19
41 61 0.5 19
40 61 0.5 19
39 61 0.5 19
38 61 0.5 19
37 61 0.5 19
36 59 0.5 19
37 60 0.5 19
36 60 0.5 19
41 60 0.5 19
41 59 0.5 19
41 58 0.5 19
42 57 0.5 19
42 56 0.5 19
42 58 0.5 19
34 61 0.5 19
48 35 0.5 2
48 34 0.5 2
51 63 0.5 9
51 64 0.5 9
52 64 0.5 9
52 63 0.5 9
50 64 0.5 9
53 64 0.5 9
51 65 0.5 9
51 66 0.5 9
52 66 0.5 9
43 35 0.5 1
31 71 0.5 2
31 70 0.5 2
96 30 0.5 21
96 31 0.5 21
97 31 0.5 21
97 29 0.5 21
96 29 0.5 21
95 29 0.5 21
99 28 0.5 21
0 28 0.5 21
1 28 0.5 21
1 27 0.5 21
99 29 0.5 21
98 28 0.5 21
97 28 0.5 21
97 27 0.5 21
3 27 0.5 21
2 27 0.5 21
4 29 0.5 21
5 29 0.5 21
3 30 0.5 21
3 29 0.5 21
3 28 0.5 21
95 73 0.5 12
95 72 0.5 12
96 74 0.5 12
95 74 0.5 12
96 68 0.5 12
96 69 0.5 12
96 70 0.5 12
97 68 0.5 12
95 69 0.5 12
95 71 0.5 12
96 71 0.5 12
97 71 0.5 12
26 8 0.5 18
26 7 0.5 18
26 6 0.5 18
25 10 0.5 18
25 8 0.5 18
25 9 0.5 18
24 10 0.5 18
23 10 0.5 18
22 10 0.5 18
29 10 0.5 18
29 11 0.5 18
28 10 0.5 18
28 9 0.5 18
29 12 0.5 18
28 12 0.5 18
27 9 0.5 18
27 8 0.5 18
22 9 0.5 18
7 42 0.5 14
6 42 0.5 14
8 41 0.5 14
9 41 0.5 14
9 42 0.5 14
10 42 0.5 14
8 42 0.5 14
7 41 0.5 14
7 40 0.5 14
7 39 0.5 14
8 39 0.5 14
9 39 0.5 14
10 40 0.5 14
9 40 0.5 14
0 10 0.5 1
64 58 0.5 17
65 58 0.5 17
65 60 0.5 17
65 59 0.5 17
66 59 0.5 17
63 58 0.5 17
67 59 0.5 17
68 59 0.5 17
69 59 0.5 17
70 56 0.5 17
70 55 0.5 17
70 54 0.5 17
69 54 0.5 17
70 58 0.5 17
69 58 0.5 17
70 57 0.5 17
71 54 0.5 17
18 77 0.5 2
17 77 0.5 2
4 82 0.5 16
2 85 0.5 16
3 83 0.5 16
2 83 0.5 16
2 84 0.5 16
3 82 0.5 16
1 86 0.5 16
2 86 0.5 16
2 87 0.5 16
3 87 0.5 16
3 88 0.5 16
1 84 0.5 16
3 89 0.5 16
3 90 0.5 16
2 91 0.5 16
3 91 0.5 16
39 66 0.5 10
38 66 0.5 10
37 66 0.5 10
37 64 0.5 10
37 65 0.5 10
40 66 0.5 10
39 67 0.5 10
38 67 0.5 10
41 67 0.5 10
41 66 0.5 10
15 81 0.5 3
16 81 0.5 3
17 81 0.5 3
96 41 0.5 4
95 42 0.5 4
95 43 0.5 4
96 42 0.5 4
23 92 0.5 7
23 93 0.5 7
21 90 0.5 7
21 89 0.5 7
22 92 0.5 7
21 91 0.5 7
22 91 0.5 7
64 86 0.5 2
65 86 0.5 2
32 55 0.5 10
31 55 0.5 10
33 55 0.5 10
31 57 0.5 10
31 56 0.5 10
30 56 0.5 10
30 55 0.5 10
34 54 0.5 10
34 53 0.5 10
33 54 0.5 10
56 55 0.5 6
56 56 0.5 6
54 55 0.5 6
54 56 0.5 6
55 56 0.5 6
54 57 0.5 6
40 90 0.5 10
40 89 0.5 10
39 90 0.5 10
39 89 0.5 10
36 90 0.5 10
38 90 0.5 10
37 92 0.5 10
37 91 0.5 10
37 90 0.5 10
37 93 0.5 10
98 34 0.5 3
99 33 0.5 3
98 33 0.5 3
83 6 0.5 2
83 7 0.5 2
78 66 0.5 10
79 66 0.5 10
80 66 0.5 10
75 67 0.5 10
75 66 0.5 10
75 68 0.5 10
77 67 0.5 10
78 67 0.5 10
76 67 0.5 10
74 66 0.5 10
34 99 0.5 2
34 98 0.5 2
97 13 0.5 6
97 12 0.5 6
98 13 0.5 6
96 14 0.5 6
97 14 0.5 6
95 14 0.5 6
57 39 0.5 1
29 16 0.5 2
30 16 0.5 2
58 3 0.5 3
57 4 0.5 3
58 4 0.5 3
98 89 0.5 7
99 88 0.5 7
99 89 0.5 7
98 91 0.5 7
99 91 0.5 7
98 90 0.5 7
0 91 0.5 7
90 39 0.5 1
34 86 0.5 5
33 87 0.5 5
33 86 0.5 5
31 86 0.5 5
32 86 0.5 5
73 71 0.5 7
73 72 0.5 7
73 73 0.5 7
74 73 0.5 7
72 73 0.5 7
71 74 0.5 7
71 73 0.5 7
37 11 0.5 4
38 11 0.5 4
38 10 0.5 4
38 9 0.5 4
34 79 0.5 5
35 79 0.5 5
37 79 0.5 5
36 79 0.5 5
34 78 0.5 5
70 82 0.5 1
25 41 0.5 1
17 61 0.5 1
54 0 0.5 1
82 64 0.5 2
82 65 0.5 2
6 93 0.5 1
11 70 0.5 1
6 2 0.5 1
96 54 0.5 1
7 77 0.5 2
8 77 0.5 2
29 79 0.5 1
60 40 0.5 1
19 95 0.5 1
40 77 0.5 1
