63 72 0.5 20
65 72 0.5 20
65 73 0.5 20
64 72 0.5 20
63 71 0.5 20
62 72 0.5 20
65 75 0.5 20
66 74 0.5 20
65 74 0.5 20
61 72 0.5 20
61 73 0.5 20
61 75 0.5 20
61 74 0.5 20
60 73 0.5 20
59 70 0.5 20
59 72 0.5 20
59 73 0.5 20
58 73 0.5 20
59 71 0.5 20
58 74 0.5 20
3 23 0.5 3
2 23 0.5 3
2 22 0.5 3
16 68 0.5 10
15 68 0.5 10
15 66 0.5 10
14 66 0.5 10
15 67 0.5 10
13 69 0.5 10
14 69 0.5 10
12 69 0.5 10
15 69 0.5 10
11 69 0.5 10
3 46 0.5 16
4 46 0.5 16
5 46 0.5 16
2 46 0.5 16
9 46 0.5 16
8 46 0.5 16
8 47 0.5 16
7 47 0.5 16
6 46 0.5 16
7 46 0.5 16
6 45 0.5 16
9 47 0.5 16
3 45 0.5 16
9 49 0.5 16
9 48 0.5 16
10 48 0.5 16
73 26 0.5 23
71 26 0.5 23
72 26 0.5 23
74 26 0.5 23
76 26 0.5 23
75 26 0.5 23
76 25 0.5 23
75 27 0.5 23
75 28 0.5 23
68 26 0.5 23
68 25 0.5 23
70 26 0.5 23
69 26 0.5 23
69 25 0.5 23
69 24 0.5 23
76 24 0.5 23
67 22 0.5 23
69 23 0.5 23
68 23 0.5 23
67 23 0.5 23
68 24 0.5 23
66 22 0.5 23
69 22 0.5 23
12 26 0.5 57
12 27 0.5 57
13 26 0.5 57
11 27 0.5 57
14 26 0.5 57
9 25 0.5 57
9 26 0.5 57
10 26 0.5 57
11 26 0.5 57
8 25 0.5 57
9 27 0.5 57
15 26 0.5 57
16 26 0.5 57
14 25 0.5 57
13 25 0.5 57
18 28 0.5 57
17 28 0.5 57
17 27 0.5 57
17 25 0.5 57
17 26 0.5 57
18 24 0.5 57
18 25 0.5 57
19 29 0.5 57
19 28 0.5 57
9 24 0.5 57
8 24 0.5 57
8 23 0.5 57
22 29 0.5 57
21 29 0.5 57
21 28 0.5 57
20 29 0.5 57
20 30 0.5 57
18 34 0.5 57
18 35 0.5 57
17 38 0.5 57
17 37 0.5 57
17 36 0.5 57
17 35 0.5 57
19 34 0.5 57
19 35 0.5 57
22 31 0.5 57
21 31 0.5 57
22 32 0.5 57
20 31 0.5 57
21 30 0.5 57
23 32 0.5 57
20 32 0.5 57
19 32 0.5 57
19 33 0.5 57
24 33 0.5 57
23 33 0.5 57
23 34 0.5 57
25 33 0.5 57
26 33 0.5 57
27 33 0.5 57
13 28 0.5 57
12 28 0.5 57
25 65 0.5 37
25 64 0.5 37
23 65 0.5 37
23 66 0.5 37
24 65 0.5 37
22 62 0.5 37
23 64 0.5 37
23 62 0.5 37
23 63 0.5 37
24 70 0.5 37
25 70 0.5 37
23 70 0.5 37
22 71 0.5 37
23 71 0.5 37
24 71 0.5 37
25 68 0.5 37
24 68 0.5 37
23 69 0.5 37
23 68 0.5 37
22 67 0.5 37
22 68 0.5 37
26 70 0.5 37
26 69 0.5 37
26 71 0.5 37
27 70 0.5 37
26 68 0.5 37
27 68 0.5 37
28 71 0.5 37
29 71 0.5 37
27 71 0.5 37
28 70 0.5 37
28 67 0.5 37
27 67 0.5 37
26 65 0.5 37
27 65 0.5 37
27 66 0.5 37
26 66 0.5 37
78 38 0.5 19
79 38 0.5 19
79 39 0.5 19
77 37 0.5 19
76 37 0.5 19
77 38 0.5 19
77 36 0.5 19
79 37 0.5 19
80 37 0.5 19
81 37 0.5 19
82 37 0.5 19
83 37 0.5 19
81 38 0.5 19
84 37 0.5 19
84 38 0.5 19
83 38 0.5 19
83 39 0.5 19
85 37 0.5 19
85 36 0.5 19
33 75 0.5 4
34 75 0.5 4
35 75 0.5 4
35 76 0.5 4
87 87 0.5 43
87 88 0.5 43
87 86 0.5 43
89 87 0.5 43
89 88 0.5 43
89 86 0.5 43
88 88 0.5 43
89 85 0.5 43
87 85 0.5 43
88 85 0.5 43
87 83 0.5 43
87 84 0.5 43
88 83 0.5 43
86 85 0.5 43
86 84 0.5 43
89 93 0.5 43
90 93 0.5 43
88 93 0.5 43
88 92 0.5 43
89 94 0.5 43
86 91 0.5 43
87 91 0.5 43
87 90 0.5 43
88 91 0.5 43
87 89 0.5 43
88 89 0.5 43
91 93 0.5 43
84 82 0.5 43
84 81 0.5 43
83 80 0.5 43
84 80 0.5 43
84 83 0.5 43
84 84 0.5 43
83 83 0.5 43
85 84 0.5 43
85 88 0.5 43
85 87 0.5 43
84 87 0.5 43
83 85 0.5 43
84 85 0.5 43
83 86 0.5 43
83 87 0.5 43
82 85 0.5 43
41 19 0.5 55
41 18 0.5 55
40 18 0.5 55
37 19 0.5 55
37 18 0.5 55
38 18 0.5 55
39 18 0.5 55
36 19 0.5 55
35 19 0.5 55
35 20 0.5 55
35 18 0.5 55
33 21 0.5 55
33 22 0.5 55
35 21 0.5 55
34 21 0.5 55
34 19 0.5 55
32 21 0.5 55
41 20 0.5 55
41 21 0.5 55
36 27 0.5 55
37 26 0.5 55
36 26 0.5 55
35 26 0.5 55
35 22 0.5 55
35 24 0.5 55
35 23 0.5 55
35 25 0.5 55
36 25 0.5 55
34 23 0.5 55
44 25 0.5 55
44 24 0.5 55
42 24 0.5 55
43 24 0.5 55
45 24 0.5 55
42 25 0.5 55
42 26 0.5 55
41 25 0.5 55
42 23 0.5 55
42 22 0.5 55
42 21 0.5 55
44 9 0.5 55
44 10 0.5 55
45 10 0.5 55
42 12 0.5 55
43 12 0.5 55
43 13 0.5 55
44 12 0.5 55
44 11 0.5 55
43 19 0.5 55
43 17 0.5 55
42 18 0.5 55
43 18 0.5 55
43 16 0.5 55
43 15 0.5 55
43 14 0.5 55
19 48 0.5 15
18 48 0.5 15
18 49 0.5 15
20 49 0.5 15
20 48 0.5 15
21 49 0.5 15
20 50 0.5 15
23 49 0.5 15
23 48 0.5 15
22 49 0.5 15
22 50 0.5 15
22 51 0.5 15
21 50 0.5 15
19 47 0.5 15
18 47 0.5 15
79 1 0.5 34
79 2 0.5 34
78 1 0.5 34
78 0 0.5 34
76 1 0.5 34
77 2 0.5 34
76 2 0.5 34
77 1 0.5 34
78 99 0.5 34
82 2 0.5 34
82 3 0.5 34
81 2 0.5 34
80 2 0.5 34
80 3 0.5 34
86 1 0.5 34
85 1 0.5 34
85 0 0.5 34
84 0 0.5 34
83 0 0.5 34
83 1 0.5 34
82 1 0.5 34
82 99 0.5 34
81 99 0.5 34
80 99 0.5 34
79 99 0.5 34
81 98 0.5 34
81 97 0.5 34
79 98 0.5 34
79 97 0.5 34
81 94 0.5 34
81 95 0.5 34
81 96 0.5 34
80 94 0.5 34
80 93 0.5 34
40 47 0.5 6
40 46 0.5 6
40 44 0.5 6
40 45 0.5 6
39 43 0.5 6
39 44 0.5 6
74 42 0.5 12
74 43 0.5 12
73 43 0.5 12
75 42 0.5 12
76 44 0.5 12
76 43 0.5 12
75 44 0.5 12
74 44 0.5 12
77 44 0.5 12
76 45 0.5 12
74 41 0.5 12
75 41 0.5 12
28 95 0.5 22
27 95 0.5 22
28 96 0.5 22
27 96 0.5 22
28 94 0.5 22
27 93 0.5 22
27 94 0.5 22
26 93 0.5 22
25 93 0.5 22
28 93 0.5 22
27 92 0.5 22
26 92 0.5 22
25 92 0.5 22
29 95 0.5 22
24 1 0.5 22
24 0 0.5 22
25 99 0.5 22
25 0 0.5 22
26 98 0.5 22
25 98 0.5 22
26 97 0.5 22
27 97 0.5 22
95 5 0.5 22
94 5 0.5 22
93 5 0.5 22
97 3 0.5 22
97 4 0.5 22
97 2 0.5 22
98 2 0.5 22
95 4 0.5 22
96 4 0.5 22
98 1 0.5 22
93 4 0.5 22
93 3 0.5 22
98 0 0.5 22
92 4 0.5 22
99 1 0.5 22
0 1 0.5 22
95 6 0.5 22
99 2 0.5 22
91 6 0.5 22
91 5 0.5 22
91 4 0.5 22
95 7 0.5 22
85 54 0.5 27
86 54 0.5 27
87 54 0.5 27
87 53 0.5 27
84 54 0.5 27
88 53 0.5 27
85 53 0.5 27
82 56 0.5 27
82 55 0.5 27
83 55 0.5 27
82 59 0.5 27
82 57 0.5 27
82 58 0.5 27
83 54 0.5 27
88 52 0.5 27
86 56 0.5 27
86 55 0.5 27
86 57 0.5 27
87 57 0.5 27
88 57 0.5 27
85 56 0.5 27
87 52 0.5 27
87 50 0.5 27
87 51 0.5 27
88 51 0.5 27
85 50 0.5 27
86 50 0.5 27
52 95 0.5 24
51 95 0.5 24
50 94 0.5 24
51 94 0.5 24
51 93 0.5 24
50 90 0.5 24
52 90 0.5 24
52 91 0.5 24
51 90 0.5 24
53 91 0.5 24
52 92 0.5 24
51 92 0.5 24
49 90 0.5 24
46 92 0.5 24
46 93 0.5 24
46 95 0.5 24
46 94 0.5 24
48 95 0.5 24
47 95 0.5 24
48 94 0.5 24
49 93 0.5 24
49 94 0.5 24
45 95 0.5 24
45 94 0.5 24
10 56 0.5 31
9 56 0.5 31
11 57 0.5 31
11 56 0.5 31
6 58 0.5 31
5 58 0.5 31
5 59 0.5 31
6 59 0.5 31
4 59 0.5 31
4 61 0.5 31
4 60 0.5 31
5 62 0.5 31
6 61 0.5 31
5 61 0.5 31
7 58 0.5 31
7 57 0.5 31
7 56 0.5 31
7 61 0.5 31
8 56 0.5 31
8 55 0.5 31
11 52 0.5 31
11 53 0.5 31
11 54 0.5 31
11 55 0.5 31
10 55 0.5 31
9 55 0.5 31
6 63 0.5 31
5 63 0.5 31
3 61 0.5 31
3 62 0.5 31
3 63 0.5 31
54 23 0.5 13
52 22 0.5 13
52 21 0.5 13
52 23 0.5 13
53 22 0.5 13
53 23 0.5 13
54 22 0.5 13
52 18 0.5 13
52 19 0.5 13
52 20 0.5 13
51 23 0.5 13
50 24 0.5 13
50 23 0.5 13
49 46 0.5 10
50 46 0.5 10
50 45 0.5 10
49 47 0.5 10
49 48 0.5 10
50 48 0.5 10
51 48 0.5 10
47 48 0.5 10
48 48 0.5 10
50 44 0.5 10
62 37 0.5 17
63 37 0.5 17
61 37 0.5 17
59 35 0.5 17
60 35 0.5 17
58 35 0.5 17
61 36 0.5 17
60 36 0.5 17
58 32 0.5 17
58 33 0.5 17
58 34 0.5 17
60 37 0.5 17
64 37 0.5 17
64 36 0.5 17
64 38 0.5 17
57 34 0.5 17
57 35 0.5 17
24 60 0.5 1
50 76 0.5 19
49 75 0.5 19
49 74 0.5 19
50 75 0.5 19
48 74 0.5 19
50 77 0.5 19
51 78 0.5 19
50 78 0.5 19
49 73 0.5 19
54 78 0.5 19
53 78 0.5 19
52 78 0.5 19
55 80 0.5 19
54 80 0.5 19
54 79 0.5 19
53 79 0.5 19
51 79 0.5 19
52 79 0.5 19
52 80 0.5 19
32 40 0.5 23
33 40 0.5 23
31 40 0.5 23
32 39 0.5 23
31 42 0.5 23
31 41 0.5 23
30 42 0.5 23
29 42 0.5 23
37 38 0.5 23
37 39 0.5 23
38 38 0.5 23
34 39 0.5 23
35 39 0.5 23
36 39 0.5 23
34 40 0.5 23
34 41 0.5 23
33 41 0.5 23
36 37 0.5 23
37 37 0.5 23
35 37 0.5 23
35 36 0.5 23
34 36 0.5 23
36 36 0.5 23
82 14 0.5 7
82 15 0.5 7
83 15 0.5 7
83 14 0.5 7
84 15 0.5 7
85 15 0.5 7
85 14 0.5 7
65 88 0.5 16
66 88 0.5 16
64 88 0.5 16
63 88 0.5 16
64 89 0.5 16
70 89 0.5 16
70 88 0.5 16
67 89 0.5 16
68 89 0.5 16
69 89 0.5 16
67 88 0.5 16
69 88 0.5 16
71 89 0.5 16
63 89 0.5 16
62 89 0.5 16
61 89 0.5 16
55 70 0.5 3
55 69 0.5 3
55 68 0.5 3
60 19 0.5 24
60 17 0.5 24
61 17 0.5 24
61 19 0.5 24
61 18 0.5 24
62 20 0.5 24
62 19 0.5 24
63 19 0.5 24
64 19 0.5 24
64 18 0.5 24
63 17 0.5 24
64 17 0.5 24
65 17 0.5 24
60 20 0.5 24
65 19 0.5 24
66 19 0.5 24
69 19 0.5 24
68 19 0.5 24
67 19 0.5 24
59 16 0.5 24
57 16 0.5 24
58 16 0.5 24
59 17 0.5 24
65 20 0.5 24
33 3 0.5 8
34 4 0.5 8
33 4 0.5 8
35 4 0.5 8
36 4 0.5 8
32 2 0.5 8
32 3 0.5 8
31 3 0.5 8
77 92 0.5 4
78 92 0.5 4
78 94 0.5 4
78 93 0.5 4
15 16 0.5 9
16 17 0.5 9
15 17 0.5 9
16 18 0.5 9
14 17 0.5 9
13 16 0.5 9
14 16 0.5 9
12 16 0.5 9
12 17 0.5 9
16 11 0.5 34
15 11 0.5 34
16 13 0.5 34
15 13 0.5 34
15 12 0.5 34
16 14 0.5 34
15 10 0.5 34
16 10 0.5 34
17 10 0.5 34
16 9 0.5 34
16 8 0.5 34
15 9 0.5 34
14 8 0.5 34
15 8 0.5 34
13 8 0.5 34
17 14 0.5 34
18 13 0.5 34
18 15 0.5 34
18 14 0.5 34
12 8 0.5 34
12 7 0.5 34
11 7 0.5 34
11 8 0.5 34
10 6 0.5 34
11 6 0.5 34
9 6 0.5 34
16 5 0.5 34
16 6 0.5 34
15 7 0.5 34
16 7 0.5 34
15 5 0.5 34
14 5 0.5 34
14 4 0.5 34
13 5 0.5 34
80 12 0.5 9
79 12 0.5 9
79 13 0.5 9
78 12 0.5 9
81 12 0.5 9
77 14 0.5 9
77 13 0.5 9
77 12 0.5 9
76 12 0.5 9
12 94 0.5 8
13 94 0.5 8
12 93 0.5 8
13 93 0.5 8
14 94 0.5 8
14 93 0.5 8
15 93 0.5 8
14 95 0.5 8
9 82 0.5 9
11 81 0.5 9
11 82 0.5 9
10 82 0.5 9
11 85 0.5 9
10 85 0.5 9
10 84 0.5 9
10 83 0.5 9
10 86 0.5 9
65 48 0.5 17
66 48 0.5 17
64 48 0.5 17
64 49 0.5 17
64 50 0.5 17
64 51 0.5 17
63 52 0.5 17
63 53 0.5 17
63 51 0.5 17
64 54 0.5 17
63 54 0.5 17
62 50 0.5 17
63 50 0.5 17
64 47 0.5 17
64 46 0.5 17
64 45 0.5 17
63 45 0.5 17
89 25 0.5 20
89 26 0.5 20
88 27 0.5 20
89 27 0.5 20
87 27 0.5 20
90 27 0.5 20
90 26 0.5 20
88 26 0.5 20
92 26 0.5 20
91 26 0.5 20
87 23 0.5 20
87 24 0.5 20
87 25 0.5 20
87 26 0.5 20
88 23 0.5 20
87 29 0.5 20
87 28 0.5 20
89 29 0.5 20
88 29 0.5 20
90 29 0.5 20
88 35 0.5 2
87 35 0.5 2
94 52 0.5 8
93 52 0.5 8
92 52 0.5 8
93 51 0.5 8
94 53 0.5 8
91 50 0.5 8
91 51 0.5 8
91 52 0.5 8
34 59 0.5 19
35 61 0.5 19
34 60 0.5 19
34 61 0.5 19
41 62 0.5 19
40 62 0.5 19
39 62 0.5 19
38 62 0.5 19
37 62 0.5 19
36 60 0.5 19
37 61 0.5 19
36 61 0.5 19
41 61 0.5 19
41 60 0.5 19
41 59 0.5 19
42 58 0.5 19
42 57 0.5 19
42 59 0.5 19
34 62 0.5 19
49 35 0.5 2
49 34 0.5 2
51 62 0.5 9
51 63 0.5 9
52 63 0.5 9
52 62 0.5 9
50 63 0.5 9
53 63 0.5 9
51 64 0.5 9
51 65 0.5 9
52 65 0.5 9
44 35 0.5 1
32 71 0.5 2
32 70 0.5 2
95 30 0.5 21
95 31 0.5 21
96 31 0.5 21
96 29 0.5 21
95 29 0.5 21
94 29 0.5 21
98 28 0.5 21
99 28 0.5 21
0 28 0.5 21
0 27 0.5 21
98 29 0.5 21
97 28 0.5 21
96 28 0.5 21
96 27 0.5 21
2 27 0.5 21
1 27 0.5 21
3 29 0.5 21
4 29 0.5 21
2 30 0.5 21
2 29 0.5 21
2 28 0.5 21
95 74 0.5 12
95 73 0.5 12
96 75 0.5 12
95 75 0.5 12
96 69 0.5 12
96 70 0.5 12
96 71 0.5 12
97 69 0.5 12
95 70 0.5 12
95 72 0.5 12
96 72 0.5 12
97 72 0.5 12
27 8 0.5 18
27 7 0.5 18
27 6 0.5 18
26 10 0.5 18
26 8 0.5 18
26 9 0.5 18
25 10 0.5 18
24 10 0.5 18
23 10 0.5 18
30 10 0.5 18
30 11 0.5 18
29 10 0.5 18
29 9 0.5 18
30 12 0.5 18
29 12 0.5 18
28 9 0.5 18
28 8 0.5 18
23 9 0.5 18
7 41 0.5 14
6 41 0.5 14
8 40 0.5 14
9 40 0.5 14
9 41 0.5 14
10 41 0.5 14
8 41 0.5 14
7 40 0.5 14
7 39 0.5 14
7 38 0.5 14
8 38 0.5 14
9 38 0.5 14
10 39 0.5 14
9 39 0.5 14
0 9 0.5 1
65 58 0.5 17
66 58 0.5 17
66 60 0.5 17
66 59 0.5 17
67 59 0.5 17
64 58 0.5 17
68 59 0.5 17
69 59 0.5 17
70 59 0.5 17
71 56 0.5 17
71 55 0.5 17
71 54 0.5 17
70 54 0.5 17
71 58 0.5 17
70 58 0.5 17
71 57 0.5 17
72 54 0.5 17
17 77 0.5 2
16 77 0.5 2
4 83 0.5 16
2 86 0.5 16
3 84 0.5 16
2 84 0.5 16
2 85 0.5 16
3 83 0.5 16
1 87 0.5 16
2 87 0.5 16
2 88 0.5 16
3 88 0.5 16
3 89 0.5 16
1 85 0.5 16
3 90 0.5 16
3 91 0.5 16
2 92 0.5 16
3 92 0.5 16
40 66 0.5 10
39 66 0.5 10
38 66 0.5 10
38 64 0.5 10
38 65 0.5 10
41 66 0.5 10
40 67 0.5 10
39 67 0.5 10
42 67 0.5 10
42 66 0.5 10
14 81 0.5 3
15 81 0.5 3
16 81 0.5 3
97 41 0.5 4
96 42 0.5 4
96 43 0.5 4
97 42 0.5 4
23 91 0.5 7
23 92 0.5 7
21 89 0.5 7
21 88 0.5 7
22 91 0.5 7
21 90 0.5 7
22 90 0.5 7
64 85 0.5 2
65 85 0.5 2
32 56 0.5 10
31 56 0.5 10
33 56 0.5 10
31 58 0.5 10
31 57 0.5 10
30 57 0.5 10
30 56 0.5 10
34 55 0.5 10
34 54 0.5 10
33 55 0.5 10
57 55 0.5 6
57 56 0.5 6
55 55 0.5 6
55 56 0.5 6
56 56 0.5 6
55 57 0.5 6
41 90 0.5 10
41 89 0.5 10
40 90 0.5 10
40 89 0.5 10
37 90 0.5 10
39 90 0.5 10
38 92 0.5 10
38 91 0.5 10
38 90 0.5 10
38 93 0.5 10
98 35 0.5 3
99 34 0.5 3
98 34 0.5 3
84 6 0.5 2
84 7 0.5 2
78 65 0.5 10
79 65 0.5 10
80 65 0.5 10
75 66 0.5 10
75 65 0.5 10
75 67 0.5 10
77 66 0.5 10
78 66 0.5 10
76 66 0.5 10
74 65 0.5 10
33 99 0.5 2
33 98 0.5 2
97 14 0.5 6
97 13 0.5 6
98 14 0.5 6
96 15 0.5 6
97 15 0.5 6
95 15 0.5 6
57 40 0.5 1
29 17 0.5 2
30 17 0.5 2
58 2 0.5 3
57 3 0.5 3
58 3 0.5 3
99 89 0.5 7
0 88 0.5 7
0 89 0.5 7
99 91 0.5 7
0 91 0.5 7
99 90 0.5 7
1 91 0.5 7
89 39 0.5 1
34 87 0.5 5
33 88 0.5 5
33 87 0.5 5
31 87 0.5 5
32 87 0.5 5
74 71 0.5 7
74 72 0.5 7
74 73 0.5 7
75 73 0.5 7
73 73 0.5 7
72 74 0.5 7
72 73 0.5 7
37 10 0.5 4
38 10 0.5 4
38 9 0.5 4
38 8 0.5 4
34 78 0.5 5
35 78 0.5 5
37 78 0.5 5
36 78 0.5 5
34 77 0.5 5
70 83 0.5 1
25 40 0.5 1
18 61 0.5 1
54 99 0.5 1
82 63 0.5 2
82 64 0.5 2
6 94 0.5 1
6 2 0.5 1
96 53 0.5 1
8 77 0.5 2
9 77 0.5 2
30 79 0.5 1
61 40 0.5 1
19 96 0.5 1
40 78 0.5 1
