63 71 0.5 20
65 71 0.5 20
65 72 0.5 20
64 71 0.5 20
63 70 0.5 20
62 71 0.5 20
65 74 0.5 20
66 73 0.5 20
65 73 0.5 20
61 71 0.5 20
61 72 0.5 20
61 74 0.5 20
61 73 0.5 20
60 72 0.5 20
59 69 0.5 20
59 71 0.5 20
59 72 0.5 20
58 72 0.5 20
59 70 0.5 20
58 73 0.5 20
3 22 0.5 3
2 22 0.5 3
2 21 0.5 3
16 67 0.5 10
15 67 0.5 10
15 65 0.5 10
14 65 0.5 10
15 66 0.5 10
13 68 0.5 10
14 68 0.5 10
12 68 0.5 10
15 68 0.5 10
11 68 0.5 10
4 46 0.5 16
5 46 0.5 16
6 46 0.5 16
3 46 0.5 16
10 46 0.5 16
9 46 0.5 16
9 47 0.5 16
8 47 0.5 16
7 46 0.5 16
8 46 0.5 16
7 45 0.5 16
10 47 0.5 16
4 45 0.5 16
10 49 0.5 16
10 48 0.5 16
11 48 0.5 16
73 27 0.5 23
71 27 0.5 23
72 27 0.5 23
74 27 0.5 23
76 27 0.5 23
75 27 0.5 23
76 26 0.5 23
75 28 0.5 23
75 29 0.5 23
68 27 0.5 23
68 26 0.5 23
70 27 0.5 23
69 27 0.5 23
69 26 0.5 23
69 25 0.5 23
76 25 0.5 23
67 23 0.5 23
69 24 0.5 23
68 24 0.5 23
67 24 0.5 23
68 25 0.5 23
66 23 0.5 23
69 23 0.5 23
11 26 0.5 57
11 27 0.5 57
12 26 0.5 57
10 27 0.5 57
13 26 0.5 57
8 25 0.5 57
8 26 0.5 57
9 26 0.5 57
10 26 0.5 57
7 25 0.5 57
8 27 0.5 57
14 26 0.5 57
15 26 0.5 57
13 25 0.5 57
12 25 0.5 57
17 28 0.5 57
16 28 0.5 57
16 27 0.5 57
16 25 0.5 57
16 26 0.5 57
17 24 0.5 57
17 25 0.5 57
18 29 0.5 57
18 28 0.5 57
8 24 0.5 57
7 24 0.5 57
7 23 0.5 57
21 29 0.5 57
20 29 0.5 57
20 28 0.5 57
19 29 0.5 57
19 30 0.5 57
17 34 0.5 57
17 35 0.5 57
16 38 0.5 57
16 37 0.5 57
16 36 0.5 57
16 35 0.5 57
18 34 0.5 57
18 35 0.5 57
21 31 0.5 57
20 31 0.5 57
21 32 0.5 57
19 31 0.5 57
20 30 0.5 57
22 32 0.5 57
19 32 0.5 57
18 32 0.5 57
18 33 0.5 57
23 33 0.5 57
22 33 0.5 57
22 34 0.5 57
24 33 0.5 57
25 33 0.5 57
26 33 0.5 57
12 28 0.5 57
11 28 0.5 57
26 65 0.5 37
26 64 0.5 37
24 65 0.5 37
24 66 0.5 37
25 65 0.5 37
23 62 0.5 37
24 64 0.5 37
24 62 0.5 37
24 63 0.5 37
25 70 0.5 37
26 70 0.5 37
24 70 0.5 37
23 71 0.5 37
24 71 0.5 37
25 71 0.5 37
26 68 0.5 37
25 68 0.5 37
24 69 0.5 37
24 68 0.5 37
23 67 0.5 37
23 68 0.5 37
27 70 0.5 37
27 69 0.5 37
27 71 0.5 37
28 70 0.5 37
27 68 0.5 37
28 68 0.5 37
29 71 0.5 37
30 71 0.5 37
28 71 0.5 37
29 70 0.5 37
29 67 0.5 37
28 67 0.5 37
27 65 0.5 37
28 65 0.5 37
28 66 0.5 37
27 66 0.5 37
77 38 0.5 19
78 38 0.5 19
78 39 0.5 19
76 37 0.5 19
75 37 0.5 19
76 38 0.5 19
76 36 0.5 19
78 37 0.5 19
79 37 0.5 19
80 37 0.5 19
81 37 0.5 19
82 37 0.5 19
80 38 0.5 19
83 37 0.5 19
83 38 0.5 19
82 38 0.5 19
82 39 0.5 19
84 37 0.5 19
84 36 0.5 19
33 74 0.5 4
34 74 0.5 4
35 74 0.5 4
35 75 0.5 4
88 87 0.5 43
88 88 0.5 43
88 86 0.5 43
90 87 0.5 43
90 88 0.5 43
90 86 0.5 43
89 88 0.5 43
90 85 0.5 43
88 85 0.5 43
89 85 0.5 43
88 83 0.5 43
88 84 0.5 43
89 83 0.5 43
87 85 0.5 43
87 84 0.5 43
90 93 0.5 43
91 93 0.5 43
89 93 0.5 43
89 92 0.5 43
90 94 0.5 43
87 91 0.5 43
88 91 0.5 43
88 90 0.5 43
89 91 0.5 43
88 89 0.5 43
89 89 0.5 43
92 93 0.5 43
85 82 0.5 43
85 81 0.5 43
84 80 0.5 43
85 80 0.5 43
85 83 0.5 43
85 84 0.5 43
84 83 0.5 43
86 84 0.5 43
86 88 0.5 43
86 87 0.5 43
85 87 0.5 43
84 85 0.5 43
85 85 0.5 43
84 86 0.5 43
84 87 0.5 43
83 85 0.5 43
41 20 0.5 55
41 19 0.5 55
40 19 0.5 55
37 20 0.5 55
37 19 0.5 55
38 19 0.5 55
39 19 0.5 55
36 20 0.5 55
35 20 0.5 55
35 21 0.5 55
35 19 0.5 55
33 22 0.5 55
33 23 0.5 55
35 22 0.5 55
34 22 0.5 55
34 20 0.5 55
32 22 0.5 55
41 21 0.5 55
41 22 0.5 55
36 28 0.5 55
37 27 0.5 55
36 27 0.5 55
35 27 0.5 55
35 23 0.5 55
35 25 0.5 55
35 24 0.5 55
35 26 0.5 55
36 26 0.5 55
34 24 0.5 55
44 26 0.5 55
44 25 0.5 55
42 25 0.5 55
43 25 0.5 55
45 25 0.5 55
42 26 0.5 55
42 27 0.5 55
41 26 0.5 55
42 24 0.5 55
42 23 0.5 55
42 22 0.5 55
44 10 0.5 55
44 11 0.5 55
45 11 0.5 55
42 13 0.5 55
43 13 0.5 55
43 14 0.5 55
44 13 0.5 55
44 12 0.5 55
43 20 0.5 55
43 18 0.5 55
42 19 0.5 55
43 19 0.5 55
43 17 0.5 55
43 16 0.5 55
43 15 0.5 55
20 48 0.5 15
19 48 0.5 15
19 49 0.5 15
21 49 0.5 15
21 48 0.5 15
22 49 0.5 15
21 50 0.5 15
24 49 0.5 15
24 48 0.5 15
23 49 0.5 15
23 50 0.5 15
23 51 0.5 15
22 50 0.5 15
20 47 0.5 15
19 47 0.5 15
80 1 0.5 34
80 2 0.5 34
79 1 0.5 34
79 0 0.5 34
77 1 0.5 34
78 2 0.5 34
77 2 0.5 34
78 1 0.5 34
79 99 0.5 34
83 2 0.5 34
83 3 0.5 34
82 2 0.5 34
81 2 0.5 34
81 3 0.5 34
87 1 0.5 34
86 1 0.5 34
86 0 0.5 34
85 0 0.5 34
84 0 0.5 34
84 1 0.5 34
83 1 0.5 34
83 99 0.5 34
82 99 0.5 34
81 99 0.5 34
80 99 0.5 34
82 98 0.5 34
82 97 0.5 34
80 98 0.5 34
80 97 0.5 34
82 94 0.5 34
82 95 0.5 34
82 96 0.5 34
81 94 0.5 34
81 93 0.5 34
41 47 0.5 6
41 46 0.5 6
41 44 0.5 6
41 45 0.5 6
40 43 0.5 6
40 44 0.5 6
73 42 0.5 12
73 43 0.5 12
72 43 0.5 12
74 42 0.5 12
75 44 0.5 12
75 43 0.5 12
74 44 0.5 12
73 44 0.5 12
76 44 0.5 12
75 45 0.5 12
73 41 0.5 12
74 41 0.5 12
28 96 0.5 22
27 96 0.5 22
28 97 0.5 22
27 97 0.5 22
28 95 0.5 22
27 94 0.5 22
27 95 0.5 22
26 94 0.5 22
25 94 0.5 22
28 94 0.5 22
27 93 0.5 22
26 93 0.5 22
25 93 0.5 22
29 96 0.5 22
24 2 0.5 22
24 1 0.5 22
25 0 0.5 22
25 1 0.5 22
26 99 0.5 22
25 99 0.5 22
26 98 0.5 22
27 98 0.5 22
94 5 0.5 22
93 5 0.5 22
92 5 0.5 22
96 3 0.5 22
96 4 0.5 22
96 2 0.5 22
97 2 0.5 22
94 4 0.5 22
95 4 0.5 22
97 1 0.5 22
92 4 0.5 22
92 3 0.5 22
97 0 0.5 22
91 4 0.5 22
98 1 0.5 22
99 1 0.5 22
94 6 0.5 22
98 2 0.5 22
90 6 0.5 22
90 5 0.5 22
90 4 0.5 22
94 7 0.5 22
86 54 0.5 27
87 54 0.5 27
88 54 0.5 27
88 53 0.5 27
85 54 0.5 27
89 53 0.5 27
86 53 0.5 27
83 56 0.5 27
83 55 0.5 27
84 55 0.5 27
83 59 0.5 27
83 57 0.5 27
83 58 0.5 27
84 54 0.5 27
89 52 0.5 27
87 56 0.5 27
87 55 0.5 27
87 57 0.5 27
88 57 0.5 27
89 57 0.5 27
86 56 0.5 27
88 52 0.5 27
88 50 0.5 27
88 51 0.5 27
89 51 0.5 27
86 50 0.5 27
87 50 0.5 27
52 96 0.5 24
51 96 0.5 24
50 95 0.5 24
51 95 0.5 24
51 94 0.5 24
50 91 0.5 24
52 91 0.5 24
52 92 0.5 24
51 91 0.5 24
53 92 0.5 24
52 93 0.5 24
51 93 0.5 24
49 91 0.5 24
46 93 0.5 24
46 94 0.5 24
46 96 0.5 24
46 95 0.5 24
48 96 0.5 24
47 96 0.5 24
48 95 0.5 24
49 94 0.5 24
49 95 0.5 24
45 96 0.5 24
45 95 0.5 24
9 56 0.5 31
8 56 0.5 31
10 57 0.5 31
10 56 0.5 31
5 58 0.5 31
4 58 0.5 31
4 59 0.5 31
5 59 0.5 31
3 59 0.5 31
3 61 0.5 31
3 60 0.5 31
4 62 0.5 31
5 61 0.5 31
4 61 0.5 31
6 58 0.5 31
6 57 0.5 31
6 56 0.5 31
6 61 0.5 31
7 56 0.5 31
7 55 0.5 31
10 52 0.5 31
10 53 0.5 31
10 54 0.5 31
10 55 0.5 31
9 55 0.5 31
8 55 0.5 31
5 63 0.5 31
4 63 0.5 31
2 61 0.5 31
2 62 0.5 31
2 63 0.5 31
55 23 0.5 13
53 22 0.5 13
53 21 0.5 13
53 23 0.5 13
54 22 0.5 13
54 23 0.5 13
55 22 0.5 13
53 18 0.5 13
53 19 0.5 13
53 20 0.5 13
52 23 0.5 13
51 24 0.5 13
51 23 0.5 13
49 47 0.5 10
50 47 0.5 10
50 46 0.5 10
49 48 0.5 10
49 49 0.5 10
50 49 0.5 10
51 49 0.5 10
47 49 0.5 10
48 49 0.5 10
50 45 0.5 10
63 37 0.5 17
64 37 0.5 17
62 37 0.5 17
60 35 0.5 17
61 35 0.5 17
59 35 0.5 17
62 36 0.5 17
61 36 0.5 17
59 32 0.5 17
59 33 0.5 17
59 34 0.5 17
61 37 0.5 17
65 37 0.5 17
65 36 0.5 17
65 38 0.5 17
58 34 0.5 17
58 35 0.5 17
23 60 0.5 1
50 77 0.5 19
49 76 0.5 19
49 75 0.5 19
50 76 0.5 19
48 75 0.5 19
50 78 0.5 19
51 79 0.5 19
50 79 0.5 19
49 74 0.5 19
54 79 0.5 19
53 79 0.5 19
52 79 0.5 19
55 81 0.5 19
54 81 0.5 19
54 80 0.5 19
53 80 0.5 19
51 80 0.5 19
52 80 0.5 19
52 81 0.5 19
31 40 0.5 23
32 40 0.5 23
30 40 0.5 23
31 39 0.5 23
30 42 0.5 23
30 41 0.5 23
29 42 0.5 23
28 42 0.5 23
36 38 0.5 23
36 39 0.5 23
37 38 0.5 23
33 39 0.5 23
34 39 0.5 23
35 39 0.5 23
33 40 0.5 23
33 41 0.5 23
32 41 0.5 23
35 37 0.5 23
36 37 0.5 23
34 37 0.5 23
34 36 0.5 23
33 36 0.5 23
35 36 0.5 23
81 14 0.5 7
81 15 0.5 7
82 15 0.5 7
82 14 0.5 7
83 15 0.5 7
84 15 0.5 7
84 14 0.5 7
64 88 0.5 16
65 88 0.5 16
63 88 0.5 16
62 88 0.5 16
63 89 0.5 16
69 89 0.5 16
69 88 0.5 16
66 89 0.5 16
67 89 0.5 16
68 89 0.5 16
66 88 0.5 16
68 88 0.5 16
70 89 0.5 16
62 89 0.5 16
61 89 0.5 16
60 89 0.5 16
54 70 0.5 3
54 69 0.5 3
54 68 0.5 3
61 19 0.5 24
61 17 0.5 24
62 17 0.5 24
62 19 0.5 24
62 18 0.5 24
63 20 0.5 24
63 19 0.5 24
64 19 0.5 24
65 19 0.5 24
65 18 0.5 24
64 17 0.5 24
65 17 0.5 24
66 17 0.5 24
61 20 0.5 24
66 19 0.5 24
67 19 0.5 24
70 19 0.5 24
69 19 0.5 24
68 19 0.5 24
60 16 0.5 24
58 16 0.5 24
59 16 0.5 24
60 17 0.5 24
66 20 0.5 24
32 3 0.5 8
33 4 0.5 8
32 4 0.5 8
34 4 0.5 8
35 4 0.5 8
31 2 0.5 8
31 3 0.5 8
30 3 0.5 8
77 91 0.5 4
78 91 0.5 4
78 93 0.5 4
78 92 0.5 4
15 15 0.5 9
16 16 0.5 9
15 16 0.5 9
16 17 0.5 9
14 16 0.5 9
13 15 0.5 9
14 15 0.5 9
12 15 0.5 9
12 16 0.5 9
17 11 0.5 34
16 11 0.5 34
17 13 0.5 34
16 13 0.5 34
16 12 0.5 34
17 14 0.5 34
16 10 0.5 34
17 10 0.5 34
18 10 0.5 34
17 9 0.5 34
17 8 0.5 34
16 9 0.5 34
15 8 0.5 34
16 8 0.5 34
14 8 0.5 34
18 14 0.5 34
19 13 0.5 34
19 15 0.5 34
19 14 0.5 34
13 8 0.5 34
13 7 0.5 34
12 7 0.5 34
12 8 0.5 34
11 6 0.5 34
12 6 0.5 34
10 6 0.5 34
17 5 0.5 34
17 6 0.5 34
16 7 0.5 34
17 7 0.5 34
16 5 0.5 34
15 5 0.5 34
15 4 0.5 34
14 5 0.5 34
81 12 0.5 9
80 12 0.5 9
80 13 0.5 9
79 12 0.5 9
82 12 0.5 9
78 14 0.5 9
78 13 0.5 9
78 12 0.5 9
77 12 0.5 9
11 94 0.5 8
12 94 0.5 8
11 93 0.5 8
12 93 0.5 8
13 94 0.5 8
13 93 0.5 8
14 93 0.5 8
13 95 0.5 8
9 81 0.5 9
11 80 0.5 9
11 81 0.5 9
10 81 0.5 9
11 84 0.5 9
10 84 0.5 9
10 83 0.5 9
10 82 0.5 9
10 85 0.5 9
66 48 0.5 17
67 48 0.5 17
65 48 0.5 17
65 49 0.5 17
65 50 0.5 17
65 51 0.5 17
64 52 0.5 17
64 53 0.5 17
64 51 0.5 17
65 54 0.5 17
64 54 0.5 17
63 50 0.5 17
64 50 0.5 17
65 47 0.5 17
65 46 0.5 17
65 45 0.5 17
64 45 0.5 17
90 25 0.5 20
90 26 0.5 20
89 27 0.5 20
90 27 0.5 20
88 27 0.5 20
91 27 0.5 20
91 26 0.5 20
89 26 0.5 20
93 26 0.5 20
92 26 0.5 20
88 23 0.5 20
88 24 0.5 20
88 25 0.5 20
88 26 0.5 20
89 23 0.5 20
88 29 0.5 20
88 28 0.5 20
90 29 0.5 20
89 29 0.5 20
91 29 0.5 20
89 35 0.5 2
88 35 0.5 2
94 53 0.5 8
93 53 0.5 8
92 53 0.5 8
93 52 0.5 8
94 54 0.5 8
91 51 0.5 8
91 52 0.5 8
91 53 0.5 8
34 58 0.5 19
35 60 0.5 19
34 59 0.5 19
34 60 0.5 19
41 61 0.5 19
40 61 0.5 19
39 61 0.5 19
38 61 0.5 19
37 61 0.5 19
36 59 0.5 19
37 60 0.5 19
36 60 0.5 19
41 60 0.5 19
41 59 0.5 19
41 58 0.5 19
42 57 0.5 19
42 56 0.5 19
42 58 0.5 19
34 61 0.5 19
49 34 0.5 2
49 33 0.5 2
51 61 0.5 9
51 62 0.5 9
52 62 0.5 9
52 61 0.5 9
50 62 0.5 9
53 62 0.5 9
51 63 0.5 9
51 64 0.5 9
52 64 0.5 9
45 35 0.5 1
32 70 0.5 2
32 69 0.5 2
94 30 0.5 21
94 31 0.5 21
95 31 0.5 21
95 29 0.5 21
94 29 0.5 21
93 29 0.5 21
97 28 0.5 21
98 28 0.5 21
99 28 0.5 21
99 27 0.5 21
97 29 0.5 21
96 28 0.5 21
95 28 0.5 21
95 27 0.5 21
1 27 0.5 21
0 27 0.5 21
2 29 0.5 21
3 29 0.5 21
1 30 0.5 21
1 29 0.5 21
1 28 0.5 21
94 74 0.5 12
94 73 0.5 12
95 75 0.5 12
94 75 0.5 12
95 69 0.5 12
95 70 0.5 12
95 71 0.5 12
96 69 0.5 12
94 70 0.5 12
94 72 0.5 12
95 72 0.5 12
96 72 0.5 12
27 9 0.5 18
27 8 0.5 18
27 7 0.5 18
26 11 0.5 18
26 9 0.5 18
26 10 0.5 18
25 11 0.5 18
24 11 0.5 18
23 11 0.5 18
30 11 0.5 18
30 12 0.5 18
29 11 0.5 18
29 10 0.5 18
30 13 0.5 18
29 13 0.5 18
28 10 0.5 18
28 9 0.5 18
23 10 0.5 18
6 41 0.5 14
5 41 0.5 14
7 40 0.5 14
8 40 0.5 14
8 41 0.5 14
9 41 0.5 14
7 41 0.5 14
6 40 0.5 14
6 39 0.5 14
6 38 0.5 14
7 38 0.5 14
8 38 0.5 14
9 39 0.5 14
8 39 0.5 14
0 10 0.5 1
66 58 0.5 17
67 58 0.5 17
67 60 0.5 17
67 59 0.5 17
68 59 0.5 17
65 58 0.5 17
69 59 0.5 17
70 59 0.5 17
71 59 0.5 17
72 56 0.5 17
72 55 0.5 17
72 54 0.5 17
71 54 0.5 17
72 58 0.5 17
71 58 0.5 17
72 57 0.5 17
73 54 0.5 17
16 77 0.5 2
15 77 0.5 2
5 83 0.5 16
3 86 0.5 16
4 84 0.5 16
3 84 0.5 16
3 85 0.5 16
4 83 0.5 16
2 87 0.5 16
3 87 0.5 16
3 88 0.5 16
4 88 0.5 16
4 89 0.5 16
2 85 0.5 16
4 90 0.5 16
4 91 0.5 16
3 92 0.5 16
4 92 0.5 16
41 66 0.5 10
40 66 0.5 10
39 66 0.5 10
39 64 0.5 10
39 65 0.5 10
42 66 0.5 10
41 67 0.5 10
40 67 0.5 10
43 67 0.5 10
43 66 0.5 10
13 81 0.5 3
14 81 0.5 3
15 81 0.5 3
97 42 0.5 4
96 43 0.5 4
96 44 0.5 4
97 43 0.5 4
22 91 0.5 7
22 92 0.5 7
20 89 0.5 7
20 88 0.5 7
21 91 0.5 7
20 90 0.5 7
21 90 0.5 7
64 84 0.5 2
65 84 0.5 2
32 55 0.5 10
31 55 0.5 10
33 55 0.5 10
31 57 0.5 10
31 56 0.5 10
30 56 0.5 10
30 55 0.5 10
34 54 0.5 10
34 53 0.5 10
33 54 0.5 10
57 56 0.5 6
57 57 0.5 6
55 56 0.5 6
55 57 0.5 6
56 57 0.5 6
55 58 0.5 6
42 90 0.5 10
42 89 0.5 10
41 90 0.5 10
41 89 0.5 10
38 90 0.5 10
40 90 0.5 10
39 92 0.5 10
39 91 0.5 10
39 90 0.5 10
39 93 0.5 10
98 34 0.5 3
99 33 0.5 3
98 33 0.5 3
84 7 0.5 2
84 8 0.5 2
78 64 0.5 10
79 64 0.5 10
80 64 0.5 10
75 65 0.5 10
75 64 0.5 10
75 66 0.5 10
77 65 0.5 10
78 65 0.5 10
76 65 0.5 10
74 64 0.5 10
34 99 0.5 2
34 98 0.5 2
97 15 0.5 6
97 14 0.5 6
98 15 0.5 6
96 16 0.5 6
97 16 0.5 6
95 16 0.5 6
57 41 0.5 1
28 17 0.5 2
29 17 0.5 2
58 1 0.5 3
57 2 0.5 3
58 2 0.5 3
99 90 0.5 7
0 89 0.5 7
0 90 0.5 7
99 92 0.5 7
0 92 0.5 7
99 91 0.5 7
1 92 0.5 7
90 39 0.5 1
34 86 0.5 5
33 87 0.5 5
33 86 0.5 5
31 86 0.5 5
32 86 0.5 5
73 71 0.5 7
73 72 0.5 7
73 73 0.5 7
74 73 0.5 7
72 73 0.5 7
71 74 0.5 7
71 73 0.5 7
37 11 0.5 4
38 11 0.5 4
38 10 0.5 4
38 9 0.5 4
33 78 0.5 5
34 78 0.5 5
36 78 0.5 5
35 78 0.5 5
33 77 0.5 5
70 84 0.5 1
24 40 0.5 1
17 61 0.5 1
54 0 0.5 1
83 63 0.5 2
83 64 0.5 2
5 94 0.5 1
6 3 0.5 1
97 53 0.5 1
7 77 0.5 2
8 77 0.5 2
30 78 0.5 1
61 39 0.5 1
19 95 0.5 1
40 77 0.5 1
