63 70 0.5 20
65 70 0.5 20
65 71 0.5 20
64 70 0.5 20
63 69 0.5 20
62 70 0.5 20
65 73 0.5 20
66 72 0.5 20
65 72 0.5 20
61 70 0.5 20
61 71 0.5 20
61 73 0.5 20
61 72 0.5 20
60 71 0.5 20
59 68 0.5 20
59 70 0.5 20
59 71 0.5 20
58 71 0.5 20
59 69 0.5 20
58 72 0.5 20
3 21 0.5 3
2 21 0.5 3
2 20 0.5 3
16 68 0.5 10
15 68 0.5 10
15 66 0.5 10
14 66 0.5 10
15 67 0.5 10
13 69 0.5 10
14 69 0.5 10
12 69 0.5 10
15 69 0.5 10
11 69 0.5 10
4 45 0.5 16
5 45 0.5 16
6 45 0.5 16
3 45 0.5 16
10 45 0.5 16
9 45 0.5 16
9 46 0.5 16
8 46 0.5 16
7 45 0.5 16
8 45 0.5 16
7 44 0.5 16
10 46 0.5 16
4 44 0.5 16
10 48 0.5 16
10 47 0.5 16
11 47 0.5 16
72 27 0.5 23
70 27 0.5 23
71 27 0.5 23
73 27 0.5 23
75 27 0.5 23
74 27 0.5 23
75 26 0.5 23
74 28 0.5 23
74 29 0.5 23
67 27 0.5 23
67 26 0.5 23
69 27 0.5 23
68 27 0.5 23
68 26 0.5 23
68 25 0.5 23
75 25 0.5 23
66 23 0.5 23
68 24 0.5 23
67 24 0.5 23
66 24 0.5 23
67 25 0.5 23
65 23 0.5 23
68 23 0.5 23
11 25 0.5 57
11 26 0.5 57
12 25 0.5 57
10 26 0.5 57
13 25 0.5 57
8 24 0.5 57
8 25 0.5 57
9 25 0.5 57
10 25 0.5 57
7 24 0.5 57
8 26 0.5 57
14 25 0.5 57
15 25 0.5 57
13 24 0.5 57
12 24 0.5 57
17 27 0.5 57
16 27 0.5 57
16 26 0.5 57
16 24 0.5 57
16 25 0.5 57
17 23 0.5 57
17 24 0.5 57
18 28 0.5 57
18 27 0.5 57
8 23 0.5 57
7 23 0.5 57
7 22 0.5 57
21 28 0.5 57
20 28 0.5 57
20 27 0.5 57
19 28 0.5 57
19 29 0.5 57
17 33 0.5 57
17 34 0.5 57
16 37 0.5 57
16 36 0.5 57
16 35 0.5 57
16 34 0.5 57
18 33 0.5 57
18 34 0.5 57
21 30 0.5 57
20 30 0.5 57
21 31 0.5 57
19 30 0.5 57
20 29 0.5 57
22 31 0.5 57
19 31 0.5 57
18 31 0.5 57
18 32 0.5 57
23 32 0.5 57
22 32 0.5 57
22 33 0.5 57
24 32 0.5 57
25 32 0.5 57
26 32 0.5 57
12 27 0.5 57
11 27 0.5 57
26 64 0.5 38
26 63 0.5 38
24 64 0.5 38
24 65 0.5 38
25 64 0.5 38
23 61 0.5 38
24 63 0.5 38
24 61 0.5 38
24 62 0.5 38
25 69 0.5 38
26 69 0.5 38
24 69 0.5 38
23 70 0.5 38
24 70 0.5 38
25 70 0.5 38
26 67 0.5 38
25 67 0.5 38
24 68 0.5 38
24 67 0.5 38
23 66 0.5 38
23 67 0.5 38
27 69 0.5 38
27 68 0.5 38
27 70 0.5 38
28 69 0.5 38
27 67 0.5 38
28 67 0.5 38
29 70 0.5 38
30 70 0.5 38
28 70 0.5 38
29 69 0.5 38
29 66 0.5 38
28 66 0.5 38
27 64 0.5 38
28 64 0.5 38
28 65 0.5 38
27 65 0.5 38
23 60 0.5 38
77 39 0.5 19
78 39 0.5 19
78 40 0.5 19
76 38 0.5 19
75 38 0.5 19
76 39 0.5 19
76 37 0.5 19
78 38 0.5 19
79 38 0.5 19
80 38 0.5 19
81 38 0.5 19
82 38 0.5 19
80 39 0.5 19
83 38 0.5 19
83 39 0.5 19
82 39 0.5 19
82 40 0.5 19
84 38 0.5 19
84 37 0.5 19
33 73 0.5 4
34 73 0.5 4
35 73 0.5 4
35 74 0.5 4
88 88 0.5 43
88 89 0.5 43
88 87 0.5 43
90 88 0.5 43
90 89 0.5 43
90 87 0.5 43
89 89 0.5 43
90 86 0.5 43
88 86 0.5 43
89 86 0.5 43
88 84 0.5 43
88 85 0.5 43
89 84 0.5 43
87 86 0.5 43
87 85 0.5 43
90 94 0.5 43
91 94 0.5 43
89 94 0.5 43
89 93 0.5 43
90 95 0.5 43
87 92 0.5 43
88 92 0.5 43
88 91 0.5 43
89 92 0.5 43
88 90 0.5 43
89 90 0.5 43
92 94 0.5 43
85 83 0.5 43
85 82 0.5 43
84 81 0.5 43
85 81 0.5 43
85 84 0.5 43
85 85 0.5 43
84 84 0.5 43
86 85 0.5 43
86 89 0.5 43
86 88 0.5 43
85 88 0.5 43
84 86 0.5 43
85 86 0.5 43
84 87 0.5 43
84 88 0.5 43
83 86 0.5 43
40 20 0.5 55
40 19 0.5 55
39 19 0.5 55
36 20 0.5 55
36 19 0.5 55
37 19 0.5 55
38 19 0.5 55
35 20 0.5 55
34 20 0.5 55
34 21 0.5 55
34 19 0.5 55
32 22 0.5 55
32 23 0.5 55
34 22 0.5 55
33 22 0.5 55
33 20 0.5 55
31 22 0.5 55
40 21 0.5 55
40 22 0.5 55
35 28 0.5 55
36 27 0.5 55
35 27 0.5 55
34 27 0.5 55
34 23 0.5 55
34 25 0.5 55
34 24 0.5 55
34 26 0.5 55
35 26 0.5 55
33 24 0.5 55
43 26 0.5 55
43 25 0.5 55
41 25 0.5 55
42 25 0.5 55
44 25 0.5 55
41 26 0.5 55
41 27 0.5 55
40 26 0.5 55
41 24 0.5 55
41 23 0.5 55
41 22 0.5 55
43 10 0.5 55
43 11 0.5 55
44 11 0.5 55
41 13 0.5 55
42 13 0.5 55
42 14 0.5 55
43 13 0.5 55
43 12 0.5 55
42 20 0.5 55
42 18 0.5 55
41 19 0.5 55
42 19 0.5 55
42 17 0.5 55
42 16 0.5 55
42 15 0.5 55
21 48 0.5 15
20 48 0.5 15
20 49 0.5 15
22 49 0.5 15
22 48 0.5 15
23 49 0.5 15
22 50 0.5 15
25 49 0.5 15
25 48 0.5 15
24 49 0.5 15
24 50 0.5 15
24 51 0.5 15
23 50 0.5 15
21 47 0.5 15
20 47 0.5 15
79 1 0.5 34
79 2 0.5 34
78 1 0.5 34
78 0 0.5 34
76 1 0.5 34
77 2 0.5 34
76 2 0.5 34
77 1 0.5 34
78 99 0.5 34
82 2 0.5 34
82 3 0.5 34
81 2 0.5 34
80 2 0.5 34
80 3 0.5 34
86 1 0.5 34
85 1 0.5 34
85 0 0.5 34
84 0 0.5 34
83 0 0.5 34
83 1 0.5 34
82 1 0.5 34
82 99 0.5 34
81 99 0.5 34
80 99 0.5 34
79 99 0.5 34
81 98 0.5 34
81 97 0.5 34
79 98 0.5 34
79 97 0.5 34
81 94 0.5 34
81 95 0.5 34
81 96 0.5 34
80 94 0.5 34
80 93 0.5 34
40 47 0.5 6
40 46 0.5 6
40 44 0.5 6
40 45 0.5 6
39 43 0.5 6
39 44 0.5 6
73 41 0.5 12
73 42 0.5 12
72 42 0.5 12
74 41 0.5 12
75 43 0.5 12
75 42 0.5 12
74 43 0.5 12
73 43 0.5 12
76 43 0.5 12
75 44 0.5 12
73 40 0.5 12
74 40 0.5 12
28 95 0.5 22
27 95 0.5 22
28 96 0.5 22
27 96 0.5 22
28 94 0.5 22
27 93 0.5 22
27 94 0.5 22
26 93 0.5 22
25 93 0.5 22
28 93 0.5 22
27 92 0.5 22
26 92 0.5 22
25 92 0.5 22
29 95 0.5 22
24 1 0.5 22
24 0 0.5 22
25 99 0.5 22
25 0 0.5 22
26 98 0.5 22
25 98 0.5 22
26 97 0.5 22
27 97 0.5 22
94 6 0.5 22
93 6 0.5 22
92 6 0.5 22
96 4 0.5 22
96 5 0.5 22
96 3 0.5 22
97 3 0.5 22
94 5 0.5 22
95 5 0.5 22
97 2 0.5 22
92 5 0.5 22
92 4 0.5 22
97 1 0.5 22
91 5 0.5 22
98 2 0.5 22
99 2 0.5 22
94 7 0.5 22
98 3 0.5 22
90 7 0.5 22
90 6 0.5 22
90 5 0.5 22
94 8 0.5 22
86 55 0.5 27
87 55 0.5 27
88 55 0.5 27
88 54 0.5 27
85 55 0.5 27
89 54 0.5 27
86 54 0.5 27
83 57 0.5 27
83 56 0.5 27
84 56 0.5 27
83 60 0.5 27
83 58 0.5 27
83 59 0.5 27
84 55 0.5 27
89 53 0.5 27
87 57 0.5 27
87 56 0.5 27
87 58 0.5 27
88 58 0.5 27
89 58 0.5 27
86 57 0.5 27
88 53 0.5 27
88 51 0.5 27
88 52 0.5 27
89 52 0.5 27
86 51 0.5 27
87 51 0.5 27
51 96 0.5 24
50 96 0.5 24
49 95 0.5 24
50 95 0.5 24
50 94 0.5 24
49 91 0.5 24
51 91 0.5 24
51 92 0.5 24
50 91 0.5 24
52 92 0.5 24
51 93 0.5 24
50 93 0.5 24
48 91 0.5 24
45 93 0.5 24
45 94 0.5 24
45 96 0.5 24
45 95 0.5 24
47 96 0.5 24
46 96 0.5 24
47 95 0.5 24
48 94 0.5 24
48 95 0.5 24
44 96 0.5 24
44 95 0.5 24
9 55 0.5 31
8 55 0.5 31
10 56 0.5 31
10 55 0.5 31
5 57 0.5 31
4 57 0.5 31
4 58 0.5 31
5 58 0.5 31
3 58 0.5 31
3 60 0.5 31
3 59 0.5 31
4 61 0.5 31
5 60 0.5 31
4 60 0.5 31
6 57 0.5 31
6 56 0.5 31
6 55 0.5 31
6 60 0.5 31
7 55 0.5 31
7 54 0.5 31
10 51 0.5 31
10 52 0.5 31
10 53 0.5 31
10 54 0.5 31
9 54 0.5 31
8 54 0.5 31
5 62 0.5 31
4 62 0.5 31
2 60 0.5 31
2 61 0.5 31
2 62 0.5 31
54 23 0.5 13
52 22 0.5 13
52 21 0.5 13
52 23 0.5 13
53 22 0.5 13
53 23 0.5 13
54 22 0.5 13
52 18 0.5 13
52 19 0.5 13
52 20 0.5 13
51 23 0.5 13
50 24 0.5 13
50 23 0.5 13
49 48 0.5 10
50 48 0.5 10
50 47 0.5 10
49 49 0.5 10
49 50 0.5 10
50 50 0.5 10
51 50 0.5 10
47 50 0.5 10
48 50 0.5 10
50 46 0.5 10
64 37 0.5 17
65 37 0.5 17
63 37 0.5 17
61 35 0.5 17
62 35 0.5 17
60 35 0.5 17
63 36 0.5 17
62 36 0.5 17
60 32 0.5 17
60 33 0.5 17
60 34 0.5 17
62 37 0.5 17
66 37 0.5 17
66 36 0.5 17
66 38 0.5 17
59 34 0.5 17
59 35 0.5 17
50 76 0.5 19
49 75 0.5 19
49 74 0.5 19
50 75 0.5 19
48 74 0.5 19
50 77 0.5 19
51 78 0.5 19
50 78 0.5 19
49 73 0.5 19
54 78 0.5 19
53 78 0.5 19
52 78 0.5 19
55 80 0.5 19
54 80 0.5 19
54 79 0.5 19
53 79 0.5 19
51 79 0.5 19
52 79 0.5 19
52 80 0.5 19
32 40 0.5 23
33 40 0.5 23
31 40 0.5 23
32 39 0.5 23
31 42 0.5 23
31 41 0.5 23
30 42 0.5 23
29 42 0.5 23
37 38 0.5 23
37 39 0.5 23
38 38 0.5 23
34 39 0.5 23
35 39 0.5 23
36 39 0.5 23
34 40 0.5 23
34 41 0.5 23
33 41 0.5 23
36 37 0.5 23
37 37 0.5 23
35 37 0.5 23
35 36 0.5 23
34 36 0.5 23
36 36 0.5 23
82 14 0.5 7
82 15 0.5 7
83 15 0.5 7
83 14 0.5 7
84 15 0.5 7
85 15 0.5 7
85 14 0.5 7
65 88 0.5 16
66 88 0.5 16
64 88 0.5 16
63 88 0.5 16
64 89 0.5 16
70 89 0.5 16
70 88 0.5 16
67 89 0.5 16
68 89 0.5 16
69 89 0.5 16
67 88 0.5 16
69 88 0.5 16
71 89 0.5 16
63 89 0.5 16
62 89 0.5 16
61 89 0.5 16
55 70 0.5 3
55 69 0.5 3
55 68 0.5 3
61 20 0.5 24
61 18 0.5 24
62 18 0.5 24
62 20 0.5 24
62 19 0.5 24
63 21 0.5 24
63 20 0.5 24
64 20 0.5 24
65 20 0.5 24
65 19 0.5 24
64 18 0.5 24
65 18 0.5 24
66 18 0.5 24
61 21 0.5 24
66 20 0.5 24
67 20 0.5 24
70 20 0.5 24
69 20 0.5 24
68 20 0.5 24
60 17 0.5 24
58 17 0.5 24
59 17 0.5 24
60 18 0.5 24
66 21 0.5 24
33 3 0.5 8
34 4 0.5 8
33 4 0.5 8
35 4 0.5 8
36 4 0.5 8
32 2 0.5 8
32 3 0.5 8
31 3 0.5 8
77 92 0.5 4
78 92 0.5 4
78 94 0.5 4
78 93 0.5 4
15 14 0.5 9
16 15 0.5 9
15 15 0.5 9
16 16 0.5 9
14 15 0.5 9
13 14 0.5 9
14 14 0.5 9
12 14 0.5 9
12 15 0.5 9
17 10 0.5 34
16 10 0.5 34
17 12 0.5 34
16 12 0.5 34
16 11 0.5 34
17 13 0.5 34
16 9 0.5 34
17 9 0.5 34
18 9 0.5 34
17 8 0.5 34
17 7 0.5 34
16 8 0.5 34
15 7 0.5 34
16 7 0.5 34
14 7 0.5 34
18 13 0.5 34
19 12 0.5 34
19 14 0.5 34
19 13 0.5 34
13 7 0.5 34
13 6 0.5 34
12 6 0.5 34
12 7 0.5 34
11 5 0.5 34
12 5 0.5 34
10 5 0.5 34
17 4 0.5 34
17 5 0.5 34
16 6 0.5 34
17 6 0.5 34
16 4 0.5 34
15 4 0.5 34
15 3 0.5 34
14 4 0.5 34
82 12 0.5 9
81 12 0.5 9
81 13 0.5 9
80 12 0.5 9
83 12 0.5 9
79 14 0.5 9
79 13 0.5 9
79 12 0.5 9
78 12 0.5 9
10 94 0.5 8
11 94 0.5 8
10 93 0.5 8
11 93 0.5 8
12 94 0.5 8
12 93 0.5 8
13 93 0.5 8
12 95 0.5 8
8 81 0.5 9
10 80 0.5 9
10 81 0.5 9
9 81 0.5 9
10 84 0.5 9
9 84 0.5 9
9 83 0.5 9
9 82 0.5 9
9 85 0.5 9
67 48 0.5 17
68 48 0.5 17
66 48 0.5 17
66 49 0.5 17
66 50 0.5 17
66 51 0.5 17
65 52 0.5 17
65 53 0.5 17
65 51 0.5 17
66 54 0.5 17
65 54 0.5 17
64 50 0.5 17
65 50 0.5 17
66 47 0.5 17
66 46 0.5 17
66 45 0.5 17
65 45 0.5 17
91 25 0.5 41
91 26 0.5 41
90 27 0.5 41
91 27 0.5 41
89 27 0.5 41
92 27 0.5 41
92 26 0.5 41
90 26 0.5 41
94 26 0.5 41
93 26 0.5 41
89 23 0.5 41
89 24 0.5 41
89 25 0.5 41
89 26 0.5 41
90 23 0.5 41
89 29 0.5 41
89 28 0.5 41
91 29 0.5 41
90 29 0.5 41
92 29 0.5 41
94 30 0.5 41
94 31 0.5 41
95 31 0.5 41
95 29 0.5 41
94 29 0.5 41
93 29 0.5 41
97 28 0.5 41
98 28 0.5 41
99 28 0.5 41
99 27 0.5 41
97 29 0.5 41
96 28 0.5 41
95 28 0.5 41
95 27 0.5 41
1 27 0.5 41
0 27 0.5 41
2 29 0.5 41
3 29 0.5 41
1 30 0.5 41
1 29 0.5 41
1 28 0.5 41
89 36 0.5 2
88 36 0.5 2
95 53 0.5 9
94 53 0.5 9
93 53 0.5 9
94 52 0.5 9
95 54 0.5 9
92 51 0.5 9
92 52 0.5 9
92 53 0.5 9
96 53 0.5 9
34 59 0.5 29
35 61 0.5 29
34 60 0.5 29
34 61 0.5 29
41 62 0.5 29
40 62 0.5 29
39 62 0.5 29
38 62 0.5 29
37 62 0.5 29
36 60 0.5 29
37 61 0.5 29
36 61 0.5 29
41 61 0.5 29
41 60 0.5 29
41 59 0.5 29
42 58 0.5 29
42 57 0.5 29
42 59 0.5 29
34 62 0.5 29
41 65 0.5 29
40 65 0.5 29
39 65 0.5 29
39 63 0.5 29
39 64 0.5 29
42 65 0.5 29
41 66 0.5 29
40 66 0.5 29
43 66 0.5 29
43 65 0.5 29
50 34 0.5 2
50 33 0.5 2
50 61 0.5 9
50 62 0.5 9
51 62 0.5 9
51 61 0.5 9
49 62 0.5 9
52 62 0.5 9
50 63 0.5 9
50 64 0.5 9
51 64 0.5 9
44 35 0.5 1
32 71 0.5 2
32 70 0.5 2
93 74 0.5 12
93 73 0.5 12
94 75 0.5 12
93 75 0.5 12
94 69 0.5 12
94 70 0.5 12
94 71 0.5 12
95 69 0.5 12
93 70 0.5 12
93 72 0.5 12
94 72 0.5 12
95 72 0.5 12
27 10 0.5 18
27 9 0.5 18
27 8 0.5 18
26 12 0.5 18
26 10 0.5 18
26 11 0.5 18
25 12 0.5 18
24 12 0.5 18
23 12 0.5 18
30 12 0.5 18
30 13 0.5 18
29 12 0.5 18
29 11 0.5 18
30 14 0.5 18
29 14 0.5 18
28 11 0.5 18
28 10 0.5 18
23 11 0.5 18
7 41 0.5 14
6 41 0.5 14
8 40 0.5 14
9 40 0.5 14
9 41 0.5 14
10 41 0.5 14
8 41 0.5 14
7 40 0.5 14
7 39 0.5 14
7 38 0.5 14
8 38 0.5 14
9 38 0.5 14
10 39 0.5 14
9 39 0.5 14
1 10 0.5 1
65 58 0.5 17
66 58 0.5 17
66 60 0.5 17
66 59 0.5 17
67 59 0.5 17
64 58 0.5 17
68 59 0.5 17
69 59 0.5 17
70 59 0.5 17
71 56 0.5 17
71 55 0.5 17
71 54 0.5 17
70 54 0.5 17
71 58 0.5 17
70 58 0.5 17
71 57 0.5 17
72 54 0.5 17
17 77 0.5 2
16 77 0.5 2
5 82 0.5 16
3 85 0.5 16
4 83 0.5 16
3 83 0.5 16
3 84 0.5 16
4 82 0.5 16
2 86 0.5 16
3 86 0.5 16
3 87 0.5 16
4 87 0.5 16
4 88 0.5 16
2 84 0.5 16
4 89 0.5 16
4 90 0.5 16
3 91 0.5 16
4 91 0.5 16
13 81 0.5 3
14 81 0.5 3
15 81 0.5 3
96 42 0.5 4
95 43 0.5 4
95 44 0.5 4
96 43 0.5 4
22 92 0.5 7
22 93 0.5 7
20 90 0.5 7
20 89 0.5 7
21 92 0.5 7
20 91 0.5 7
21 91 0.5 7
65 84 0.5 2
66 84 0.5 2
32 56 0.5 10
31 56 0.5 10
33 56 0.5 10
31 58 0.5 10
31 57 0.5 10
30 57 0.5 10
30 56 0.5 10
34 55 0.5 10
34 54 0.5 10
33 55 0.5 10
58 56 0.5 6
58 57 0.5 6
56 56 0.5 6
56 57 0.5 6
57 57 0.5 6
56 58 0.5 6
43 90 0.5 10
43 89 0.5 10
42 90 0.5 10
42 89 0.5 10
39 90 0.5 10
41 90 0.5 10
40 92 0.5 10
40 91 0.5 10
40 90 0.5 10
40 93 0.5 10
98 35 0.5 3
99 34 0.5 3
98 34 0.5 3
85 7 0.5 2
85 8 0.5 2
79 64 0.5 10
80 64 0.5 10
81 64 0.5 10
76 65 0.5 10
76 64 0.5 10
76 66 0.5 10
78 65 0.5 10
79 65 0.5 10
77 65 0.5 10
75 64 0.5 10
34 0 0.5 2
34 99 0.5 2
98 15 0.5 6
98 14 0.5 6
99 15 0.5 6
97 16 0.5 6
98 16 0.5 6
96 16 0.5 6
57 40 0.5 1
28 18 0.5 2
29 18 0.5 2
58 0 0.5 3
57 1 0.5 3
58 1 0.5 3
99 91 0.5 7
0 90 0.5 7
0 91 0.5 7
99 93 0.5 7
0 93 0.5 7
99 92 0.5 7
1 93 0.5 7
91 39 0.5 1
34 85 0.5 5
33 86 0.5 5
33 85 0.5 5
31 85 0.5 5
32 85 0.5 5
73 70 0.5 7
73 71 0.5 7
73 72 0.5 7
74 72 0.5 7
72 72 0.5 7
71 73 0.5 7
71 72 0.5 7
37 10 0.5 4
38 10 0.5 4
38 9 0.5 4
38 8 0.5 4
34 78 0.5 5
35 78 0.5 5
37 78 0.5 5
36 78 0.5 5
34 77 0.5 5
70 83 0.5 1
24 39 0.5 1
17 60 0.5 1
54 99 0.5 1
84 63 0.5 2
84 64 0.5 2
5 95 0.5 1
7 3 0.5 1
7 77 0.5 2
8 77 0.5 2
30 79 0.5 1
61 38 0.5 1
18 95 0.5 1
41 77 0.5 1
