63 69 0.5 20
65 69 0.5 20
65 70 0.5 20
64 69 0.5 20
63 68 0.5 20
62 69 0.5 20
65 72 0.5 20
66 71 0.5 20
65 71 0.5 20
61 69 0.5 20
61 70 0.5 20
61 72 0.5 20
61 71 0.5 20
60 70 0.5 20
59 67 0.5 20
59 69 0.5 20
59 70 0.5 20
58 70 0.5 20
59 68 0.5 20
58 71 0.5 20
2 21 0.5 3
1 21 0.5 3
1 20 0.5 3
16 69 0.5 10
15 69 0.5 10
15 67 0.5 10
14 67 0.5 10
15 68 0.5 10
13 70 0.5 10
14 70 0.5 10
12 70 0.5 10
15 70 0.5 10
11 70 0.5 10
3 45 0.5 16
4 45 0.5 16
5 45 0.5 16
2 45 0.5 16
9 45 0.5 16
8 45 0.5 16
8 46 0.5 16
7 46 0.5 16
6 45 0.5 16
7 45 0.5 16
6 44 0.5 16
9 46 0.5 16
3 44 0.5 16
9 48 0.5 16
9 47 0.5 16
10 47 0.5 16
72 28 0.5 23
70 28 0.5 23
71 28 0.5 23
73 28 0.5 23
75 28 0.5 23
74 28 0.5 23
75 27 0.5 23
74 29 0.5 23
74 30 0.5 23
67 28 0.5 23
67 27 0.5 23
69 28 0.5 23
68 28 0.5 23
68 27 0.5 23
68 26 0.5 23
75 26 0.5 23
66 24 0.5 23
68 25 0.5 23
67 25 0.5 23
66 25 0.5 23
67 26 0.5 23
65 24 0.5 23
68 24 0.5 23
10 25 0.5 57
10 26 0.5 57
11 25 0.5 57
9 26 0.5 57
12 25 0.5 57
7 24 0.5 57
7 25 0.5 57
8 25 0.5 57
9 25 0.5 57
6 24 0.5 57
7 26 0.5 57
13 25 0.5 57
14 25 0.5 57
12 24 0.5 57
11 24 0.5 57
16 27 0.5 57
15 27 0.5 57
15 26 0.5 57
15 24 0.5 57
15 25 0.5 57
16 23 0.5 57
16 24 0.5 57
17 28 0.5 57
17 27 0.5 57
7 23 0.5 57
6 23 0.5 57
6 22 0.5 57
20 28 0.5 57
19 28 0.5 57
19 27 0.5 57
18 28 0.5 57
18 29 0.5 57
16 33 0.5 57
16 34 0.5 57
15 37 0.5 57
15 36 0.5 57
15 35 0.5 57
15 34 0.5 57
17 33 0.5 57
17 34 0.5 57
20 30 0.5 57
19 30 0.5 57
20 31 0.5 57
18 30 0.5 57
19 29 0.5 57
21 31 0.5 57
18 31 0.5 57
17 31 0.5 57
17 32 0.5 57
22 32 0.5 57
21 32 0.5 57
21 33 0.5 57
23 32 0.5 57
24 32 0.5 57
25 32 0.5 57
11 27 0.5 57
10 27 0.5 57
25 64 0.5 38
25 63 0.5 38
23 64 0.5 38
23 65 0.5 38
24 64 0.5 38
22 61 0.5 38
23 63 0.5 38
23 61 0.5 38
23 62 0.5 38
24 69 0.5 38
25 69 0.5 38
23 69 0.5 38
22 70 0.5 38
23 70 0.5 38
24 70 0.5 38
25 67 0.5 38
24 67 0.5 38
23 68 0.5 38
23 67 0.5 38
22 66 0.5 38
22 67 0.5 38
26 69 0.5 38
26 68 0.5 38
26 70 0.5 38
27 69 0.5 38
26 67 0.5 38
27 67 0.5 38
28 70 0.5 38
29 70 0.5 38
27 70 0.5 38
28 69 0.5 38
28 66 0.5 38
27 66 0.5 38
26 64 0.5 38
27 64 0.5 38
27 65 0.5 38
26 65 0.5 38
22 60 0.5 38
77 40 0.5 31
78 40 0.5 31
78 41 0.5 31
76 39 0.5 31
75 39 0.5 31
76 40 0.5 31
76 38 0.5 31
78 39 0.5 31
79 39 0.5 31
80 39 0.5 31
81 39 0.5 31
82 39 0.5 31
80 40 0.5 31
83 39 0.5 31
83 40 0.5 31
82 40 0.5 31
82 41 0.5 31
84 39 0.5 31
84 38 0.5 31
74 41 0.5 31
74 42 0.5 31
73 42 0.5 31
75 41 0.5 31
76 43 0.5 31
76 42 0.5 31
75 43 0.5 31
74 43 0.5 31
77 43 0.5 31
76 44 0.5 31
74 40 0.5 31
75 40 0.5 31
33 74 0.5 4
34 74 0.5 4
35 74 0.5 4
35 75 0.5 4
88 87 0.5 43
88 88 0.5 43
88 86 0.5 43
90 87 0.5 43
90 88 0.5 43
90 86 0.5 43
89 88 0.5 43
90 85 0.5 43
88 85 0.5 43
89 85 0.5 43
88 83 0.5 43
88 84 0.5 43
89 83 0.5 43
87 85 0.5 43
87 84 0.5 43
90 93 0.5 43
91 93 0.5 43
89 93 0.5 43
89 92 0.5 43
90 94 0.5 43
87 91 0.5 43
88 91 0.5 43
88 90 0.5 43
89 91 0.5 43
88 89 0.5 43
89 89 0.5 43
92 93 0.5 43
85 82 0.5 43
85 81 0.5 43
84 80 0.5 43
85 80 0.5 43
85 83 0.5 43
85 84 0.5 43
84 83 0.5 43
86 84 0.5 43
86 88 0.5 43
86 87 0.5 43
85 87 0.5 43
84 85 0.5 43
85 85 0.5 43
84 86 0.5 43
84 87 0.5 43
83 85 0.5 43
40 21 0.5 55
40 20 0.5 55
39 20 0.5 55
36 21 0.5 55
36 20 0.5 55
37 20 0.5 55
38 20 0.5 55
35 21 0.5 55
34 21 0.5 55
34 22 0.5 55
34 20 0.5 55
32 23 0.5 55
32 24 0.5 55
34 23 0.5 55
33 23 0.5 55
33 21 0.5 55
31 23 0.5 55
40 22 0.5 55
40 23 0.5 55
35 29 0.5 55
36 28 0.5 55
35 28 0.5 55
34 28 0.5 55
34 24 0.5 55
34 26 0.5 55
34 25 0.5 55
34 27 0.5 55
35 27 0.5 55
33 25 0.5 55
43 27 0.5 55
43 26 0.5 55
41 26 0.5 55
42 26 0.5 55
44 26 0.5 55
41 27 0.5 55
41 28 0.5 55
40 27 0.5 55
41 25 0.5 55
41 24 0.5 55
41 23 0.5 55
43 11 0.5 55
43 12 0.5 55
44 12 0.5 55
41 14 0.5 55
42 14 0.5 55
42 15 0.5 55
43 14 0.5 55
43 13 0.5 55
42 21 0.5 55
42 19 0.5 55
41 20 0.5 55
42 20 0.5 55
42 18 0.5 55
42 17 0.5 55
42 16 0.5 55
22 48 0.5 15
21 48 0.5 15
21 49 0.5 15
23 49 0.5 15
23 48 0.5 15
24 49 0.5 15
23 50 0.5 15
26 49 0.5 15
26 48 0.5 15
25 49 0.5 15
25 50 0.5 15
25 51 0.5 15
24 50 0.5 15
22 47 0.5 15
21 47 0.5 15
80 1 0.5 34
80 2 0.5 34
79 1 0.5 34
79 0 0.5 34
77 1 0.5 34
78 2 0.5 34
77 2 0.5 34
78 1 0.5 34
79 99 0.5 34
83 2 0.5 34
83 3 0.5 34
82 2 0.5 34
81 2 0.5 34
81 3 0.5 34
87 1 0.5 34
86 1 0.5 34
86 0 0.5 34
85 0 0.5 34
84 0 0.5 34
84 1 0.5 34
83 1 0.5 34
83 99 0.5 34
82 99 0.5 34
81 99 0.5 34
80 99 0.5 34
82 98 0.5 34
82 97 0.5 34
80 98 0.5 34
80 97 0.5 34
82 94 0.5 34
82 95 0.5 34
82 96 0.5 34
81 94 0.5 34
81 93 0.5 34
39 47 0.5 6
39 46 0.5 6
39 44 0.5 6
39 45 0.5 6
38 43 0.5 6
38 44 0.5 6
28 95 0.5 22
27 95 0.5 22
28 96 0.5 22
27 96 0.5 22
28 94 0.5 22
27 93 0.5 22
27 94 0.5 22
26 93 0.5 22
25 93 0.5 22
28 93 0.5 22
27 92 0.5 22
26 92 0.5 22
25 92 0.5 22
29 95 0.5 22
24 1 0.5 22
24 0 0.5 22
25 99 0.5 22
25 0 0.5 22
26 98 0.5 22
25 98 0.5 22
26 97 0.5 22
27 97 0.5 22
94 5 0.5 22
93 5 0.5 22
92 5 0.5 22
96 3 0.5 22
96 4 0.5 22
96 2 0.5 22
97 2 0.5 22
94 4 0.5 22
95 4 0.5 22
97 1 0.5 22
92 4 0.5 22
92 3 0.5 22
97 0 0.5 22
91 4 0.5 22
98 1 0.5 22
99 1 0.5 22
94 6 0.5 22
98 2 0.5 22
90 6 0.5 22
90 5 0.5 22
90 4 0.5 22
94 7 0.5 22
87 55 0.5 27
88 55 0.5 27
89 55 0.5 27
89 54 0.5 27
86 55 0.5 27
90 54 0.5 27
87 54 0.5 27
84 57 0.5 27
84 56 0.5 27
85 56 0.5 27
84 60 0.5 27
84 58 0.5 27
84 59 0.5 27
85 55 0.5 27
90 53 0.5 27
88 57 0.5 27
88 56 0.5 27
88 58 0.5 27
89 58 0.5 27
90 58 0.5 27
87 57 0.5 27
89 53 0.5 27
89 51 0.5 27
89 52 0.5 27
90 52 0.5 27
87 51 0.5 27
88 51 0.5 27
51 97 0.5 24
50 97 0.5 24
49 96 0.5 24
50 96 0.5 24
50 95 0.5 24
49 92 0.5 24
51 92 0.5 24
51 93 0.5 24
50 92 0.5 24
52 93 0.5 24
51 94 0.5 24
50 94 0.5 24
48 92 0.5 24
45 94 0.5 24
45 95 0.5 24
45 97 0.5 24
45 96 0.5 24
47 97 0.5 24
46 97 0.5 24
47 96 0.5 24
48 95 0.5 24
48 96 0.5 24
44 97 0.5 24
44 96 0.5 24
10 55 0.5 31
9 55 0.5 31
11 56 0.5 31
11 55 0.5 31
6 57 0.5 31
5 57 0.5 31
5 58 0.5 31
6 58 0.5 31
4 58 0.5 31
4 60 0.5 31
4 59 0.5 31
5 61 0.5 31
6 60 0.5 31
5 60 0.5 31
7 57 0.5 31
7 56 0.5 31
7 55 0.5 31
7 60 0.5 31
8 55 0.5 31
8 54 0.5 31
11 51 0.5 31
11 52 0.5 31
11 53 0.5 31
11 54 0.5 31
10 54 0.5 31
9 54 0.5 31
6 62 0.5 31
5 62 0.5 31
3 60 0.5 31
3 61 0.5 31
3 62 0.5 31
55 23 0.5 13
53 22 0.5 13
53 21 0.5 13
53 23 0.5 13
54 22 0.5 13
54 23 0.5 13
55 22 0.5 13
53 18 0.5 13
53 19 0.5 13
53 20 0.5 13
52 23 0.5 13
51 24 0.5 13
51 23 0.5 13
49 47 0.5 10
50 47 0.5 10
50 46 0.5 10
49 48 0.5 10
49 49 0.5 10
50 49 0.5 10
51 49 0.5 10
47 49 0.5 10
48 49 0.5 10
50 45 0.5 10
63 37 0.5 18
64 37 0.5 18
62 37 0.5 18
60 35 0.5 18
61 35 0.5 18
59 35 0.5 18
62 36 0.5 18
61 36 0.5 18
59 32 0.5 18
59 33 0.5 18
59 34 0.5 18
61 37 0.5 18
65 37 0.5 18
65 36 0.5 18
65 38 0.5 18
58 34 0.5 18
58 35 0.5 18
61 38 0.5 18
51 76 0.5 19
50 75 0.5 19
50 74 0.5 19
51 75 0.5 19
49 74 0.5 19
51 77 0.5 19
52 78 0.5 19
51 78 0.5 19
50 73 0.5 19
55 78 0.5 19
54 78 0.5 19
53 78 0.5 19
56 80 0.5 19
55 80 0.5 19
55 79 0.5 19
54 79 0.5 19
52 79 0.5 19
53 79 0.5 19
53 80 0.5 19
32 41 0.5 23
33 41 0.5 23
31 41 0.5 23
32 40 0.5 23
31 43 0.5 23
31 42 0.5 23
30 43 0.5 23
29 43 0.5 23
37 39 0.5 23
37 40 0.5 23
38 39 0.5 23
34 40 0.5 23
35 40 0.5 23
36 40 0.5 23
34 41 0.5 23
34 42 0.5 23
33 42 0.5 23
36 38 0.5 23
37 38 0.5 23
35 38 0.5 23
35 37 0.5 23
34 37 0.5 23
36 37 0.5 23
83 14 0.5 7
83 15 0.5 7
84 15 0.5 7
84 14 0.5 7
85 15 0.5 7
86 15 0.5 7
86 14 0.5 7
65 87 0.5 16
66 87 0.5 16
64 87 0.5 16
63 87 0.5 16
64 88 0.5 16
70 88 0.5 16
70 87 0.5 16
67 88 0.5 16
68 88 0.5 16
69 88 0.5 16
67 87 0.5 16
69 87 0.5 16
71 88 0.5 16
63 88 0.5 16
62 88 0.5 16
61 88 0.5 16
55 69 0.5 3
55 68 0.5 3
55 67 0.5 3
60 20 0.5 24
60 18 0.5 24
61 18 0.5 24
61 20 0.5 24
61 19 0.5 24
62 21 0.5 24
62 20 0.5 24
63 20 0.5 24
64 20 0.5 24
64 19 0.5 24
63 18 0.5 24
64 18 0.5 24
65 18 0.5 24
60 21 0.5 24
65 20 0.5 24
66 20 0.5 24
69 20 0.5 24
68 20 0.5 24
67 20 0.5 24
59 17 0.5 24
57 17 0.5 24
58 17 0.5 24
59 18 0.5 24
65 21 0.5 24
34 3 0.5 8
35 4 0.5 8
34 4 0.5 8
36 4 0.5 8
37 4 0.5 8
33 2 0.5 8
33 3 0.5 8
32 3 0.5 8
77 91 0.5 4
78 91 0.5 4
78 93 0.5 4
78 92 0.5 4
15 13 0.5 43
16 14 0.5 43
15 14 0.5 43
16 15 0.5 43
14 14 0.5 43
13 13 0.5 43
14 13 0.5 43
12 13 0.5 43
12 14 0.5 43
16 10 0.5 43
15 10 0.5 43
16 12 0.5 43
15 12 0.5 43
15 11 0.5 43
16 13 0.5 43
15 9 0.5 43
16 9 0.5 43
17 9 0.5 43
16 8 0.5 43
16 7 0.5 43
15 8 0.5 43
14 7 0.5 43
15 7 0.5 43
13 7 0.5 43
17 13 0.5 43
18 12 0.5 43
18 14 0.5 43
18 13 0.5 43
12 7 0.5 43
12 6 0.5 43
11 6 0.5 43
11 7 0.5 43
10 5 0.5 43
11 5 0.5 43
9 5 0.5 43
16 4 0.5 43
16 5 0.5 43
15 6 0.5 43
16 6 0.5 43
15 4 0.5 43
14 4 0.5 43
14 3 0.5 43
13 4 0.5 43
82 12 0.5 9
81 12 0.5 9
81 13 0.5 9
80 12 0.5 9
83 12 0.5 9
79 14 0.5 9
79 13 0.5 9
79 12 0.5 9
78 12 0.5 9
11 94 0.5 8
12 94 0.5 8
11 93 0.5 8
12 93 0.5 8
13 94 0.5 8
13 93 0.5 8
14 93 0.5 8
13 95 0.5 8
8 80 0.5 9
10 79 0.5 9
10 80 0.5 9
9 80 0.5 9
10 83 0.5 9
9 83 0.5 9
9 82 0.5 9
9 81 0.5 9
9 84 0.5 9
68 48 0.5 17
69 48 0.5 17
67 48 0.5 17
67 49 0.5 17
67 50 0.5 17
67 51 0.5 17
66 52 0.5 17
66 53 0.5 17
66 51 0.5 17
67 54 0.5 17
66 54 0.5 17
65 50 0.5 17
66 50 0.5 17
67 47 0.5 17
67 46 0.5 17
67 45 0.5 17
66 45 0.5 17
91 24 0.5 41
91 25 0.5 41
90 26 0.5 41
91 26 0.5 41
89 26 0.5 41
92 26 0.5 41
92 25 0.5 41
90 25 0.5 41
94 25 0.5 41
93 25 0.5 41
89 22 0.5 41
89 23 0.5 41
89 24 0.5 41
89 25 0.5 41
90 22 0.5 41
89 28 0.5 41
89 27 0.5 41
91 28 0.5 41
90 28 0.5 41
92 28 0.5 41
94 29 0.5 41
94 30 0.5 41
95 30 0.5 41
95 28 0.5 41
94 28 0.5 41
93 28 0.5 41
97 27 0.5 41
98 27 0.5 41
99 27 0.5 41
99 26 0.5 41
97 28 0.5 41
96 27 0.5 41
95 27 0.5 41
95 26 0.5 41
1 26 0.5 41
0 26 0.5 41
2 28 0.5 41
3 28 0.5 41
1 29 0.5 41
1 28 0.5 41
1 27 0.5 41
89 37 0.5 2
88 37 0.5 2
95 54 0.5 9
94 54 0.5 9
93 54 0.5 9
94 53 0.5 9
95 55 0.5 9
92 52 0.5 9
92 53 0.5 9
92 54 0.5 9
96 54 0.5 9
34 58 0.5 29
35 60 0.5 29
34 59 0.5 29
34 60 0.5 29
41 61 0.5 29
40 61 0.5 29
39 61 0.5 29
38 61 0.5 29
37 61 0.5 29
36 59 0.5 29
37 60 0.5 29
36 60 0.5 29
41 60 0.5 29
41 59 0.5 29
41 58 0.5 29
42 57 0.5 29
42 56 0.5 29
42 58 0.5 29
34 61 0.5 29
41 64 0.5 29
40 64 0.5 29
39 64 0.5 29
39 62 0.5 29
39 63 0.5 29
42 64 0.5 29
41 65 0.5 29
40 65 0.5 29
43 65 0.5 29
43 64 0.5 29
50 35 0.5 2
50 34 0.5 2
51 61 0.5 9
51 62 0.5 9
52 62 0.5 9
52 61 0.5 9
50 62 0.5 9
53 62 0.5 9
51 63 0.5 9
51 64 0.5 9
52 64 0.5 9
44 34 0.5 1
32 72 0.5 2
32 71 0.5 2
92 74 0.5 12
92 73 0.5 12
93 75 0.5 12
92 75 0.5 12
93 69 0.5 12
93 70 0.5 12
93 71 0.5 12
94 69 0.5 12
92 70 0.5 12
92 72 0.5 12
93 72 0.5 12
94 72 0.5 12
27 9 0.5 18
27 8 0.5 18
27 7 0.5 18
26 11 0.5 18
26 9 0.5 18
26 10 0.5 18
25 11 0.5 18
24 11 0.5 18
23 11 0.5 18
30 11 0.5 18
30 12 0.5 18
29 11 0.5 18
29 10 0.5 18
30 13 0.5 18
29 13 0.5 18
28 10 0.5 18
28 9 0.5 18
23 10 0.5 18
8 41 0.5 14
7 41 0.5 14
9 40 0.5 14
10 40 0.5 14
10 41 0.5 14
11 41 0.5 14
9 41 0.5 14
8 40 0.5 14
8 39 0.5 14
8 38 0.5 14
9 38 0.5 14
10 38 0.5 14
11 39 0.5 14
10 39 0.5 14
2 10 0.5 1
65 59 0.5 17
66 59 0.5 17
66 61 0.5 17
66 60 0.5 17
67 60 0.5 17
64 59 0.5 17
68 60 0.5 17
69 60 0.5 17
70 60 0.5 17
71 57 0.5 17
71 56 0.5 17
71 55 0.5 17
70 55 0.5 17
71 59 0.5 17
70 59 0.5 17
71 58 0.5 17
72 55 0.5 17
17 78 0.5 2
16 78 0.5 2
4 82 0.5 16
2 85 0.5 16
3 83 0.5 16
2 83 0.5 16
2 84 0.5 16
3 82 0.5 16
1 86 0.5 16
2 86 0.5 16
2 87 0.5 16
3 87 0.5 16
3 88 0.5 16
1 84 0.5 16
3 89 0.5 16
3 90 0.5 16
2 91 0.5 16
3 91 0.5 16
12 81 0.5 3
13 81 0.5 3
14 81 0.5 3
97 42 0.5 4
96 43 0.5 4
96 44 0.5 4
97 43 0.5 4
23 92 0.5 7
23 93 0.5 7
21 90 0.5 7
21 89 0.5 7
22 92 0.5 7
21 91 0.5 7
22 91 0.5 7
65 83 0.5 2
66 83 0.5 2
33 56 0.5 10
32 56 0.5 10
34 56 0.5 10
32 58 0.5 10
32 57 0.5 10
31 57 0.5 10
31 56 0.5 10
35 55 0.5 10
35 54 0.5 10
34 55 0.5 10
57 56 0.5 6
57 57 0.5 6
55 56 0.5 6
55 57 0.5 6
56 57 0.5 6
55 58 0.5 6
42 90 0.5 10
42 89 0.5 10
41 90 0.5 10
41 89 0.5 10
38 90 0.5 10
40 90 0.5 10
39 92 0.5 10
39 91 0.5 10
39 90 0.5 10
39 93 0.5 10
97 35 0.5 3
98 34 0.5 3
97 34 0.5 3
85 8 0.5 2
85 9 0.5 2
78 64 0.5 10
79 64 0.5 10
80 64 0.5 10
75 65 0.5 10
75 64 0.5 10
75 66 0.5 10
77 65 0.5 10
78 65 0.5 10
76 65 0.5 10
74 64 0.5 10
34 99 0.5 2
34 98 0.5 2
97 15 0.5 6
97 14 0.5 6
98 15 0.5 6
96 16 0.5 6
97 16 0.5 6
95 16 0.5 6
56 40 0.5 1
27 18 0.5 2
28 18 0.5 2
58 1 0.5 3
57 2 0.5 3
58 2 0.5 3
98 91 0.5 7
99 90 0.5 7
99 91 0.5 7
98 93 0.5 7
99 93 0.5 7
98 92 0.5 7
0 93 0.5 7
90 39 0.5 1
34 84 0.5 5
33 85 0.5 5
33 84 0.5 5
31 84 0.5 5
32 84 0.5 5
74 70 0.5 7
74 71 0.5 7
74 72 0.5 7
75 72 0.5 7
73 72 0.5 7
72 73 0.5 7
72 72 0.5 7
36 10 0.5 4
37 10 0.5 4
37 9 0.5 4
37 8 0.5 4
34 79 0.5 5
35 79 0.5 5
37 79 0.5 5
36 79 0.5 5
34 78 0.5 5
70 84 0.5 1
23 39 0.5 1
17 59 0.5 1
53 99 0.5 1
84 62 0.5 2
84 63 0.5 2
5 96 0.5 1
7 2 0.5 1
7 78 0.5 2
8 78 0.5 2
30 78 0.5 1
18 94 0.5 1
41 78 0.5 1
