34 21 0.5 5
34 19 0.5 5
34 20 0.5 5
34 18 0.5 5
33 18 0.5 5
77 21 0.5 2
77 20 0.5 2
62 13 0.5 3
64 13 0.5 3
63 13 0.5 3
41 40 0.5 4
40 40 0.5 4
39 40 0.5 4
40 41 0.5 4
0 63 0.5 3
0 62 0.5 3
0 61 0.5 3
93 9 0.5 2
92 9 0.5 2
29 86 0.5 4
29 85 0.5 4
29 84 0.5 4
30 84 0.5 4
45 22 0.5 3
45 21 0.5 3
46 21 0.5 3
71 48 0.5 4
70 48 0.5 4
71 49 0.5 4
72 48 0.5 4
96 60 0.5 1
53 29 0.5 6
53 28 0.5 6
52 30 0.5 6
53 30 0.5 6
53 31 0.5 6
53 32 0.5 6
33 40 0.5 3
33 41 0.5 3
33 39 0.5 3
67 37 0.5 7
68 37 0.5 7
66 37 0.5 7
66 36 0.5 7
68 35 0.5 7
68 36 0.5 7
68 34 0.5 7
54 3 0.5 8
54 4 0.5 8
54 6 0.5 8
54 5 0.5 8
53 6 0.5 8
55 4 0.5 8
55 5 0.5 8
55 6 0.5 8
50 57 0.5 2
50 58 0.5 2
6 8 0.5 4
4 8 0.5 4
5 8 0.5 4
4 9 0.5 4
19 63 0.5 2
19 64 0.5 2
80 43 0.5 2
80 42 0.5 2
13 15 0.5 2
13 16 0.5 2
96 18 0.5 3
97 18 0.5 3
96 19 0.5 3
79 93 0.5 4
80 93 0.5 4
80 92 0.5 4
80 91 0.5 4
47 74 0.5 1
19 92 0.5 9
18 92 0.5 9
20 92 0.5 9
20 91 0.5 9
20 90 0.5 9
20 88 0.5 9
20 89 0.5 9
22 89 0.5 9
21 89 0.5 9
78 36 0.5 5
79 36 0.5 5
77 36 0.5 5
80 36 0.5 5
79 35 0.5 5
83 7 0.5 2
82 7 0.5 2
59 31 0.5 2
58 31 0.5 2
23 73 0.5 5
24 73 0.5 5
24 71 0.5 5
24 72 0.5 5
23 71 0.5 5
50 64 0.5 6
50 65 0.5 6
50 66 0.5 6
50 63 0.5 6
51 63 0.5 6
49 64 0.5 6
51 94 0.5 4
51 95 0.5 4
51 96 0.5 4
50 96 0.5 4
38 57 0.5 11
39 57 0.5 11
37 57 0.5 11
37 56 0.5 11
36 56 0.5 11
36 57 0.5 11
39 53 0.5 11
39 54 0.5 11
38 55 0.5 11
39 55 0.5 11
37 55 0.5 11
49 12 0.5 2
48 12 0.5 2
2 13 0.5 3
3 13 0.5 3
3 12 0.5 3
38 26 0.5 6
38 25 0.5 6
38 24 0.5 6
37 24 0.5 6
39 24 0.5 6
38 23 0.5 6
33 54 0.5 5
33 53 0.5 5
34 54 0.5 5
33 52 0.5 5
34 52 0.5 5
87 87 0.5 5
86 87 0.5 5
86 86 0.5 5
86 85 0.5 5
87 86 0.5 5
1 8 0.5 1
4 14 0.5 1
97 12 0.5 1
45 78 0.5 8
44 77 0.5 8
45 77 0.5 8
43 78 0.5 8
43 77 0.5 8
43 76 0.5 8
45 76 0.5 8
45 75 0.5 8
12 21 0.5 3
13 21 0.5 3
12 20 0.5 3
22 4 0.5 1
19 45 0.5 8
16 45 0.5 8
16 46 0.5 8
19 46 0.5 8
18 46 0.5 8
17 46 0.5 8
15 46 0.5 8
17 45 0.5 8
96 28 0.5 4
97 28 0.5 4
95 28 0.5 4
95 29 0.5 4
72 3 0.5 3
71 2 0.5 3
72 2 0.5 3
37 8 0.5 1
48 80 0.5 3
48 79 0.5 3
49 79 0.5 3
78 57 0.5 2
77 57 0.5 2
18 7 0.5 3
19 7 0.5 3
17 7 0.5 3
27 8 0.5 1
59 66 0.5 7
58 66 0.5 7
58 65 0.5 7
60 66 0.5 7
60 67 0.5 7
60 65 0.5 7
58 64 0.5 7
0 24 0.5 2
0 23 0.5 2
95 48 0.5 5
94 48 0.5 5
93 48 0.5 5
93 49 0.5 5
94 49 0.5 5
93 89 0.5 11
94 89 0.5 11
92 89 0.5 11
96 89 0.5 11
97 89 0.5 11
98 89 0.5 11
97 88 0.5 11
95 89 0.5 11
97 87 0.5 11
95 90 0.5 11
95 91 0.5 11
96 67 0.5 3
95 67 0.5 3
95 66 0.5 3
76 69 0.5 2
77 69 0.5 2
14 63 0.5 5
14 61 0.5 5
14 62 0.5 5
15 63 0.5 5
16 63 0.5 5
16 78 0.5 5
15 78 0.5 5
16 79 0.5 5
16 77 0.5 5
16 80 0.5 5
42 66 0.5 2
41 66 0.5 2
93 40 0.5 9
94 40 0.5 9
95 40 0.5 9
94 41 0.5 9
93 41 0.5 9
92 40 0.5 9
96 40 0.5 9
95 39 0.5 9
95 38 0.5 9
93 84 0.5 1
61 29 0.5 1
3 0 0.5 1
20 11 0.5 3
21 11 0.5 3
20 12 0.5 3
24 96 0.5 1
72 75 0.5 3
71 75 0.5 3
72 74 0.5 3
24 78 0.5 5
24 76 0.5 5
24 77 0.5 5
26 77 0.5 5
25 77 0.5 5
70 82 0.5 4
70 83 0.5 4
71 83 0.5 4
70 84 0.5 4
27 56 0.5 1
87 37 0.5 7
85 36 0.5 7
84 36 0.5 7
86 37 0.5 7
86 36 0.5 7
85 35 0.5 7
86 35 0.5 7
82 32 0.5 4
82 31 0.5 4
83 31 0.5 4
82 30 0.5 4
9 83 0.5 1
36 28 0.5 6
35 28 0.5 6
36 27 0.5 6
34 28 0.5 6
34 27 0.5 6
35 29 0.5 6
38 13 0.5 2
39 13 0.5 2
80 51 0.5 3
79 51 0.5 3
79 50 0.5 3
72 5 0.5 2
71 5 0.5 2
78 62 0.5 3
78 61 0.5 3
78 60 0.5 3
56 80 0.5 6
56 79 0.5 6
57 80 0.5 6
57 81 0.5 6
57 78 0.5 6
57 79 0.5 6
83 25 0.5 2
83 24 0.5 2
80 47 0.5 9
81 47 0.5 9
77 48 0.5 9
78 48 0.5 9
78 47 0.5 9
78 46 0.5 9
79 47 0.5 9
78 49 0.5 9
76 48 0.5 9
84 59 0.5 1
59 51 0.5 3
59 50 0.5 3
59 49 0.5 3
67 1 0.5 3
67 0 0.5 3
66 1 0.5 3
78 75 0.5 3
78 74 0.5 3
79 74 0.5 3
72 58 0.5 1
57 93 0.5 1
92 12 0.5 2
92 13 0.5 2
82 20 0.5 3
83 20 0.5 3
82 19 0.5 3
39 78 0.5 2
39 79 0.5 2
49 33 0.5 6
49 34 0.5 6
49 35 0.5 6
49 32 0.5 6
48 31 0.5 6
48 32 0.5 6
72 12 0.5 7
73 12 0.5 7
72 13 0.5 7
72 14 0.5 7
72 15 0.5 7
74 11 0.5 7
74 12 0.5 7
70 99 0.5 1
76 11 0.5 1
80 86 0.5 3
79 86 0.5 3
80 85 0.5 3
42 0 0.5 1
26 17 0.5 4
26 16 0.5 4
27 18 0.5 4
27 17 0.5 4
32 98 0.5 10
32 99 0.5 10
32 0 0.5 10
32 1 0.5 10
32 2 0.5 10
31 2 0.5 10
30 2 0.5 10
30 3 0.5 10
30 4 0.5 10
30 5 0.5 10
13 82 0.5 2
13 83 0.5 2
4 83 0.5 6
5 83 0.5 6
6 83 0.5 6
3 84 0.5 6
4 84 0.5 6
4 85 0.5 6
33 30 0.5 2
33 29 0.5 2
18 59 0.5 1
86 17 0.5 3
85 18 0.5 3
85 17 0.5 3
53 72 0.5 6
54 72 0.5 6
53 73 0.5 6
52 72 0.5 6
55 72 0.5 6
53 74 0.5 6
64 30 0.5 4
65 30 0.5 4
65 28 0.5 4
65 29 0.5 4
88 95 0.5 1
11 70 0.5 4
11 71 0.5 4
12 71 0.5 4
12 72 0.5 4
50 7 0.5 2
50 6 0.5 2
82 94 0.5 2
82 93 0.5 2
66 16 0.5 1
70 45 0.5 5
69 45 0.5 5
68 45 0.5 5
68 44 0.5 5
71 45 0.5 5
90 76 0.5 2
91 76 0.5 2
21 50 0.5 1
43 9 0.5 4
44 9 0.5 4
43 10 0.5 4
44 10 0.5 4
71 36 0.5 2
71 37 0.5 2
57 23 0.5 4
57 24 0.5 4
58 24 0.5 4
59 24 0.5 4
89 62 0.5 8
90 60 0.5 8
90 61 0.5 8
89 61 0.5 8
90 63 0.5 8
91 63 0.5 8
90 62 0.5 8
92 63 0.5 8
49 44 0.5 2
49 45 0.5 2
53 64 0.5 3
53 63 0.5 3
53 62 0.5 3
3 44 0.5 1
29 20 0.5 1
93 18 0.5 4
93 16 0.5 4
93 17 0.5 4
93 15 0.5 4
33 63 0.5 1
85 77 0.5 6
86 77 0.5 6
86 78 0.5 6
87 76 0.5 6
87 77 0.5 6
85 78 0.5 6
68 23 0.5 10
67 23 0.5 10
68 24 0.5 10
73 25 0.5 10
72 25 0.5 10
71 25 0.5 10
69 25 0.5 10
68 25 0.5 10
70 25 0.5 10
74 25 0.5 10
39 70 0.5 6
39 72 0.5 6
39 73 0.5 6
39 71 0.5 6
38 73 0.5 6
38 70 0.5 6
18 1 0.5 1
56 46 0.5 2
56 45 0.5 2
15 66 0.5 1
9 24 0.5 1
35 6 0.5 2
35 7 0.5 2
31 16 0.5 4
31 15 0.5 4
31 14 0.5 4
31 13 0.5 4
37 99 0.5 3
37 0 0.5 3
38 0 0.5 3
64 50 0.5 2
63 50 0.5 2
44 30 0.5 5
43 31 0.5 5
43 30 0.5 5
43 32 0.5 5
43 33 0.5 5
46 49 0.5 2
46 48 0.5 2
91 34 0.5 1
28 94 0.5 4
29 93 0.5 4
29 94 0.5 4
28 95 0.5 4
66 79 0.5 3
67 79 0.5 3
67 80 0.5 3
69 55 0.5 2
69 56 0.5 2
28 41 0.5 4
29 41 0.5 4
30 41 0.5 4
30 42 0.5 4
55 37 0.5 3
54 37 0.5 3
53 37 0.5 3
43 17 0.5 5
44 17 0.5 5
42 18 0.5 5
42 17 0.5 5
42 16 0.5 5
14 35 0.5 2
13 35 0.5 2
31 61 0.5 1
55 96 0.5 4
56 95 0.5 4
55 95 0.5 4
54 95 0.5 4
82 65 0.5 15
81 65 0.5 15
80 65 0.5 15
80 66 0.5 15
79 66 0.5 15
82 67 0.5 15
83 66 0.5 15
82 66 0.5 15
83 65 0.5 15
79 64 0.5 15
80 64 0.5 15
78 64 0.5 15
79 65 0.5 15
81 64 0.5 15
81 63 0.5 15
2 68 0.5 2
1 68 0.5 2
47 89 0.5 5
47 90 0.5 5
48 89 0.5 5
48 88 0.5 5
48 90 0.5 5
37 91 0.5 3
36 91 0.5 3
37 92 0.5 3
63 8 0.5 1
44 60 0.5 2
43 60 0.5 2
10 66 0.5 3
8 66 0.5 3
9 66 0.5 3
81 59 0.5 1
28 27 0.5 1
69 91 0.5 2
70 91 0.5 2
33 85 0.5 1
29 50 0.5 3
30 50 0.5 3
29 51 0.5 3
22 17 0.5 6
23 17 0.5 6
21 17 0.5 6
20 17 0.5 6
19 17 0.5 6
22 18 0.5 6
85 44 0.5 6
84 44 0.5 6
83 44 0.5 6
83 45 0.5 6
82 45 0.5 6
86 44 0.5 6
58 57 0.5 4
59 59 0.5 4
59 58 0.5 4
58 58 0.5 4
21 81 0.5 3
21 82 0.5 3
22 82 0.5 3
63 85 0.5 2
63 84 0.5 2
18 66 0.5 1
34 74 0.5 1
47 65 0.5 6
47 66 0.5 6
47 67 0.5 6
47 68 0.5 6
49 68 0.5 6
48 68 0.5 6
96 98 0.5 2
95 98 0.5 2
67 30 0.5 1
62 72 0.5 1
41 34 0.5 2
40 34 0.5 2
15 82 0.5 1
46 9 0.5 1
0 43 0.5 4
0 42 0.5 4
0 44 0.5 4
0 41 0.5 4
3 3 0.5 1
22 27 0.5 1
51 10 0.5 2
50 10 0.5 2
53 85 0.5 3
53 84 0.5 3
52 85 0.5 3
76 81 0.5 5
75 80 0.5 5
76 80 0.5 5
74 81 0.5 5
75 81 0.5 5
28 25 0.5 1
93 56 0.5 6
92 56 0.5 6
94 56 0.5 6
95 56 0.5 6
94 55 0.5 6
91 56 0.5 6
46 93 0.5 1
51 13 0.5 1
5 60 0.5 1
74 29 0.5 4
74 30 0.5 4
74 31 0.5 4
73 29 0.5 4
95 51 0.5 4
95 50 0.5 4
95 52 0.5 4
96 52 0.5 4
50 18 0.5 2
51 18 0.5 2
4 25 0.5 5
3 25 0.5 5
2 25 0.5 5
2 26 0.5 5
3 26 0.5 5
19 95 0.5 1
23 50 0.5 5
24 50 0.5 5
25 50 0.5 5
24 51 0.5 5
25 51 0.5 5
80 27 0.5 2
81 27 0.5 2
96 24 0.5 2
96 25 0.5 2
10 11 0.5 1
34 11 0.5 4
34 13 0.5 4
34 12 0.5 4
34 14 0.5 4
23 36 0.5 1
21 74 0.5 2
21 73 0.5 2
7 17 0.5 3
7 18 0.5 3
6 18 0.5 3
22 96 0.5 3
20 96 0.5 3
21 96 0.5 3
61 70 0.5 2
60 70 0.5 2
77 14 0.5 2
76 14 0.5 2
61 94 0.5 2
61 95 0.5 2
46 15 0.5 3
46 14 0.5 3
45 14 0.5 3
7 31 0.5 1
61 0 0.5 1
42 26 0.5 4
42 27 0.5 4
43 27 0.5 4
44 27 0.5 4
39 7 0.5 2
39 8 0.5 2
65 81 0.5 1
99 99 0.5 1
1 55 0.5 1
84 71 0.5 3
85 71 0.5 3
84 70 0.5 3
41 50 0.5 1
1 87 0.5 1
51 90 0.5 2
52 90 0.5 2
47 83 0.5 2
48 83 0.5 2
18 27 0.5 1
82 99 0.5 1
35 76 0.5 6
34 76 0.5 6
33 76 0.5 6
32 75 0.5 6
32 76 0.5 6
32 74 0.5 6
64 7 0.5 1
53 23 0.5 2
54 23 0.5 2
99 70 0.5 1
63 63 0.5 2
64 63 0.5 2
4 94 0.5 2
4 93 0.5 2
69 50 0.5 2
68 50 0.5 2
91 97 0.5 1
22 15 0.5 1
27 45 0.5 1
50 76 0.5 1
85 65 0.5 1
27 5 0.5 1
69 8 0.5 2
70 8 0.5 2
7 0 0.5 1
12 88 0.5 1
19 20 0.5 4
18 20 0.5 4
21 20 0.5 4
20 20 0.5 4
41 44 0.5 1
13 7 0.5 1
24 91 0.5 2
25 91 0.5 2
13 85 0.5 2
12 85 0.5 2
2 34 0.5 1
41 97 0.5 4
41 96 0.5 4
42 98 0.5 4
42 97 0.5 4
81 90 0.5 1
32 60 0.5 2
33 60 0.5 2
61 46 0.5 1
96 70 0.5 3
96 69 0.5 3
96 71 0.5 3
72 56 0.5 1
89 49 0.5 1
26 59 0.5 2
25 59 0.5 2
12 29 0.5 2
11 29 0.5 2
50 50 0.5 2
50 51 0.5 2
88 3 0.5 1
36 67 0.5 6
36 68 0.5 6
37 68 0.5 6
36 70 0.5 6
36 71 0.5 6
36 69 0.5 6
21 24 0.5 5
21 25 0.5 5
22 25 0.5 5
22 24 0.5 5
22 23 0.5 5
1 89 0.5 1
44 71 0.5 5
44 70 0.5 5
46 70 0.5 5
46 71 0.5 5
45 70 0.5 5
59 38 0.5 2
60 38 0.5 2
39 31 0.5 1
86 20 0.5 3
87 20 0.5 3
87 19 0.5 3
2 72 0.5 2
2 73 0.5 2
78 6 0.5 3
77 6 0.5 3
79 6 0.5 3
49 20 0.5 2
49 21 0.5 2
24 45 0.5 5
24 46 0.5 5
23 44 0.5 5
24 44 0.5 5
22 44 0.5 5
5 49 0.5 2
4 49 0.5 2
94 71 0.5 2
94 72 0.5 2
10 60 0.5 1
69 61 0.5 3
68 61 0.5 3
68 60 0.5 3
95 4 0.5 1
71 89 0.5 3
72 89 0.5 3
70 89 0.5 3
6 78 0.5 2
7 78 0.5 2
88 0 0.5 3
88 99 0.5 3
87 0 0.5 3
6 4 0.5 2
5 4 0.5 2
11 47 0.5 1
46 95 0.5 1
49 25 0.5 1
53 1 0.5 2
53 2 0.5 2
32 55 0.5 1
12 79 0.5 2
13 79 0.5 2
52 39 0.5 1
85 74 0.5 2
85 73 0.5 2
20 41 0.5 1
57 55 0.5 2
58 55 0.5 2
12 97 0.5 1
3 36 0.5 1
84 81 0.5 1
72 64 0.5 1
64 57 0.5 1
82 78 0.5 1
99 20 0.5 1
10 93 0.5 1
30 28 0.5 3
31 28 0.5 3
30 29 0.5 3
33 82 0.5 3
34 82 0.5 3
34 83 0.5 3
59 96 0.5 1
84 11 0.5 1
62 26 0.5 1
42 63 0.5 2
43 63 0.5 2
9 62 0.5 2
9 63 0.5 2
21 68 0.5 1
42 13 0.5 1
69 41 0.5 1
83 15 0.5 1
53 44 0.5 1
22 0 0.5 1
31 9 0.5 2
31 10 0.5 2
83 4 0.5 1
60 77 0.5 3
59 78 0.5 3
60 78 0.5 3
18 49 0.5 2
18 50 0.5 2
27 81 0.5 1
60 43 0.5 2
61 43 0.5 2
90 73 0.5 2
91 73 0.5 2
3 47 0.5 1
57 91 0.5 1
27 35 0.5 1
82 58 0.5 1
47 6 0.5 2
47 5 0.5 2
43 94 0.5 1
77 23 0.5 1
98 93 0.5 1
97 44 0.5 1
91 2 0.5 1
87 91 0.5 1
94 75 0.5 1
42 38 0.5 1
58 33 0.5 2
59 33 0.5 2
64 18 0.5 2
64 19 0.5 2
56 60 0.5 2
56 59 0.5 2
79 30 0.5 1
13 32 0.5 1
38 89 0.5 1
40 29 0.5 1
89 38 0.5 1
2 57 0.5 4
2 58 0.5 4
3 58 0.5 4
4 58 0.5 4
8 51 0.5 2
9 51 0.5 2
18 32 0.5 2
19 32 0.5 2
92 27 0.5 1
69 52 0.5 1
43 48 0.5 3
43 47 0.5 3
43 46 0.5 3
3 64 0.5 1
73 9 0.5 1
99 6 0.5 1
28 60 0.5 1
89 69 0.5 3
87 69 0.5 3
88 69 0.5 3
98 50 0.5 1
64 69 0.5 1
67 76 0.5 2
68 76 0.5 2
22 63 0.5 1
93 67 0.5 1
91 94 0.5 1
49 62 0.5 1
61 6 0.5 2
61 5 0.5 2
81 83 0.5 2
80 83 0.5 2
75 85 0.5 1
38 45 0.5 2
38 46 0.5 2
89 18 0.5 1
66 86 0.5 1
14 39 0.5 1
48 18 0.5 1
59 2 0.5 1
4 21 0.5 4
4 20 0.5 4
4 19 0.5 4
4 18 0.5 4
14 68 0.5 1
78 97 0.5 1
6 91 0.5 1
63 22 0.5 1
40 4 0.5 2
40 3 0.5 2
66 59 0.5 1
94 1 0.5 1
56 0 0.5 2
57 0 0.5 2
23 42 0.5 1
67 11 0.5 1
66 74 0.5 3
66 75 0.5 3
65 75 0.5 3
1 79 0.5 1
44 82 0.5 1
11 4 0.5 1
32 4 0.5 1
34 33 0.5 1
44 88 0.5 1
59 89 0.5 1
66 6 0.5 1
12 67 0.5 1
96 46 0.5 2
97 46 0.5 2
55 52 0.5 1
81 11 0.5 2
82 11 0.5 2
97 14 0.5 1
35 48 0.5 1
89 27 0.5 2
89 28 0.5 2
72 92 0.5 1
6 41 0.5 2
7 41 0.5 2
68 97 0.5 2
68 96 0.5 2
15 91 0.5 1
3 61 0.5 1
49 41 0.5 1
59 21 0.5 1
77 88 0.5 3
77 89 0.5 3
78 89 0.5 3
10 18 0.5 1
17 14 0.5 2
17 15 0.5 2
67 20 0.5 1
31 68 0.5 2
31 67 0.5 2
80 77 0.5 1
9 8 0.5 1
7 71 0.5 1
37 22 0.5 1
38 80 0.5 1
6 14 0.5 1
51 38 0.5 1
77 83 0.5 1
83 50 0.5 1
90 23 0.5 1
61 39 0.5 1
96 36 0.5 2
96 35 0.5 2
31 36 0.5 1
59 11 0.5 1
30 82 0.5 1
10 73 0.5 1
74 92 0.5 1
89 89 0.5 1
6 36 0.5 1
52 42 0.5 1
31 91 0.5 1
6 25 0.5 1
13 40 0.5 1
71 20 0.5 1
14 10 0.5 1
15 51 0.5 1
46 39 0.5 1
10 13 0.5 1
82 75 0.5 1
95 95 0.5 1
45 55 0.5 2
45 56 0.5 2
64 34 0.5 1
44 40 0.5 1
89 79 0.5 1
7 93 0.5 1
26 25 0.5 1
90 10 0.5 1
9 29 0.5 1
93 31 0.5 2
92 31 0.5 2
56 49 0.5 1
32 33 0.5 1
89 35 0.5 1
11 32 0.5 1
54 17 0.5 1
59 83 0.5 1
92 46 0.5 1
