64 69 0.5 20
66 69 0.5 20
66 70 0.5 20
65 69 0.5 20
64 68 0.5 20
63 69 0.5 20
66 72 0.5 20
67 71 0.5 20
66 71 0.5 20
62 69 0.5 20
62 70 0.5 20
62 72 0.5 20
62 71 0.5 20
61 70 0.5 20
60 67 0.5 20
60 69 0.5 20
60 70 0.5 20
59 70 0.5 20
60 68 0.5 20
59 71 0.5 20
2 22 0.5 3
1 22 0.5 3
1 21 0.5 3
15 69 0.5 10
14 69 0.5 10
14 67 0.5 10
13 67 0.5 10
14 68 0.5 10
12 70 0.5 10
13 70 0.5 10
11 70 0.5 10
14 70 0.5 10
10 70 0.5 10
2 45 0.5 16
3 45 0.5 16
4 45 0.5 16
1 45 0.5 16
8 45 0.5 16
7 45 0.5 16
7 46 0.5 16
6 46 0.5 16
5 45 0.5 16
6 45 0.5 16
5 44 0.5 16
8 46 0.5 16
2 44 0.5 16
8 48 0.5 16
8 47 0.5 16
9 47 0.5 16
72 29 0.5 23
70 29 0.5 23
71 29 0.5 23
73 29 0.5 23
75 29 0.5 23
74 29 0.5 23
75 28 0.5 23
74 30 0.5 23
74 31 0.5 23
67 29 0.5 23
67 28 0.5 23
69 29 0.5 23
68 29 0.5 23
68 28 0.5 23
68 27 0.5 23
75 27 0.5 23
66 25 0.5 23
68 26 0.5 23
67 26 0.5 23
66 26 0.5 23
67 27 0.5 23
65 25 0.5 23
68 25 0.5 23
10 26 0.5 57
10 27 0.5 57
11 26 0.5 57
9 27 0.5 57
12 26 0.5 57
7 25 0.5 57
7 26 0.5 57
8 26 0.5 57
9 26 0.5 57
6 25 0.5 57
7 27 0.5 57
13 26 0.5 57
14 26 0.5 57
12 25 0.5 57
11 25 0.5 57
16 28 0.5 57
15 28 0.5 57
15 27 0.5 57
15 25 0.5 57
15 26 0.5 57
16 24 0.5 57
16 25 0.5 57
17 29 0.5 57
17 28 0.5 57
7 24 0.5 57
6 24 0.5 57
6 23 0.5 57
20 29 0.5 57
19 29 0.5 57
19 28 0.5 57
18 29 0.5 57
18 30 0.5 57
16 34 0.5 57
16 35 0.5 57
15 38 0.5 57
15 37 0.5 57
15 36 0.5 57
15 35 0.5 57
17 34 0.5 57
17 35 0.5 57
20 31 0.5 57
19 31 0.5 57
20 32 0.5 57
18 31 0.5 57
19 30 0.5 57
21 32 0.5 57
18 32 0.5 57
17 32 0.5 57
17 33 0.5 57
22 33 0.5 57
21 33 0.5 57
21 34 0.5 57
23 33 0.5 57
24 33 0.5 57
25 33 0.5 57
11 28 0.5 57
10 28 0.5 57
26 64 0.5 38
26 63 0.5 38
24 64 0.5 38
24 65 0.5 38
25 64 0.5 38
23 61 0.5 38
24 63 0.5 38
24 61 0.5 38
24 62 0.5 38
25 69 0.5 38
26 69 0.5 38
24 69 0.5 38
23 70 0.5 38
24 70 0.5 38
25 70 0.5 38
26 67 0.5 38
25 67 0.5 38
24 68 0.5 38
24 67 0.5 38
23 66 0.5 38
23 67 0.5 38
27 69 0.5 38
27 68 0.5 38
27 70 0.5 38
28 69 0.5 38
27 67 0.5 38
28 67 0.5 38
29 70 0.5 38
30 70 0.5 38
28 70 0.5 38
29 69 0.5 38
29 66 0.5 38
28 66 0.5 38
27 64 0.5 38
28 64 0.5 38
28 65 0.5 38
27 65 0.5 38
23 60 0.5 38
76 40 0.5 31
77 40 0.5 31
77 41 0.5 31
75 39 0.5 31
74 39 0.5 31
75 40 0.5 31
75 38 0.5 31
77 39 0.5 31
78 39 0.5 31
79 39 0.5 31
80 39 0.5 31
81 39 0.5 31
79 40 0.5 31
82 39 0.5 31
82 40 0.5 31
81 40 0.5 31
81 41 0.5 31
83 39 0.5 31
83 38 0.5 31
73 41 0.5 31
73 42 0.5 31
72 42 0.5 31
74 41 0.5 31
75 43 0.5 31
75 42 0.5 31
74 43 0.5 31
73 43 0.5 31
76 43 0.5 31
75 44 0.5 31
73 40 0.5 31
74 40 0.5 31
34 74 0.5 4
35 74 0.5 4
36 74 0.5 4
36 75 0.5 4
88 86 0.5 43
88 87 0.5 43
88 85 0.5 43
90 86 0.5 43
90 87 0.5 43
90 85 0.5 43
89 87 0.5 43
90 84 0.5 43
88 84 0.5 43
89 84 0.5 43
88 82 0.5 43
88 83 0.5 43
89 82 0.5 43
87 84 0.5 43
87 83 0.5 43
90 92 0.5 43
91 92 0.5 43
89 92 0.5 43
89 91 0.5 43
90 93 0.5 43
87 90 0.5 43
88 90 0.5 43
88 89 0.5 43
89 90 0.5 43
88 88 0.5 43
89 88 0.5 43
92 92 0.5 43
85 81 0.5 43
85 80 0.5 43
84 79 0.5 43
85 79 0.5 43
85 82 0.5 43
85 83 0.5 43
84 82 0.5 43
86 83 0.5 43
86 87 0.5 43
86 86 0.5 43
85 86 0.5 43
84 84 0.5 43
85 84 0.5 43
84 85 0.5 43
84 86 0.5 43
83 84 0.5 43
40 20 0.5 55
40 19 0.5 55
39 19 0.5 55
36 20 0.5 55
36 19 0.5 55
37 19 0.5 55
38 19 0.5 55
35 20 0.5 55
34 20 0.5 55
34 21 0.5 55
34 19 0.5 55
32 22 0.5 55
32 23 0.5 55
34 22 0.5 55
33 22 0.5 55
33 20 0.5 55
31 22 0.5 55
40 21 0.5 55
40 22 0.5 55
35 28 0.5 55
36 27 0.5 55
35 27 0.5 55
34 27 0.5 55
34 23 0.5 55
34 25 0.5 55
34 24 0.5 55
34 26 0.5 55
35 26 0.5 55
33 24 0.5 55
43 26 0.5 55
43 25 0.5 55
41 25 0.5 55
42 25 0.5 55
44 25 0.5 55
41 26 0.5 55
41 27 0.5 55
40 26 0.5 55
41 24 0.5 55
41 23 0.5 55
41 22 0.5 55
43 10 0.5 55
43 11 0.5 55
44 11 0.5 55
41 13 0.5 55
42 13 0.5 55
42 14 0.5 55
43 13 0.5 55
43 12 0.5 55
42 20 0.5 55
42 18 0.5 55
41 19 0.5 55
42 19 0.5 55
42 17 0.5 55
42 16 0.5 55
42 15 0.5 55
21 48 0.5 15
20 48 0.5 15
20 49 0.5 15
22 49 0.5 15
22 48 0.5 15
23 49 0.5 15
22 50 0.5 15
25 49 0.5 15
25 48 0.5 15
24 49 0.5 15
24 50 0.5 15
24 51 0.5 15
23 50 0.5 15
21 47 0.5 15
20 47 0.5 15
80 0 0.5 34
80 1 0.5 34
79 0 0.5 34
79 99 0.5 34
77 0 0.5 34
78 1 0.5 34
77 1 0.5 34
78 0 0.5 34
79 98 0.5 34
83 1 0.5 34
83 2 0.5 34
82 1 0.5 34
81 1 0.5 34
81 2 0.5 34
87 0 0.5 34
86 0 0.5 34
86 99 0.5 34
85 99 0.5 34
84 99 0.5 34
84 0 0.5 34
83 0 0.5 34
83 98 0.5 34
82 98 0.5 34
81 98 0.5 34
80 98 0.5 34
82 97 0.5 34
82 96 0.5 34
80 97 0.5 34
80 96 0.5 34
82 93 0.5 34
82 94 0.5 34
82 95 0.5 34
81 93 0.5 34
81 92 0.5 34
40 47 0.5 6
40 46 0.5 6
40 44 0.5 6
40 45 0.5 6
39 43 0.5 6
39 44 0.5 6
28 96 0.5 22
27 96 0.5 22
28 97 0.5 22
27 97 0.5 22
28 95 0.5 22
27 94 0.5 22
27 95 0.5 22
26 94 0.5 22
25 94 0.5 22
28 94 0.5 22
27 93 0.5 22
26 93 0.5 22
25 93 0.5 22
29 96 0.5 22
24 2 0.5 22
24 1 0.5 22
25 0 0.5 22
25 1 0.5 22
26 99 0.5 22
25 99 0.5 22
26 98 0.5 22
27 98 0.5 22
94 6 0.5 22
93 6 0.5 22
92 6 0.5 22
96 4 0.5 22
96 5 0.5 22
96 3 0.5 22
97 3 0.5 22
94 5 0.5 22
95 5 0.5 22
97 2 0.5 22
92 5 0.5 22
92 4 0.5 22
97 1 0.5 22
91 5 0.5 22
98 2 0.5 22
99 2 0.5 22
94 7 0.5 22
98 3 0.5 22
90 7 0.5 22
90 6 0.5 22
90 5 0.5 22
94 8 0.5 22
87 54 0.5 27
88 54 0.5 27
89 54 0.5 27
89 53 0.5 27
86 54 0.5 27
90 53 0.5 27
87 53 0.5 27
84 56 0.5 27
84 55 0.5 27
85 55 0.5 27
84 59 0.5 27
84 57 0.5 27
84 58 0.5 27
85 54 0.5 27
90 52 0.5 27
88 56 0.5 27
88 55 0.5 27
88 57 0.5 27
89 57 0.5 27
90 57 0.5 27
87 56 0.5 27
89 52 0.5 27
89 50 0.5 27
89 51 0.5 27
90 51 0.5 27
87 50 0.5 27
88 50 0.5 27
50 97 0.5 24
49 97 0.5 24
48 96 0.5 24
49 96 0.5 24
49 95 0.5 24
48 92 0.5 24
50 92 0.5 24
50 93 0.5 24
49 92 0.5 24
51 93 0.5 24
50 94 0.5 24
49 94 0.5 24
47 92 0.5 24
44 94 0.5 24
44 95 0.5 24
44 97 0.5 24
44 96 0.5 24
46 97 0.5 24
45 97 0.5 24
46 96 0.5 24
47 95 0.5 24
47 96 0.5 24
43 97 0.5 24
43 96 0.5 24
10 54 0.5 31
9 54 0.5 31
11 55 0.5 31
11 54 0.5 31
6 56 0.5 31
5 56 0.5 31
5 57 0.5 31
6 57 0.5 31
4 57 0.5 31
4 59 0.5 31
4 58 0.5 31
5 60 0.5 31
6 59 0.5 31
5 59 0.5 31
7 56 0.5 31
7 55 0.5 31
7 54 0.5 31
7 59 0.5 31
8 54 0.5 31
8 53 0.5 31
11 50 0.5 31
11 51 0.5 31
11 52 0.5 31
11 53 0.5 31
10 53 0.5 31
9 53 0.5 31
6 61 0.5 31
5 61 0.5 31
3 59 0.5 31
3 60 0.5 31
3 61 0.5 31
55 22 0.5 13
53 21 0.5 13
53 20 0.5 13
53 22 0.5 13
54 21 0.5 13
54 22 0.5 13
55 21 0.5 13
53 17 0.5 13
53 18 0.5 13
53 19 0.5 13
52 22 0.5 13
51 23 0.5 13
51 22 0.5 13
50 47 0.5 10
51 47 0.5 10
51 46 0.5 10
50 48 0.5 10
50 49 0.5 10
51 49 0.5 10
52 49 0.5 10
48 49 0.5 10
49 49 0.5 10
51 45 0.5 10
64 37 0.5 18
65 37 0.5 18
63 37 0.5 18
61 35 0.5 18
62 35 0.5 18
60 35 0.5 18
63 36 0.5 18
62 36 0.5 18
60 32 0.5 18
60 33 0.5 18
60 34 0.5 18
62 37 0.5 18
66 37 0.5 18
66 36 0.5 18
66 38 0.5 18
59 34 0.5 18
59 35 0.5 18
62 38 0.5 18
51 75 0.5 19
50 74 0.5 19
50 73 0.5 19
51 74 0.5 19
49 73 0.5 19
51 76 0.5 19
52 77 0.5 19
51 77 0.5 19
50 72 0.5 19
55 77 0.5 19
54 77 0.5 19
53 77 0.5 19
56 79 0.5 19
55 79 0.5 19
55 78 0.5 19
54 78 0.5 19
52 78 0.5 19
53 78 0.5 19
53 79 0.5 19
31 41 0.5 23
32 41 0.5 23
30 41 0.5 23
31 40 0.5 23
30 43 0.5 23
30 42 0.5 23
29 43 0.5 23
28 43 0.5 23
36 39 0.5 23
36 40 0.5 23
37 39 0.5 23
33 40 0.5 23
34 40 0.5 23
35 40 0.5 23
33 41 0.5 23
33 42 0.5 23
32 42 0.5 23
35 38 0.5 23
36 38 0.5 23
34 38 0.5 23
34 37 0.5 23
33 37 0.5 23
35 37 0.5 23
83 15 0.5 7
83 16 0.5 7
84 16 0.5 7
84 15 0.5 7
85 16 0.5 7
86 16 0.5 7
86 15 0.5 7
66 87 0.5 16
67 87 0.5 16
65 87 0.5 16
64 87 0.5 16
65 88 0.5 16
71 88 0.5 16
71 87 0.5 16
68 88 0.5 16
69 88 0.5 16
70 88 0.5 16
68 87 0.5 16
70 87 0.5 16
72 88 0.5 16
64 88 0.5 16
63 88 0.5 16
62 88 0.5 16
55 68 0.5 3
55 67 0.5 3
55 66 0.5 3
59 20 0.5 24
59 18 0.5 24
60 18 0.5 24
60 20 0.5 24
60 19 0.5 24
61 21 0.5 24
61 20 0.5 24
62 20 0.5 24
63 20 0.5 24
63 19 0.5 24
62 18 0.5 24
63 18 0.5 24
64 18 0.5 24
59 21 0.5 24
64 20 0.5 24
65 20 0.5 24
68 20 0.5 24
67 20 0.5 24
66 20 0.5 24
58 17 0.5 24
56 17 0.5 24
57 17 0.5 24
58 18 0.5 24
64 21 0.5 24
34 4 0.5 8
35 5 0.5 8
34 5 0.5 8
36 5 0.5 8
37 5 0.5 8
33 3 0.5 8
33 4 0.5 8
32 4 0.5 8
78 91 0.5 4
79 91 0.5 4
79 93 0.5 4
79 92 0.5 4
15 12 0.5 43
16 13 0.5 43
15 13 0.5 43
16 14 0.5 43
14 13 0.5 43
13 12 0.5 43
14 12 0.5 43
12 12 0.5 43
12 13 0.5 43
16 9 0.5 43
15 9 0.5 43
16 11 0.5 43
15 11 0.5 43
15 10 0.5 43
16 12 0.5 43
15 8 0.5 43
16 8 0.5 43
17 8 0.5 43
16 7 0.5 43
16 6 0.5 43
15 7 0.5 43
14 6 0.5 43
15 6 0.5 43
13 6 0.5 43
17 12 0.5 43
18 11 0.5 43
18 13 0.5 43
18 12 0.5 43
12 6 0.5 43
12 5 0.5 43
11 5 0.5 43
11 6 0.5 43
10 4 0.5 43
11 4 0.5 43
9 4 0.5 43
16 3 0.5 43
16 4 0.5 43
15 5 0.5 43
16 5 0.5 43
15 3 0.5 43
14 3 0.5 43
14 2 0.5 43
13 3 0.5 43
82 13 0.5 9
81 13 0.5 9
81 14 0.5 9
80 13 0.5 9
83 13 0.5 9
79 15 0.5 9
79 14 0.5 9
79 13 0.5 9
78 13 0.5 9
10 94 0.5 8
11 94 0.5 8
10 93 0.5 8
11 93 0.5 8
12 94 0.5 8
12 93 0.5 8
13 93 0.5 8
12 95 0.5 8
9 80 0.5 12
11 79 0.5 12
11 80 0.5 12
10 80 0.5 12
11 83 0.5 12
10 83 0.5 12
10 82 0.5 12
10 81 0.5 12
10 84 0.5 12
11 81 0.5 12
12 81 0.5 12
13 81 0.5 12
68 49 0.5 17
69 49 0.5 17
67 49 0.5 17
67 50 0.5 17
67 51 0.5 17
67 52 0.5 17
66 53 0.5 17
66 54 0.5 17
66 52 0.5 17
67 55 0.5 17
66 55 0.5 17
65 51 0.5 17
66 51 0.5 17
67 48 0.5 17
67 47 0.5 17
67 46 0.5 17
66 46 0.5 17
90 24 0.5 41
90 25 0.5 41
89 26 0.5 41
90 26 0.5 41
88 26 0.5 41
91 26 0.5 41
91 25 0.5 41
89 25 0.5 41
93 25 0.5 41
92 25 0.5 41
88 22 0.5 41
88 23 0.5 41
88 24 0.5 41
88 25 0.5 41
89 22 0.5 41
88 28 0.5 41
88 27 0.5 41
90 28 0.5 41
89 28 0.5 41
91 28 0.5 41
93 29 0.5 41
93 30 0.5 41
94 30 0.5 41
94 28 0.5 41
93 28 0.5 41
92 28 0.5 41
96 27 0.5 41
97 27 0.5 41
98 27 0.5 41
98 26 0.5 41
96 28 0.5 41
95 27 0.5 41
94 27 0.5 41
94 26 0.5 41
0 26 0.5 41
99 26 0.5 41
1 28 0.5 41
2 28 0.5 41
0 29 0.5 41
0 28 0.5 41
0 27 0.5 41
90 37 0.5 2
89 37 0.5 2
95 53 0.5 9
94 53 0.5 9
93 53 0.5 9
94 52 0.5 9
95 54 0.5 9
92 51 0.5 9
92 52 0.5 9
92 53 0.5 9
96 53 0.5 9
35 58 0.5 29
36 60 0.5 29
35 59 0.5 29
35 60 0.5 29
42 61 0.5 29
41 61 0.5 29
40 61 0.5 29
39 61 0.5 29
38 61 0.5 29
37 59 0.5 29
38 60 0.5 29
37 60 0.5 29
42 60 0.5 29
42 59 0.5 29
42 58 0.5 29
43 57 0.5 29
43 56 0.5 29
43 58 0.5 29
35 61 0.5 29
42 64 0.5 29
41 64 0.5 29
40 64 0.5 29
40 62 0.5 29
40 63 0.5 29
43 64 0.5 29
42 65 0.5 29
41 65 0.5 29
44 65 0.5 29
44 64 0.5 29
50 36 0.5 2
50 35 0.5 2
51 60 0.5 9
51 61 0.5 9
52 61 0.5 9
52 60 0.5 9
50 61 0.5 9
53 61 0.5 9
51 62 0.5 9
51 63 0.5 9
52 63 0.5 9
44 33 0.5 1
33 72 0.5 2
33 71 0.5 2
92 75 0.5 12
92 74 0.5 12
93 76 0.5 12
92 76 0.5 12
93 70 0.5 12
93 71 0.5 12
93 72 0.5 12
94 70 0.5 12
92 71 0.5 12
92 73 0.5 12
93 73 0.5 12
94 73 0.5 12
28 9 0.5 18
28 8 0.5 18
28 7 0.5 18
27 11 0.5 18
27 9 0.5 18
27 10 0.5 18
26 11 0.5 18
25 11 0.5 18
24 11 0.5 18
31 11 0.5 18
31 12 0.5 18
30 11 0.5 18
30 10 0.5 18
31 13 0.5 18
30 13 0.5 18
29 10 0.5 18
29 9 0.5 18
24 10 0.5 18
8 40 0.5 14
7 40 0.5 14
9 39 0.5 14
10 39 0.5 14
10 40 0.5 14
11 40 0.5 14
9 40 0.5 14
8 39 0.5 14
8 38 0.5 14
8 37 0.5 14
9 37 0.5 14
10 37 0.5 14
11 38 0.5 14
10 38 0.5 14
3 10 0.5 1
65 60 0.5 17
66 60 0.5 17
66 62 0.5 17
66 61 0.5 17
67 61 0.5 17
64 60 0.5 17
68 61 0.5 17
69 61 0.5 17
70 61 0.5 17
71 58 0.5 17
71 57 0.5 17
71 56 0.5 17
70 56 0.5 17
71 60 0.5 17
70 60 0.5 17
71 59 0.5 17
72 56 0.5 17
17 79 0.5 2
16 79 0.5 2
4 81 0.5 16
2 84 0.5 16
3 82 0.5 16
2 82 0.5 16
2 83 0.5 16
3 81 0.5 16
1 85 0.5 16
2 85 0.5 16
2 86 0.5 16
3 86 0.5 16
3 87 0.5 16
1 83 0.5 16
3 88 0.5 16
3 89 0.5 16
2 90 0.5 16
3 90 0.5 16
97 42 0.5 4
96 43 0.5 4
96 44 0.5 4
97 43 0.5 4
23 91 0.5 7
23 92 0.5 7
21 89 0.5 7
21 88 0.5 7
22 91 0.5 7
21 90 0.5 7
22 90 0.5 7
65 82 0.5 2
66 82 0.5 2
34 56 0.5 10
33 56 0.5 10
35 56 0.5 10
33 58 0.5 10
33 57 0.5 10
32 57 0.5 10
32 56 0.5 10
36 55 0.5 10
36 54 0.5 10
35 55 0.5 10
58 56 0.5 6
58 57 0.5 6
56 56 0.5 6
56 57 0.5 6
57 57 0.5 6
56 58 0.5 6
41 90 0.5 10
41 89 0.5 10
40 90 0.5 10
40 89 0.5 10
37 90 0.5 10
39 90 0.5 10
38 92 0.5 10
38 91 0.5 10
38 90 0.5 10
38 93 0.5 10
97 34 0.5 3
98 33 0.5 3
97 33 0.5 3
85 9 0.5 2
85 10 0.5 2
78 65 0.5 10
79 65 0.5 10
80 65 0.5 10
75 66 0.5 10
75 65 0.5 10
75 67 0.5 10
77 66 0.5 10
78 66 0.5 10
76 66 0.5 10
74 65 0.5 10
34 98 0.5 2
34 97 0.5 2
98 15 0.5 6
98 14 0.5 6
99 15 0.5 6
97 16 0.5 6
98 16 0.5 6
96 16 0.5 6
56 41 0.5 1
28 18 0.5 2
29 18 0.5 2
57 1 0.5 3
56 2 0.5 3
57 2 0.5 3
97 91 0.5 7
98 90 0.5 7
98 91 0.5 7
97 93 0.5 7
98 93 0.5 7
97 92 0.5 7
99 93 0.5 7
91 39 0.5 1
34 85 0.5 5
33 86 0.5 5
33 85 0.5 5
31 85 0.5 5
32 85 0.5 5
74 71 0.5 7
74 72 0.5 7
74 73 0.5 7
75 73 0.5 7
73 73 0.5 7
72 74 0.5 7
72 73 0.5 7
36 9 0.5 4
37 9 0.5 4
37 8 0.5 4
37 7 0.5 4
34 78 0.5 5
35 78 0.5 5
37 78 0.5 5
36 78 0.5 5
34 77 0.5 5
70 85 0.5 1
23 40 0.5 1
16 59 0.5 1
52 99 0.5 1
84 61 0.5 2
84 62 0.5 2
6 96 0.5 1
7 1 0.5 1
7 77 0.5 2
8 77 0.5 2
29 78 0.5 1
18 93 0.5 1
41 79 0.5 1
