64 70 0.5 20
66 70 0.5 20
66 71 0.5 20
65 70 0.5 20
64 69 0.5 20
63 70 0.5 20
66 73 0.5 20
67 72 0.5 20
66 72 0.5 20
62 70 0.5 20
62 71 0.5 20
62 73 0.5 20
62 72 0.5 20
61 71 0.5 20
60 68 0.5 20
60 70 0.5 20
60 71 0.5 20
59 71 0.5 20
60 69 0.5 20
59 72 0.5 20
2 21 0.5 3
1 21 0.5 3
1 20 0.5 3
15 70 0.5 10
14 70 0.5 10
14 68 0.5 10
13 68 0.5 10
14 69 0.5 10
12 71 0.5 10
13 71 0.5 10
11 71 0.5 10
14 71 0.5 10
10 71 0.5 10
2 46 0.5 16
3 46 0.5 16
4 46 0.5 16
1 46 0.5 16
8 46 0.5 16
7 46 0.5 16
7 47 0.5 16
6 47 0.5 16
5 46 0.5 16
6 46 0.5 16
5 45 0.5 16
8 47 0.5 16
2 45 0.5 16
8 49 0.5 16
8 48 0.5 16
9 48 0.5 16
73 29 0.5 23
71 29 0.5 23
72 29 0.5 23
74 29 0.5 23
76 29 0.5 23
75 29 0.5 23
76 28 0.5 23
75 30 0.5 23
75 31 0.5 23
68 29 0.5 23
68 28 0.5 23
70 29 0.5 23
69 29 0.5 23
69 28 0.5 23
69 27 0.5 23
76 27 0.5 23
67 25 0.5 23
69 26 0.5 23
68 26 0.5 23
67 26 0.5 23
68 27 0.5 23
66 25 0.5 23
69 25 0.5 23
9 26 0.5 57
9 27 0.5 57
10 26 0.5 57
8 27 0.5 57
11 26 0.5 57
6 25 0.5 57
6 26 0.5 57
7 26 0.5 57
8 26 0.5 57
5 25 0.5 57
6 27 0.5 57
12 26 0.5 57
13 26 0.5 57
11 25 0.5 57
10 25 0.5 57
15 28 0.5 57
14 28 0.5 57
14 27 0.5 57
14 25 0.5 57
14 26 0.5 57
15 24 0.5 57
15 25 0.5 57
16 29 0.5 57
16 28 0.5 57
6 24 0.5 57
5 24 0.5 57
5 23 0.5 57
19 29 0.5 57
18 29 0.5 57
18 28 0.5 57
17 29 0.5 57
17 30 0.5 57
15 34 0.5 57
15 35 0.5 57
14 38 0.5 57
14 37 0.5 57
14 36 0.5 57
14 35 0.5 57
16 34 0.5 57
16 35 0.5 57
19 31 0.5 57
18 31 0.5 57
19 32 0.5 57
17 31 0.5 57
18 30 0.5 57
20 32 0.5 57
17 32 0.5 57
16 32 0.5 57
16 33 0.5 57
21 33 0.5 57
20 33 0.5 57
20 34 0.5 57
22 33 0.5 57
23 33 0.5 57
24 33 0.5 57
10 28 0.5 57
9 28 0.5 57
26 63 0.5 38
26 62 0.5 38
24 63 0.5 38
24 64 0.5 38
25 63 0.5 38
23 60 0.5 38
24 62 0.5 38
24 60 0.5 38
24 61 0.5 38
25 68 0.5 38
26 68 0.5 38
24 68 0.5 38
23 69 0.5 38
24 69 0.5 38
25 69 0.5 38
26 66 0.5 38
25 66 0.5 38
24 67 0.5 38
24 66 0.5 38
23 65 0.5 38
23 66 0.5 38
27 68 0.5 38
27 67 0.5 38
27 69 0.5 38
28 68 0.5 38
27 66 0.5 38
28 66 0.5 38
29 69 0.5 38
30 69 0.5 38
28 69 0.5 38
29 68 0.5 38
29 65 0.5 38
28 65 0.5 38
27 63 0.5 38
28 63 0.5 38
28 64 0.5 38
27 64 0.5 38
23 59 0.5 38
77 40 0.5 31
78 40 0.5 31
78 41 0.5 31
76 39 0.5 31
75 39 0.5 31
76 40 0.5 31
76 38 0.5 31
78 39 0.5 31
79 39 0.5 31
80 39 0.5 31
81 39 0.5 31
82 39 0.5 31
80 40 0.5 31
83 39 0.5 31
83 40 0.5 31
82 40 0.5 31
82 41 0.5 31
84 39 0.5 31
84 38 0.5 31
74 41 0.5 31
74 42 0.5 31
73 42 0.5 31
75 41 0.5 31
76 43 0.5 31
76 42 0.5 31
75 43 0.5 31
74 43 0.5 31
77 43 0.5 31
76 44 0.5 31
74 40 0.5 31
75 40 0.5 31
35 74 0.5 4
36 74 0.5 4
37 74 0.5 4
37 75 0.5 4
89 86 0.5 43
89 87 0.5 43
89 85 0.5 43
91 86 0.5 43
91 87 0.5 43
91 85 0.5 43
90 87 0.5 43
91 84 0.5 43
89 84 0.5 43
90 84 0.5 43
89 82 0.5 43
89 83 0.5 43
90 82 0.5 43
88 84 0.5 43
88 83 0.5 43
91 92 0.5 43
92 92 0.5 43
90 92 0.5 43
90 91 0.5 43
91 93 0.5 43
88 90 0.5 43
89 90 0.5 43
89 89 0.5 43
90 90 0.5 43
89 88 0.5 43
90 88 0.5 43
93 92 0.5 43
86 81 0.5 43
86 80 0.5 43
85 79 0.5 43
86 79 0.5 43
86 82 0.5 43
86 83 0.5 43
85 82 0.5 43
87 83 0.5 43
87 87 0.5 43
87 86 0.5 43
86 86 0.5 43
85 84 0.5 43
86 84 0.5 43
85 85 0.5 43
85 86 0.5 43
84 84 0.5 43
40 21 0.5 55
40 20 0.5 55
39 20 0.5 55
36 21 0.5 55
36 20 0.5 55
37 20 0.5 55
38 20 0.5 55
35 21 0.5 55
34 21 0.5 55
34 22 0.5 55
34 20 0.5 55
32 23 0.5 55
32 24 0.5 55
34 23 0.5 55
33 23 0.5 55
33 21 0.5 55
31 23 0.5 55
40 22 0.5 55
40 23 0.5 55
35 29 0.5 55
36 28 0.5 55
35 28 0.5 55
34 28 0.5 55
34 24 0.5 55
34 26 0.5 55
34 25 0.5 55
34 27 0.5 55
35 27 0.5 55
33 25 0.5 55
43 27 0.5 55
43 26 0.5 55
41 26 0.5 55
42 26 0.5 55
44 26 0.5 55
41 27 0.5 55
41 28 0.5 55
40 27 0.5 55
41 25 0.5 55
41 24 0.5 55
41 23 0.5 55
43 11 0.5 55
43 12 0.5 55
44 12 0.5 55
41 14 0.5 55
42 14 0.5 55
42 15 0.5 55
43 14 0.5 55
43 13 0.5 55
42 21 0.5 55
42 19 0.5 55
41 20 0.5 55
42 20 0.5 55
42 18 0.5 55
42 17 0.5 55
42 16 0.5 55
21 47 0.5 15
20 47 0.5 15
20 48 0.5 15
22 48 0.5 15
22 47 0.5 15
23 48 0.5 15
22 49 0.5 15
25 48 0.5 15
25 47 0.5 15
24 48 0.5 15
24 49 0.5 15
24 50 0.5 15
23 49 0.5 15
21 46 0.5 15
20 46 0.5 15
80 1 0.5 34
80 2 0.5 34
79 1 0.5 34
79 0 0.5 34
77 1 0.5 34
78 2 0.5 34
77 2 0.5 34
78 1 0.5 34
79 99 0.5 34
83 2 0.5 34
83 3 0.5 34
82 2 0.5 34
81 2 0.5 34
81 3 0.5 34
87 1 0.5 34
86 1 0.5 34
86 0 0.5 34
85 0 0.5 34
84 0 0.5 34
84 1 0.5 34
83 1 0.5 34
83 99 0.5 34
82 99 0.5 34
81 99 0.5 34
80 99 0.5 34
82 98 0.5 34
82 97 0.5 34
80 98 0.5 34
80 97 0.5 34
82 94 0.5 34
82 95 0.5 34
82 96 0.5 34
81 94 0.5 34
81 93 0.5 34
40 48 0.5 6
40 47 0.5 6
40 45 0.5 6
40 46 0.5 6
39 44 0.5 6
39 45 0.5 6
28 97 0.5 22
27 97 0.5 22
28 98 0.5 22
27 98 0.5 22
28 96 0.5 22
27 95 0.5 22
27 96 0.5 22
26 95 0.5 22
25 95 0.5 22
28 95 0.5 22
27 94 0.5 22
26 94 0.5 22
25 94 0.5 22
29 97 0.5 22
24 3 0.5 22
24 2 0.5 22
25 1 0.5 22
25 2 0.5 22
26 0 0.5 22
25 0 0.5 22
26 99 0.5 22
27 99 0.5 22
94 7 0.5 22
93 7 0.5 22
92 7 0.5 22
96 5 0.5 22
96 6 0.5 22
96 4 0.5 22
97 4 0.5 22
94 6 0.5 22
95 6 0.5 22
97 3 0.5 22
92 6 0.5 22
92 5 0.5 22
97 2 0.5 22
91 6 0.5 22
98 3 0.5 22
99 3 0.5 22
94 8 0.5 22
98 4 0.5 22
90 8 0.5 22
90 7 0.5 22
90 6 0.5 22
94 9 0.5 22
87 55 0.5 29
88 55 0.5 29
89 55 0.5 29
89 54 0.5 29
86 55 0.5 29
90 54 0.5 29
87 54 0.5 29
84 57 0.5 29
84 56 0.5 29
85 56 0.5 29
84 60 0.5 29
84 58 0.5 29
84 59 0.5 29
85 55 0.5 29
90 53 0.5 29
88 57 0.5 29
88 56 0.5 29
88 58 0.5 29
89 58 0.5 29
90 58 0.5 29
87 57 0.5 29
89 53 0.5 29
89 51 0.5 29
89 52 0.5 29
90 52 0.5 29
87 51 0.5 29
88 51 0.5 29
84 61 0.5 29
84 62 0.5 29
49 97 0.5 24
48 97 0.5 24
47 96 0.5 24
48 96 0.5 24
48 95 0.5 24
47 92 0.5 24
49 92 0.5 24
49 93 0.5 24
48 92 0.5 24
50 93 0.5 24
49 94 0.5 24
48 94 0.5 24
46 92 0.5 24
43 94 0.5 24
43 95 0.5 24
43 97 0.5 24
43 96 0.5 24
45 97 0.5 24
44 97 0.5 24
45 96 0.5 24
46 95 0.5 24
46 96 0.5 24
42 97 0.5 24
42 96 0.5 24
10 55 0.5 31
9 55 0.5 31
11 56 0.5 31
11 55 0.5 31
6 57 0.5 31
5 57 0.5 31
5 58 0.5 31
6 58 0.5 31
4 58 0.5 31
4 60 0.5 31
4 59 0.5 31
5 61 0.5 31
6 60 0.5 31
5 60 0.5 31
7 57 0.5 31
7 56 0.5 31
7 55 0.5 31
7 60 0.5 31
8 55 0.5 31
8 54 0.5 31
11 51 0.5 31
11 52 0.5 31
11 53 0.5 31
11 54 0.5 31
10 54 0.5 31
9 54 0.5 31
6 62 0.5 31
5 62 0.5 31
3 60 0.5 31
3 61 0.5 31
3 62 0.5 31
55 23 0.5 13
53 22 0.5 13
53 21 0.5 13
53 23 0.5 13
54 22 0.5 13
54 23 0.5 13
55 22 0.5 13
53 18 0.5 13
53 19 0.5 13
53 20 0.5 13
52 23 0.5 13
51 24 0.5 13
51 23 0.5 13
49 47 0.5 10
50 47 0.5 10
50 46 0.5 10
49 48 0.5 10
49 49 0.5 10
50 49 0.5 10
51 49 0.5 10
47 49 0.5 10
48 49 0.5 10
50 45 0.5 10
64 36 0.5 18
65 36 0.5 18
63 36 0.5 18
61 34 0.5 18
62 34 0.5 18
60 34 0.5 18
63 35 0.5 18
62 35 0.5 18
60 31 0.5 18
60 32 0.5 18
60 33 0.5 18
62 36 0.5 18
66 36 0.5 18
66 35 0.5 18
66 37 0.5 18
59 33 0.5 18
59 34 0.5 18
62 37 0.5 18
52 75 0.5 19
51 74 0.5 19
51 73 0.5 19
52 74 0.5 19
50 73 0.5 19
52 76 0.5 19
53 77 0.5 19
52 77 0.5 19
51 72 0.5 19
56 77 0.5 19
55 77 0.5 19
54 77 0.5 19
57 79 0.5 19
56 79 0.5 19
56 78 0.5 19
55 78 0.5 19
53 78 0.5 19
54 78 0.5 19
54 79 0.5 19
30 41 0.5 23
31 41 0.5 23
29 41 0.5 23
30 40 0.5 23
29 43 0.5 23
29 42 0.5 23
28 43 0.5 23
27 43 0.5 23
35 39 0.5 23
35 40 0.5 23
36 39 0.5 23
32 40 0.5 23
33 40 0.5 23
34 40 0.5 23
32 41 0.5 23
32 42 0.5 23
31 42 0.5 23
34 38 0.5 23
35 38 0.5 23
33 38 0.5 23
33 37 0.5 23
32 37 0.5 23
34 37 0.5 23
84 15 0.5 7
84 16 0.5 7
85 16 0.5 7
85 15 0.5 7
86 16 0.5 7
87 16 0.5 7
87 15 0.5 7
66 88 0.5 16
67 88 0.5 16
65 88 0.5 16
64 88 0.5 16
65 89 0.5 16
71 89 0.5 16
71 88 0.5 16
68 89 0.5 16
69 89 0.5 16
70 89 0.5 16
68 88 0.5 16
70 88 0.5 16
72 89 0.5 16
64 89 0.5 16
63 89 0.5 16
62 89 0.5 16
55 67 0.5 3
55 66 0.5 3
55 65 0.5 3
59 19 0.5 24
59 17 0.5 24
60 17 0.5 24
60 19 0.5 24
60 18 0.5 24
61 20 0.5 24
61 19 0.5 24
62 19 0.5 24
63 19 0.5 24
63 18 0.5 24
62 17 0.5 24
63 17 0.5 24
64 17 0.5 24
59 20 0.5 24
64 19 0.5 24
65 19 0.5 24
68 19 0.5 24
67 19 0.5 24
66 19 0.5 24
58 16 0.5 24
56 16 0.5 24
57 16 0.5 24
58 17 0.5 24
64 20 0.5 24
35 4 0.5 8
36 5 0.5 8
35 5 0.5 8
37 5 0.5 8
38 5 0.5 8
34 3 0.5 8
34 4 0.5 8
33 4 0.5 8
78 90 0.5 4
79 90 0.5 4
79 92 0.5 4
79 91 0.5 4
15 11 0.5 43
16 12 0.5 43
15 12 0.5 43
16 13 0.5 43
14 12 0.5 43
13 11 0.5 43
14 11 0.5 43
12 11 0.5 43
12 12 0.5 43
16 8 0.5 43
15 8 0.5 43
16 10 0.5 43
15 10 0.5 43
15 9 0.5 43
16 11 0.5 43
15 7 0.5 43
16 7 0.5 43
17 7 0.5 43
16 6 0.5 43
16 5 0.5 43
15 6 0.5 43
14 5 0.5 43
15 5 0.5 43
13 5 0.5 43
17 11 0.5 43
18 10 0.5 43
18 12 0.5 43
18 11 0.5 43
12 5 0.5 43
12 4 0.5 43
11 4 0.5 43
11 5 0.5 43
10 3 0.5 43
11 3 0.5 43
9 3 0.5 43
16 2 0.5 43
16 3 0.5 43
15 4 0.5 43
16 4 0.5 43
15 2 0.5 43
14 2 0.5 43
14 1 0.5 43
13 2 0.5 43
81 13 0.5 9
80 13 0.5 9
80 14 0.5 9
79 13 0.5 9
82 13 0.5 9
78 15 0.5 9
78 14 0.5 9
78 13 0.5 9
77 13 0.5 9
11 94 0.5 8
12 94 0.5 8
11 93 0.5 8
12 93 0.5 8
13 94 0.5 8
13 93 0.5 8
14 93 0.5 8
13 95 0.5 8
10 80 0.5 12
12 79 0.5 12
12 80 0.5 12
11 80 0.5 12
12 83 0.5 12
11 83 0.5 12
11 82 0.5 12
11 81 0.5 12
11 84 0.5 12
12 81 0.5 12
13 81 0.5 12
14 81 0.5 12
68 48 0.5 17
69 48 0.5 17
67 48 0.5 17
67 49 0.5 17
67 50 0.5 17
67 51 0.5 17
66 52 0.5 17
66 53 0.5 17
66 51 0.5 17
67 54 0.5 17
66 54 0.5 17
65 50 0.5 17
66 50 0.5 17
67 47 0.5 17
67 46 0.5 17
67 45 0.5 17
66 45 0.5 17
89 24 0.5 41
89 25 0.5 41
88 26 0.5 41
89 26 0.5 41
87 26 0.5 41
90 26 0.5 41
90 25 0.5 41
88 25 0.5 41
92 25 0.5 41
91 25 0.5 41
87 22 0.5 41
87 23 0.5 41
87 24 0.5 41
87 25 0.5 41
88 22 0.5 41
87 28 0.5 41
87 27 0.5 41
89 28 0.5 41
88 28 0.5 41
90 28 0.5 41
92 29 0.5 41
92 30 0.5 41
93 30 0.5 41
93 28 0.5 41
92 28 0.5 41
91 28 0.5 41
95 27 0.5 41
96 27 0.5 41
97 27 0.5 41
97 26 0.5 41
95 28 0.5 41
94 27 0.5 41
93 27 0.5 41
93 26 0.5 41
99 26 0.5 41
98 26 0.5 41
0 28 0.5 41
1 28 0.5 41
99 29 0.5 41
99 28 0.5 41
99 27 0.5 41
90 36 0.5 2
89 36 0.5 2
95 54 0.5 9
94 54 0.5 9
93 54 0.5 9
94 53 0.5 9
95 55 0.5 9
92 52 0.5 9
92 53 0.5 9
92 54 0.5 9
96 54 0.5 9
35 57 0.5 39
36 59 0.5 39
35 58 0.5 39
35 59 0.5 39
42 60 0.5 39
41 60 0.5 39
40 60 0.5 39
39 60 0.5 39
38 60 0.5 39
37 58 0.5 39
38 59 0.5 39
37 59 0.5 39
42 59 0.5 39
42 58 0.5 39
42 57 0.5 39
43 56 0.5 39
43 55 0.5 39
43 57 0.5 39
35 60 0.5 39
42 63 0.5 39
41 63 0.5 39
40 63 0.5 39
40 61 0.5 39
40 62 0.5 39
43 63 0.5 39
42 64 0.5 39
41 64 0.5 39
44 64 0.5 39
44 63 0.5 39
34 56 0.5 39
33 56 0.5 39
35 56 0.5 39
33 58 0.5 39
33 57 0.5 39
32 57 0.5 39
32 56 0.5 39
36 55 0.5 39
36 54 0.5 39
35 55 0.5 39
50 37 0.5 2
50 36 0.5 2
51 61 0.5 9
51 62 0.5 9
52 62 0.5 9
52 61 0.5 9
50 62 0.5 9
53 62 0.5 9
51 63 0.5 9
51 64 0.5 9
52 64 0.5 9
44 32 0.5 1
32 72 0.5 2
32 71 0.5 2
92 74 0.5 12
92 73 0.5 12
93 75 0.5 12
92 75 0.5 12
93 69 0.5 12
93 70 0.5 12
93 71 0.5 12
94 69 0.5 12
92 70 0.5 12
92 72 0.5 12
93 72 0.5 12
94 72 0.5 12
29 9 0.5 18
29 8 0.5 18
29 7 0.5 18
28 11 0.5 18
28 9 0.5 18
28 10 0.5 18
27 11 0.5 18
26 11 0.5 18
25 11 0.5 18
32 11 0.5 18
32 12 0.5 18
31 11 0.5 18
31 10 0.5 18
32 13 0.5 18
31 13 0.5 18
30 10 0.5 18
30 9 0.5 18
25 10 0.5 18
9 40 0.5 14
8 40 0.5 14
10 39 0.5 14
11 39 0.5 14
11 40 0.5 14
12 40 0.5 14
10 40 0.5 14
9 39 0.5 14
9 38 0.5 14
9 37 0.5 14
10 37 0.5 14
11 37 0.5 14
12 38 0.5 14
11 38 0.5 14
3 11 0.5 1
65 61 0.5 17
66 61 0.5 17
66 63 0.5 17
66 62 0.5 17
67 62 0.5 17
64 61 0.5 17
68 62 0.5 17
69 62 0.5 17
70 62 0.5 17
71 59 0.5 17
71 58 0.5 17
71 57 0.5 17
70 57 0.5 17
71 61 0.5 17
70 61 0.5 17
71 60 0.5 17
72 57 0.5 17
18 79 0.5 2
17 79 0.5 2
4 80 0.5 16
2 83 0.5 16
3 81 0.5 16
2 81 0.5 16
2 82 0.5 16
3 80 0.5 16
1 84 0.5 16
2 84 0.5 16
2 85 0.5 16
3 85 0.5 16
3 86 0.5 16
1 82 0.5 16
3 87 0.5 16
3 88 0.5 16
2 89 0.5 16
3 89 0.5 16
97 41 0.5 4
96 42 0.5 4
96 43 0.5 4
97 42 0.5 4
24 91 0.5 7
24 92 0.5 7
22 89 0.5 7
22 88 0.5 7
23 91 0.5 7
22 90 0.5 7
23 90 0.5 7
66 82 0.5 2
67 82 0.5 2
59 56 0.5 6
59 57 0.5 6
57 56 0.5 6
57 57 0.5 6
58 57 0.5 6
57 58 0.5 6
41 89 0.5 10
41 88 0.5 10
40 89 0.5 10
40 88 0.5 10
37 89 0.5 10
39 89 0.5 10
38 91 0.5 10
38 90 0.5 10
38 89 0.5 10
38 92 0.5 10
97 33 0.5 3
98 32 0.5 3
97 32 0.5 3
86 9 0.5 2
86 10 0.5 2
79 65 0.5 10
80 65 0.5 10
81 65 0.5 10
76 66 0.5 10
76 65 0.5 10
76 67 0.5 10
78 66 0.5 10
79 66 0.5 10
77 66 0.5 10
75 65 0.5 10
34 99 0.5 2
34 98 0.5 2
97 15 0.5 6
97 14 0.5 6
98 15 0.5 6
96 16 0.5 6
97 16 0.5 6
95 16 0.5 6
56 42 0.5 1
28 17 0.5 2
29 17 0.5 2
57 0 0.5 3
56 1 0.5 3
57 1 0.5 3
96 91 0.5 7
97 90 0.5 7
97 91 0.5 7
96 93 0.5 7
97 93 0.5 7
96 92 0.5 7
98 93 0.5 7
90 39 0.5 1
34 86 0.5 5
33 87 0.5 5
33 86 0.5 5
31 86 0.5 5
32 86 0.5 5
73 71 0.5 7
73 72 0.5 7
73 73 0.5 7
74 73 0.5 7
72 73 0.5 7
71 74 0.5 7
71 73 0.5 7
37 9 0.5 4
38 9 0.5 4
38 8 0.5 4
38 7 0.5 4
34 77 0.5 5
35 77 0.5 5
37 77 0.5 5
36 77 0.5 5
34 76 0.5 5
69 85 0.5 1
23 41 0.5 1
17 59 0.5 1
52 0 0.5 1
7 96 0.5 1
7 0 0.5 1
8 77 0.5 2
9 77 0.5 2
29 77 0.5 1
18 92 0.5 1
41 78 0.5 1
