64 71 0.5 20
66 71 0.5 20
66 72 0.5 20
65 71 0.5 20
64 70 0.5 20
63 71 0.5 20
66 74 0.5 20
67 73 0.5 20
66 73 0.5 20
62 71 0.5 20
62 72 0.5 20
62 74 0.5 20
62 73 0.5 20
61 72 0.5 20
60 69 0.5 20
60 71 0.5 20
60 72 0.5 20
59 72 0.5 20
60 70 0.5 20
59 73 0.5 20
2 22 0.5 3
1 22 0.5 3
1 21 0.5 3
15 71 0.5 10
14 71 0.5 10
14 69 0.5 10
13 69 0.5 10
14 70 0.5 10
12 72 0.5 10
13 72 0.5 10
11 72 0.5 10
14 72 0.5 10
10 72 0.5 10
1 46 0.5 16
2 46 0.5 16
3 46 0.5 16
0 46 0.5 16
7 46 0.5 16
6 46 0.5 16
6 47 0.5 16
5 47 0.5 16
4 46 0.5 16
5 46 0.5 16
4 45 0.5 16
7 47 0.5 16
1 45 0.5 16
7 49 0.5 16
7 48 0.5 16
8 48 0.5 16
72 29 0.5 23
70 29 0.5 23
71 29 0.5 23
73 29 0.5 23
75 29 0.5 23
74 29 0.5 23
75 28 0.5 23
74 30 0.5 23
74 31 0.5 23
67 29 0.5 23
67 28 0.5 23
69 29 0.5 23
68 29 0.5 23
68 28 0.5 23
68 27 0.5 23
75 27 0.5 23
66 25 0.5 23
68 26 0.5 23
67 26 0.5 23
66 26 0.5 23
67 27 0.5 23
65 25 0.5 23
68 25 0.5 23
8 26 0.5 71
8 27 0.5 71
9 26 0.5 71
7 27 0.5 71
10 26 0.5 71
5 25 0.5 71
5 26 0.5 71
6 26 0.5 71
7 26 0.5 71
4 25 0.5 71
5 27 0.5 71
11 26 0.5 71
12 26 0.5 71
10 25 0.5 71
9 25 0.5 71
14 28 0.5 71
13 28 0.5 71
13 27 0.5 71
13 25 0.5 71
13 26 0.5 71
14 24 0.5 71
14 25 0.5 71
15 29 0.5 71
15 28 0.5 71
5 24 0.5 71
4 24 0.5 71
4 23 0.5 71
18 29 0.5 71
17 29 0.5 71
17 28 0.5 71
16 29 0.5 71
16 30 0.5 71
14 34 0.5 71
14 35 0.5 71
13 38 0.5 71
13 37 0.5 71
13 36 0.5 71
13 35 0.5 71
15 34 0.5 71
15 35 0.5 71
18 31 0.5 71
17 31 0.5 71
18 32 0.5 71
16 31 0.5 71
17 30 0.5 71
19 32 0.5 71
16 32 0.5 71
15 32 0.5 71
15 33 0.5 71
20 33 0.5 71
19 33 0.5 71
19 34 0.5 71
21 33 0.5 71
22 33 0.5 71
23 33 0.5 71
9 28 0.5 71
8 28 0.5 71
9 40 0.5 71
8 40 0.5 71
10 39 0.5 71
11 39 0.5 71
11 40 0.5 71
12 40 0.5 71
10 40 0.5 71
9 39 0.5 71
9 38 0.5 71
9 37 0.5 71
10 37 0.5 71
11 37 0.5 71
12 38 0.5 71
11 38 0.5 71
26 62 0.5 38
26 61 0.5 38
24 62 0.5 38
24 63 0.5 38
25 62 0.5 38
23 59 0.5 38
24 61 0.5 38
24 59 0.5 38
24 60 0.5 38
25 67 0.5 38
26 67 0.5 38
24 67 0.5 38
23 68 0.5 38
24 68 0.5 38
25 68 0.5 38
26 65 0.5 38
25 65 0.5 38
24 66 0.5 38
24 65 0.5 38
23 64 0.5 38
23 65 0.5 38
27 67 0.5 38
27 66 0.5 38
27 68 0.5 38
28 67 0.5 38
27 65 0.5 38
28 65 0.5 38
29 68 0.5 38
30 68 0.5 38
28 68 0.5 38
29 67 0.5 38
29 64 0.5 38
28 64 0.5 38
27 62 0.5 38
28 62 0.5 38
28 63 0.5 38
27 63 0.5 38
23 58 0.5 38
78 40 0.5 31
79 40 0.5 31
79 41 0.5 31
77 39 0.5 31
76 39 0.5 31
77 40 0.5 31
77 38 0.5 31
79 39 0.5 31
80 39 0.5 31
81 39 0.5 31
82 39 0.5 31
83 39 0.5 31
81 40 0.5 31
84 39 0.5 31
84 40 0.5 31
83 40 0.5 31
83 41 0.5 31
85 39 0.5 31
85 38 0.5 31
75 41 0.5 31
75 42 0.5 31
74 42 0.5 31
76 41 0.5 31
77 43 0.5 31
77 42 0.5 31
76 43 0.5 31
75 43 0.5 31
78 43 0.5 31
77 44 0.5 31
75 40 0.5 31
76 40 0.5 31
36 74 0.5 4
37 74 0.5 4
38 74 0.5 4
38 75 0.5 4
89 85 0.5 43
89 86 0.5 43
89 84 0.5 43
91 85 0.5 43
91 86 0.5 43
91 84 0.5 43
90 86 0.5 43
91 83 0.5 43
89 83 0.5 43
90 83 0.5 43
89 81 0.5 43
89 82 0.5 43
90 81 0.5 43
88 83 0.5 43
88 82 0.5 43
91 91 0.5 43
92 91 0.5 43
90 91 0.5 43
90 90 0.5 43
91 92 0.5 43
88 89 0.5 43
89 89 0.5 43
89 88 0.5 43
90 89 0.5 43
89 87 0.5 43
90 87 0.5 43
93 91 0.5 43
86 80 0.5 43
86 79 0.5 43
85 78 0.5 43
86 78 0.5 43
86 81 0.5 43
86 82 0.5 43
85 81 0.5 43
87 82 0.5 43
87 86 0.5 43
87 85 0.5 43
86 85 0.5 43
85 83 0.5 43
86 83 0.5 43
85 84 0.5 43
85 85 0.5 43
84 83 0.5 43
40 20 0.5 55
40 19 0.5 55
39 19 0.5 55
36 20 0.5 55
36 19 0.5 55
37 19 0.5 55
38 19 0.5 55
35 20 0.5 55
34 20 0.5 55
34 21 0.5 55
34 19 0.5 55
32 22 0.5 55
32 23 0.5 55
34 22 0.5 55
33 22 0.5 55
33 20 0.5 55
31 22 0.5 55
40 21 0.5 55
40 22 0.5 55
35 28 0.5 55
36 27 0.5 55
35 27 0.5 55
34 27 0.5 55
34 23 0.5 55
34 25 0.5 55
34 24 0.5 55
34 26 0.5 55
35 26 0.5 55
33 24 0.5 55
43 26 0.5 55
43 25 0.5 55
41 25 0.5 55
42 25 0.5 55
44 25 0.5 55
41 26 0.5 55
41 27 0.5 55
40 26 0.5 55
41 24 0.5 55
41 23 0.5 55
41 22 0.5 55
43 10 0.5 55
43 11 0.5 55
44 11 0.5 55
41 13 0.5 55
42 13 0.5 55
42 14 0.5 55
43 13 0.5 55
43 12 0.5 55
42 20 0.5 55
42 18 0.5 55
41 19 0.5 55
42 19 0.5 55
42 17 0.5 55
42 16 0.5 55
42 15 0.5 55
21 46 0.5 15
20 46 0.5 15
20 47 0.5 15
22 47 0.5 15
22 46 0.5 15
23 47 0.5 15
22 48 0.5 15
25 47 0.5 15
25 46 0.5 15
24 47 0.5 15
24 48 0.5 15
24 49 0.5 15
23 48 0.5 15
21 45 0.5 15
20 45 0.5 15
81 1 0.5 34
81 2 0.5 34
80 1 0.5 34
80 0 0.5 34
78 1 0.5 34
79 2 0.5 34
78 2 0.5 34
79 1 0.5 34
80 99 0.5 34
84 2 0.5 34
84 3 0.5 34
83 2 0.5 34
82 2 0.5 34
82 3 0.5 34
88 1 0.5 34
87 1 0.5 34
87 0 0.5 34
86 0 0.5 34
85 0 0.5 34
85 1 0.5 34
84 1 0.5 34
84 99 0.5 34
83 99 0.5 34
82 99 0.5 34
81 99 0.5 34
83 98 0.5 34
83 97 0.5 34
81 98 0.5 34
81 97 0.5 34
83 94 0.5 34
83 95 0.5 34
83 96 0.5 34
82 94 0.5 34
82 93 0.5 34
41 48 0.5 6
41 47 0.5 6
41 45 0.5 6
41 46 0.5 6
40 44 0.5 6
40 45 0.5 6
27 97 0.5 22
26 97 0.5 22
27 98 0.5 22
26 98 0.5 22
27 96 0.5 22
26 95 0.5 22
26 96 0.5 22
25 95 0.5 22
24 95 0.5 22
27 95 0.5 22
26 94 0.5 22
25 94 0.5 22
24 94 0.5 22
28 97 0.5 22
23 3 0.5 22
23 2 0.5 22
24 1 0.5 22
24 2 0.5 22
25 0 0.5 22
24 0 0.5 22
25 99 0.5 22
26 99 0.5 22
94 6 0.5 22
93 6 0.5 22
92 6 0.5 22
96 4 0.5 22
96 5 0.5 22
96 3 0.5 22
97 3 0.5 22
94 5 0.5 22
95 5 0.5 22
97 2 0.5 22
92 5 0.5 22
92 4 0.5 22
97 1 0.5 22
91 5 0.5 22
98 2 0.5 22
99 2 0.5 22
94 7 0.5 22
98 3 0.5 22
90 7 0.5 22
90 6 0.5 22
90 5 0.5 22
94 8 0.5 22
87 56 0.5 38
88 56 0.5 38
89 56 0.5 38
89 55 0.5 38
86 56 0.5 38
90 55 0.5 38
87 55 0.5 38
84 58 0.5 38
84 57 0.5 38
85 57 0.5 38
84 61 0.5 38
84 59 0.5 38
84 60 0.5 38
85 56 0.5 38
90 54 0.5 38
88 58 0.5 38
88 57 0.5 38
88 59 0.5 38
89 59 0.5 38
90 59 0.5 38
87 58 0.5 38
89 54 0.5 38
89 52 0.5 38
89 53 0.5 38
90 53 0.5 38
87 52 0.5 38
88 52 0.5 38
84 62 0.5 38
84 63 0.5 38
94 54 0.5 38
93 54 0.5 38
92 54 0.5 38
93 53 0.5 38
94 55 0.5 38
91 52 0.5 38
91 53 0.5 38
91 54 0.5 38
95 54 0.5 38
49 96 0.5 24
48 96 0.5 24
47 95 0.5 24
48 95 0.5 24
48 94 0.5 24
47 91 0.5 24
49 91 0.5 24
49 92 0.5 24
48 91 0.5 24
50 92 0.5 24
49 93 0.5 24
48 93 0.5 24
46 91 0.5 24
43 93 0.5 24
43 94 0.5 24
43 96 0.5 24
43 95 0.5 24
45 96 0.5 24
44 96 0.5 24
45 95 0.5 24
46 94 0.5 24
46 95 0.5 24
42 96 0.5 24
42 95 0.5 24
10 54 0.5 31
9 54 0.5 31
11 55 0.5 31
11 54 0.5 31
6 56 0.5 31
5 56 0.5 31
5 57 0.5 31
6 57 0.5 31
4 57 0.5 31
4 59 0.5 31
4 58 0.5 31
5 60 0.5 31
6 59 0.5 31
5 59 0.5 31
7 56 0.5 31
7 55 0.5 31
7 54 0.5 31
7 59 0.5 31
8 54 0.5 31
8 53 0.5 31
11 50 0.5 31
11 51 0.5 31
11 52 0.5 31
11 53 0.5 31
10 53 0.5 31
9 53 0.5 31
6 61 0.5 31
5 61 0.5 31
3 59 0.5 31
3 60 0.5 31
3 61 0.5 31
56 23 0.5 13
54 22 0.5 13
54 21 0.5 13
54 23 0.5 13
55 22 0.5 13
55 23 0.5 13
56 22 0.5 13
54 18 0.5 13
54 19 0.5 13
54 20 0.5 13
53 23 0.5 13
52 24 0.5 13
52 23 0.5 13
49 46 0.5 10
50 46 0.5 10
50 45 0.5 10
49 47 0.5 10
49 48 0.5 10
50 48 0.5 10
51 48 0.5 10
47 48 0.5 10
48 48 0.5 10
50 44 0.5 10
63 36 0.5 18
64 36 0.5 18
62 36 0.5 18
60 34 0.5 18
61 34 0.5 18
59 34 0.5 18
62 35 0.5 18
61 35 0.5 18
59 31 0.5 18
59 32 0.5 18
59 33 0.5 18
61 36 0.5 18
65 36 0.5 18
65 35 0.5 18
65 37 0.5 18
58 33 0.5 18
58 34 0.5 18
61 37 0.5 18
52 76 0.5 19
51 75 0.5 19
51 74 0.5 19
52 75 0.5 19
50 74 0.5 19
52 77 0.5 19
53 78 0.5 19
52 78 0.5 19
51 73 0.5 19
56 78 0.5 19
55 78 0.5 19
54 78 0.5 19
57 80 0.5 19
56 80 0.5 19
56 79 0.5 19
55 79 0.5 19
53 79 0.5 19
54 79 0.5 19
54 80 0.5 19
29 41 0.5 23
30 41 0.5 23
28 41 0.5 23
29 40 0.5 23
28 43 0.5 23
28 42 0.5 23
27 43 0.5 23
26 43 0.5 23
34 39 0.5 23
34 40 0.5 23
35 39 0.5 23
31 40 0.5 23
32 40 0.5 23
33 40 0.5 23
31 41 0.5 23
31 42 0.5 23
30 42 0.5 23
33 38 0.5 23
34 38 0.5 23
32 38 0.5 23
32 37 0.5 23
31 37 0.5 23
33 37 0.5 23
83 15 0.5 7
83 16 0.5 7
84 16 0.5 7
84 15 0.5 7
85 16 0.5 7
86 16 0.5 7
86 15 0.5 7
65 88 0.5 16
66 88 0.5 16
64 88 0.5 16
63 88 0.5 16
64 89 0.5 16
70 89 0.5 16
70 88 0.5 16
67 89 0.5 16
68 89 0.5 16
69 89 0.5 16
67 88 0.5 16
69 88 0.5 16
71 89 0.5 16
63 89 0.5 16
62 89 0.5 16
61 89 0.5 16
55 68 0.5 3
55 67 0.5 3
55 66 0.5 3
60 19 0.5 24
60 17 0.5 24
61 17 0.5 24
61 19 0.5 24
61 18 0.5 24
62 20 0.5 24
62 19 0.5 24
63 19 0.5 24
64 19 0.5 24
64 18 0.5 24
63 17 0.5 24
64 17 0.5 24
65 17 0.5 24
60 20 0.5 24
65 19 0.5 24
66 19 0.5 24
69 19 0.5 24
68 19 0.5 24
67 19 0.5 24
59 16 0.5 24
57 16 0.5 24
58 16 0.5 24
59 17 0.5 24
65 20 0.5 24
34 4 0.5 8
35 5 0.5 8
34 5 0.5 8
36 5 0.5 8
37 5 0.5 8
33 3 0.5 8
33 4 0.5 8
32 4 0.5 8
79 90 0.5 4
80 90 0.5 4
80 92 0.5 4
80 91 0.5 4
15 10 0.5 43
16 11 0.5 43
15 11 0.5 43
16 12 0.5 43
14 11 0.5 43
13 10 0.5 43
14 10 0.5 43
12 10 0.5 43
12 11 0.5 43
16 7 0.5 43
15 7 0.5 43
16 9 0.5 43
15 9 0.5 43
15 8 0.5 43
16 10 0.5 43
15 6 0.5 43
16 6 0.5 43
17 6 0.5 43
16 5 0.5 43
16 4 0.5 43
15 5 0.5 43
14 4 0.5 43
15 4 0.5 43
13 4 0.5 43
17 10 0.5 43
18 9 0.5 43
18 11 0.5 43
18 10 0.5 43
12 4 0.5 43
12 3 0.5 43
11 3 0.5 43
11 4 0.5 43
10 2 0.5 43
11 2 0.5 43
9 2 0.5 43
16 1 0.5 43
16 2 0.5 43
15 3 0.5 43
16 3 0.5 43
15 1 0.5 43
14 1 0.5 43
14 0 0.5 43
13 1 0.5 43
81 14 0.5 9
80 14 0.5 9
80 15 0.5 9
79 14 0.5 9
82 14 0.5 9
78 16 0.5 9
78 15 0.5 9
78 14 0.5 9
77 14 0.5 9
12 94 0.5 8
13 94 0.5 8
12 93 0.5 8
13 93 0.5 8
14 94 0.5 8
14 93 0.5 8
15 93 0.5 8
14 95 0.5 8
9 80 0.5 12
11 79 0.5 12
11 80 0.5 12
10 80 0.5 12
11 83 0.5 12
10 83 0.5 12
10 82 0.5 12
10 81 0.5 12
10 84 0.5 12
11 81 0.5 12
12 81 0.5 12
13 81 0.5 12
68 47 0.5 17
69 47 0.5 17
67 47 0.5 17
67 48 0.5 17
67 49 0.5 17
67 50 0.5 17
66 51 0.5 17
66 52 0.5 17
66 50 0.5 17
67 53 0.5 17
66 53 0.5 17
65 49 0.5 17
66 49 0.5 17
67 46 0.5 17
67 45 0.5 17
67 44 0.5 17
66 44 0.5 17
89 23 0.5 41
89 24 0.5 41
88 25 0.5 41
89 25 0.5 41
87 25 0.5 41
90 25 0.5 41
90 24 0.5 41
88 24 0.5 41
92 24 0.5 41
91 24 0.5 41
87 21 0.5 41
87 22 0.5 41
87 23 0.5 41
87 24 0.5 41
88 21 0.5 41
87 27 0.5 41
87 26 0.5 41
89 27 0.5 41
88 27 0.5 41
90 27 0.5 41
92 28 0.5 41
92 29 0.5 41
93 29 0.5 41
93 27 0.5 41
92 27 0.5 41
91 27 0.5 41
95 26 0.5 41
96 26 0.5 41
97 26 0.5 41
97 25 0.5 41
95 27 0.5 41
94 26 0.5 41
93 26 0.5 41
93 25 0.5 41
99 25 0.5 41
98 25 0.5 41
0 27 0.5 41
1 27 0.5 41
99 28 0.5 41
99 27 0.5 41
99 26 0.5 41
91 36 0.5 2
90 36 0.5 2
35 57 0.5 39
36 59 0.5 39
35 58 0.5 39
35 59 0.5 39
42 60 0.5 39
41 60 0.5 39
40 60 0.5 39
39 60 0.5 39
38 60 0.5 39
37 58 0.5 39
38 59 0.5 39
37 59 0.5 39
42 59 0.5 39
42 58 0.5 39
42 57 0.5 39
43 56 0.5 39
43 55 0.5 39
43 57 0.5 39
35 60 0.5 39
42 63 0.5 39
41 63 0.5 39
40 63 0.5 39
40 61 0.5 39
40 62 0.5 39
43 63 0.5 39
42 64 0.5 39
41 64 0.5 39
44 64 0.5 39
44 63 0.5 39
34 56 0.5 39
33 56 0.5 39
35 56 0.5 39
33 58 0.5 39
33 57 0.5 39
32 57 0.5 39
32 56 0.5 39
36 55 0.5 39
36 54 0.5 39
35 55 0.5 39
50 36 0.5 2
50 35 0.5 2
51 60 0.5 9
51 61 0.5 9
52 61 0.5 9
52 60 0.5 9
50 61 0.5 9
53 61 0.5 9
51 62 0.5 9
51 63 0.5 9
52 63 0.5 9
43 32 0.5 1
32 71 0.5 2
32 70 0.5 2
93 74 0.5 12
93 73 0.5 12
94 75 0.5 12
93 75 0.5 12
94 69 0.5 12
94 70 0.5 12
94 71 0.5 12
95 69 0.5 12
93 70 0.5 12
93 72 0.5 12
94 72 0.5 12
95 72 0.5 12
30 9 0.5 18
30 8 0.5 18
30 7 0.5 18
29 11 0.5 18
29 9 0.5 18
29 10 0.5 18
28 11 0.5 18
27 11 0.5 18
26 11 0.5 18
33 11 0.5 18
33 12 0.5 18
32 11 0.5 18
32 10 0.5 18
33 13 0.5 18
32 13 0.5 18
31 10 0.5 18
31 9 0.5 18
26 10 0.5 18
3 10 0.5 1
64 61 0.5 17
65 61 0.5 17
65 63 0.5 17
65 62 0.5 17
66 62 0.5 17
63 61 0.5 17
67 62 0.5 17
68 62 0.5 17
69 62 0.5 17
70 59 0.5 17
70 58 0.5 17
70 57 0.5 17
69 57 0.5 17
70 61 0.5 17
69 61 0.5 17
70 60 0.5 17
71 57 0.5 17
18 80 0.5 2
17 80 0.5 2
3 80 0.5 16
1 83 0.5 16
2 81 0.5 16
1 81 0.5 16
1 82 0.5 16
2 80 0.5 16
0 84 0.5 16
1 84 0.5 16
1 85 0.5 16
2 85 0.5 16
2 86 0.5 16
0 82 0.5 16
2 87 0.5 16
2 88 0.5 16
1 89 0.5 16
2 89 0.5 16
97 40 0.5 4
96 41 0.5 4
96 42 0.5 4
97 41 0.5 4
23 91 0.5 7
23 92 0.5 7
21 89 0.5 7
21 88 0.5 7
22 91 0.5 7
21 90 0.5 7
22 90 0.5 7
65 82 0.5 2
66 82 0.5 2
60 56 0.5 6
60 57 0.5 6
58 56 0.5 6
58 57 0.5 6
59 57 0.5 6
58 58 0.5 6
41 88 0.5 10
41 87 0.5 10
40 88 0.5 10
40 87 0.5 10
37 88 0.5 10
39 88 0.5 10
38 90 0.5 10
38 89 0.5 10
38 88 0.5 10
38 91 0.5 10
96 33 0.5 3
97 32 0.5 3
96 32 0.5 3
86 8 0.5 2
86 9 0.5 2
80 65 0.5 10
81 65 0.5 10
82 65 0.5 10
77 66 0.5 10
77 65 0.5 10
77 67 0.5 10
79 66 0.5 10
80 66 0.5 10
78 66 0.5 10
76 65 0.5 10
34 0 0.5 2
34 99 0.5 2
98 15 0.5 6
98 14 0.5 6
99 15 0.5 6
97 16 0.5 6
98 16 0.5 6
96 16 0.5 6
56 41 0.5 1
28 16 0.5 2
29 16 0.5 2
56 0 0.5 3
55 1 0.5 3
56 1 0.5 3
97 91 0.5 7
98 90 0.5 7
98 91 0.5 7
97 93 0.5 7
98 93 0.5 7
97 92 0.5 7
99 93 0.5 7
89 39 0.5 1
33 86 0.5 5
32 87 0.5 5
32 86 0.5 5
30 86 0.5 5
31 86 0.5 5
74 71 0.5 7
74 72 0.5 7
74 73 0.5 7
75 73 0.5 7
73 73 0.5 7
72 74 0.5 7
72 73 0.5 7
37 8 0.5 4
38 8 0.5 4
38 7 0.5 4
38 6 0.5 4
33 77 0.5 5
34 77 0.5 5
36 77 0.5 5
35 77 0.5 5
33 76 0.5 5
69 84 0.5 1
22 41 0.5 1
17 60 0.5 1
52 99 0.5 1
6 96 0.5 1
6 0 0.5 1
7 77 0.5 2
8 77 0.5 2
29 76 0.5 1
18 93 0.5 1
41 77 0.5 1
