64 72 0.5 20
66 72 0.5 20
66 73 0.5 20
65 72 0.5 20
64 71 0.5 20
63 72 0.5 20
66 75 0.5 20
67 74 0.5 20
66 74 0.5 20
62 72 0.5 20
62 73 0.5 20
62 75 0.5 20
62 74 0.5 20
61 73 0.5 20
60 70 0.5 20
60 72 0.5 20
60 73 0.5 20
59 73 0.5 20
60 71 0.5 20
59 74 0.5 20
2 23 0.5 74
1 23 0.5 74
1 22 0.5 74
7 26 0.5 74
7 27 0.5 74
8 26 0.5 74
6 27 0.5 74
9 26 0.5 74
4 25 0.5 74
4 26 0.5 74
5 26 0.5 74
6 26 0.5 74
3 25 0.5 74
4 27 0.5 74
10 26 0.5 74
11 26 0.5 74
9 25 0.5 74
8 25 0.5 74
13 28 0.5 74
12 28 0.5 74
12 27 0.5 74
12 25 0.5 74
12 26 0.5 74
13 24 0.5 74
13 25 0.5 74
14 29 0.5 74
14 28 0.5 74
4 24 0.5 74
3 24 0.5 74
3 23 0.5 74
17 29 0.5 74
16 29 0.5 74
16 28 0.5 74
15 29 0.5 74
15 30 0.5 74
13 34 0.5 74
13 35 0.5 74
12 38 0.5 74
12 37 0.5 74
12 36 0.5 74
12 35 0.5 74
14 34 0.5 74
14 35 0.5 74
17 31 0.5 74
16 31 0.5 74
17 32 0.5 74
15 31 0.5 74
16 30 0.5 74
18 32 0.5 74
15 32 0.5 74
14 32 0.5 74
14 33 0.5 74
19 33 0.5 74
18 33 0.5 74
18 34 0.5 74
20 33 0.5 74
21 33 0.5 74
22 33 0.5 74
8 28 0.5 74
7 28 0.5 74
8 40 0.5 74
7 40 0.5 74
9 39 0.5 74
10 39 0.5 74
10 40 0.5 74
11 40 0.5 74
9 40 0.5 74
8 39 0.5 74
8 38 0.5 74
8 37 0.5 74
9 37 0.5 74
10 37 0.5 74
11 38 0.5 74
10 38 0.5 74
15 70 0.5 10
14 70 0.5 10
14 68 0.5 10
13 68 0.5 10
14 69 0.5 10
12 71 0.5 10
13 71 0.5 10
11 71 0.5 10
14 71 0.5 10
10 71 0.5 10
1 47 0.5 16
2 47 0.5 16
3 47 0.5 16
0 47 0.5 16
7 47 0.5 16
6 47 0.5 16
6 48 0.5 16
5 48 0.5 16
4 47 0.5 16
5 47 0.5 16
4 46 0.5 16
7 48 0.5 16
1 46 0.5 16
7 50 0.5 16
7 49 0.5 16
8 49 0.5 16
71 29 0.5 23
69 29 0.5 23
70 29 0.5 23
72 29 0.5 23
74 29 0.5 23
73 29 0.5 23
74 28 0.5 23
73 30 0.5 23
73 31 0.5 23
66 29 0.5 23
66 28 0.5 23
68 29 0.5 23
67 29 0.5 23
67 28 0.5 23
67 27 0.5 23
74 27 0.5 23
65 25 0.5 23
67 26 0.5 23
66 26 0.5 23
65 26 0.5 23
66 27 0.5 23
64 25 0.5 23
67 25 0.5 23
26 62 0.5 38
26 61 0.5 38
24 62 0.5 38
24 63 0.5 38
25 62 0.5 38
23 59 0.5 38
24 61 0.5 38
24 59 0.5 38
24 60 0.5 38
25 67 0.5 38
26 67 0.5 38
24 67 0.5 38
23 68 0.5 38
24 68 0.5 38
25 68 0.5 38
26 65 0.5 38
25 65 0.5 38
24 66 0.5 38
24 65 0.5 38
23 64 0.5 38
23 65 0.5 38
27 67 0.5 38
27 66 0.5 38
27 68 0.5 38
28 67 0.5 38
27 65 0.5 38
28 65 0.5 38
29 68 0.5 38
30 68 0.5 38
28 68 0.5 38
29 67 0.5 38
29 64 0.5 38
28 64 0.5 38
27 62 0.5 38
28 62 0.5 38
28 63 0.5 38
27 63 0.5 38
23 58 0.5 38
78 39 0.5 31
79 39 0.5 31
79 40 0.5 31
77 38 0.5 31
76 38 0.5 31
77 39 0.5 31
77 37 0.5 31
79 38 0.5 31
80 38 0.5 31
81 38 0.5 31
82 38 0.5 31
83 38 0.5 31
81 39 0.5 31
84 38 0.5 31
84 39 0.5 31
83 39 0.5 31
83 40 0.5 31
85 38 0.5 31
85 37 0.5 31
75 40 0.5 31
75 41 0.5 31
74 41 0.5 31
76 40 0.5 31
77 42 0.5 31
77 41 0.5 31
76 42 0.5 31
75 42 0.5 31
78 42 0.5 31
77 43 0.5 31
75 39 0.5 31
76 39 0.5 31
36 73 0.5 4
37 73 0.5 4
38 73 0.5 4
38 74 0.5 4
90 85 0.5 43
90 86 0.5 43
90 84 0.5 43
92 85 0.5 43
92 86 0.5 43
92 84 0.5 43
91 86 0.5 43
92 83 0.5 43
90 83 0.5 43
91 83 0.5 43
90 81 0.5 43
90 82 0.5 43
91 81 0.5 43
89 83 0.5 43
89 82 0.5 43
92 91 0.5 43
93 91 0.5 43
91 91 0.5 43
91 90 0.5 43
92 92 0.5 43
89 89 0.5 43
90 89 0.5 43
90 88 0.5 43
91 89 0.5 43
90 87 0.5 43
91 87 0.5 43
94 91 0.5 43
87 80 0.5 43
87 79 0.5 43
86 78 0.5 43
87 78 0.5 43
87 81 0.5 43
87 82 0.5 43
86 81 0.5 43
88 82 0.5 43
88 86 0.5 43
88 85 0.5 43
87 85 0.5 43
86 83 0.5 43
87 83 0.5 43
86 84 0.5 43
86 85 0.5 43
85 83 0.5 43
39 20 0.5 55
39 19 0.5 55
38 19 0.5 55
35 20 0.5 55
35 19 0.5 55
36 19 0.5 55
37 19 0.5 55
34 20 0.5 55
33 20 0.5 55
33 21 0.5 55
33 19 0.5 55
31 22 0.5 55
31 23 0.5 55
33 22 0.5 55
32 22 0.5 55
32 20 0.5 55
30 22 0.5 55
39 21 0.5 55
39 22 0.5 55
34 28 0.5 55
35 27 0.5 55
34 27 0.5 55
33 27 0.5 55
33 23 0.5 55
33 25 0.5 55
33 24 0.5 55
33 26 0.5 55
34 26 0.5 55
32 24 0.5 55
42 26 0.5 55
42 25 0.5 55
40 25 0.5 55
41 25 0.5 55
43 25 0.5 55
40 26 0.5 55
40 27 0.5 55
39 26 0.5 55
40 24 0.5 55
40 23 0.5 55
40 22 0.5 55
42 10 0.5 55
42 11 0.5 55
43 11 0.5 55
40 13 0.5 55
41 13 0.5 55
41 14 0.5 55
42 13 0.5 55
42 12 0.5 55
41 20 0.5 55
41 18 0.5 55
40 19 0.5 55
41 19 0.5 55
41 17 0.5 55
41 16 0.5 55
41 15 0.5 55
22 46 0.5 15
21 46 0.5 15
21 47 0.5 15
23 47 0.5 15
23 46 0.5 15
24 47 0.5 15
23 48 0.5 15
26 47 0.5 15
26 46 0.5 15
25 47 0.5 15
25 48 0.5 15
25 49 0.5 15
24 48 0.5 15
22 45 0.5 15
21 45 0.5 15
82 1 0.5 34
82 2 0.5 34
81 1 0.5 34
81 0 0.5 34
79 1 0.5 34
80 2 0.5 34
79 2 0.5 34
80 1 0.5 34
81 99 0.5 34
85 2 0.5 34
85 3 0.5 34
84 2 0.5 34
83 2 0.5 34
83 3 0.5 34
89 1 0.5 34
88 1 0.5 34
88 0 0.5 34
87 0 0.5 34
86 0 0.5 34
86 1 0.5 34
85 1 0.5 34
85 99 0.5 34
84 99 0.5 34
83 99 0.5 34
82 99 0.5 34
84 98 0.5 34
84 97 0.5 34
82 98 0.5 34
82 97 0.5 34
84 94 0.5 34
84 95 0.5 34
84 96 0.5 34
83 94 0.5 34
83 93 0.5 34
40 48 0.5 6
40 47 0.5 6
40 45 0.5 6
40 46 0.5 6
39 44 0.5 6
39 45 0.5 6
28 97 0.5 22
27 97 0.5 22
28 98 0.5 22
27 98 0.5 22
28 96 0.5 22
27 95 0.5 22
27 96 0.5 22
26 95 0.5 22
25 95 0.5 22
28 95 0.5 22
27 94 0.5 22
26 94 0.5 22
25 94 0.5 22
29 97 0.5 22
24 3 0.5 22
24 2 0.5 22
25 1 0.5 22
25 2 0.5 22
26 0 0.5 22
25 0 0.5 22
26 99 0.5 22
27 99 0.5 22
93 6 0.5 22
92 6 0.5 22
91 6 0.5 22
95 4 0.5 22
95 5 0.5 22
95 3 0.5 22
96 3 0.5 22
93 5 0.5 22
94 5 0.5 22
96 2 0.5 22
91 5 0.5 22
91 4 0.5 22
96 1 0.5 22
90 5 0.5 22
97 2 0.5 22
98 2 0.5 22
93 7 0.5 22
97 3 0.5 22
89 7 0.5 22
89 6 0.5 22
89 5 0.5 22
93 8 0.5 22
88 56 0.5 38
89 56 0.5 38
90 56 0.5 38
90 55 0.5 38
87 56 0.5 38
91 55 0.5 38
88 55 0.5 38
85 58 0.5 38
85 57 0.5 38
86 57 0.5 38
85 61 0.5 38
85 59 0.5 38
85 60 0.5 38
86 56 0.5 38
91 54 0.5 38
89 58 0.5 38
89 57 0.5 38
89 59 0.5 38
90 59 0.5 38
91 59 0.5 38
88 58 0.5 38
90 54 0.5 38
90 52 0.5 38
90 53 0.5 38
91 53 0.5 38
88 52 0.5 38
89 52 0.5 38
85 62 0.5 38
85 63 0.5 38
95 54 0.5 38
94 54 0.5 38
93 54 0.5 38
94 53 0.5 38
95 55 0.5 38
92 52 0.5 38
92 53 0.5 38
92 54 0.5 38
96 54 0.5 38
49 95 0.5 24
48 95 0.5 24
47 94 0.5 24
48 94 0.5 24
48 93 0.5 24
47 90 0.5 24
49 90 0.5 24
49 91 0.5 24
48 90 0.5 24
50 91 0.5 24
49 92 0.5 24
48 92 0.5 24
46 90 0.5 24
43 92 0.5 24
43 93 0.5 24
43 95 0.5 24
43 94 0.5 24
45 95 0.5 24
44 95 0.5 24
45 94 0.5 24
46 93 0.5 24
46 94 0.5 24
42 95 0.5 24
42 94 0.5 24
10 53 0.5 31
9 53 0.5 31
11 54 0.5 31
11 53 0.5 31
6 55 0.5 31
5 55 0.5 31
5 56 0.5 31
6 56 0.5 31
4 56 0.5 31
4 58 0.5 31
4 57 0.5 31
5 59 0.5 31
6 58 0.5 31
5 58 0.5 31
7 55 0.5 31
7 54 0.5 31
7 53 0.5 31
7 58 0.5 31
8 53 0.5 31
8 52 0.5 31
11 49 0.5 31
11 50 0.5 31
11 51 0.5 31
11 52 0.5 31
10 52 0.5 31
9 52 0.5 31
6 60 0.5 31
5 60 0.5 31
3 58 0.5 31
3 59 0.5 31
3 60 0.5 31
55 23 0.5 13
53 22 0.5 13
53 21 0.5 13
53 23 0.5 13
54 22 0.5 13
54 23 0.5 13
55 22 0.5 13
53 18 0.5 13
53 19 0.5 13
53 20 0.5 13
52 23 0.5 13
51 24 0.5 13
51 23 0.5 13
48 46 0.5 10
49 46 0.5 10
49 45 0.5 10
48 47 0.5 10
48 48 0.5 10
49 48 0.5 10
50 48 0.5 10
46 48 0.5 10
47 48 0.5 10
49 44 0.5 10
64 36 0.5 18
65 36 0.5 18
63 36 0.5 18
61 34 0.5 18
62 34 0.5 18
60 34 0.5 18
63 35 0.5 18
62 35 0.5 18
60 31 0.5 18
60 32 0.5 18
60 33 0.5 18
62 36 0.5 18
66 36 0.5 18
66 35 0.5 18
66 37 0.5 18
59 33 0.5 18
59 34 0.5 18
62 37 0.5 18
52 77 0.5 19
51 76 0.5 19
51 75 0.5 19
52 76 0.5 19
50 75 0.5 19
52 78 0.5 19
53 79 0.5 19
52 79 0.5 19
51 74 0.5 19
56 79 0.5 19
55 79 0.5 19
54 79 0.5 19
57 81 0.5 19
56 81 0.5 19
56 80 0.5 19
55 80 0.5 19
53 80 0.5 19
54 80 0.5 19
54 81 0.5 19
28 41 0.5 23
29 41 0.5 23
27 41 0.5 23
28 40 0.5 23
27 43 0.5 23
27 42 0.5 23
26 43 0.5 23
25 43 0.5 23
33 39 0.5 23
33 40 0.5 23
34 39 0.5 23
30 40 0.5 23
31 40 0.5 23
32 40 0.5 23
30 41 0.5 23
30 42 0.5 23
29 42 0.5 23
32 38 0.5 23
33 38 0.5 23
31 38 0.5 23
31 37 0.5 23
30 37 0.5 23
32 37 0.5 23
82 15 0.5 16
82 16 0.5 16
83 16 0.5 16
83 15 0.5 16
84 16 0.5 16
85 16 0.5 16
85 15 0.5 16
81 14 0.5 16
80 14 0.5 16
80 15 0.5 16
79 14 0.5 16
82 14 0.5 16
78 16 0.5 16
78 15 0.5 16
78 14 0.5 16
77 14 0.5 16
64 88 0.5 16
65 88 0.5 16
63 88 0.5 16
62 88 0.5 16
63 89 0.5 16
69 89 0.5 16
69 88 0.5 16
66 89 0.5 16
67 89 0.5 16
68 89 0.5 16
66 88 0.5 16
68 88 0.5 16
70 89 0.5 16
62 89 0.5 16
61 89 0.5 16
60 89 0.5 16
55 67 0.5 3
55 66 0.5 3
55 65 0.5 3
60 20 0.5 24
60 18 0.5 24
61 18 0.5 24
61 20 0.5 24
61 19 0.5 24
62 21 0.5 24
62 20 0.5 24
63 20 0.5 24
64 20 0.5 24
64 19 0.5 24
63 18 0.5 24
64 18 0.5 24
65 18 0.5 24
60 21 0.5 24
65 20 0.5 24
66 20 0.5 24
69 20 0.5 24
68 20 0.5 24
67 20 0.5 24
59 17 0.5 24
57 17 0.5 24
58 17 0.5 24
59 18 0.5 24
65 21 0.5 24
33 4 0.5 8
34 5 0.5 8
33 5 0.5 8
35 5 0.5 8
36 5 0.5 8
32 3 0.5 8
32 4 0.5 8
31 4 0.5 8
79 91 0.5 4
80 91 0.5 4
80 93 0.5 4
80 92 0.5 4
15 9 0.5 43
16 10 0.5 43
15 10 0.5 43
16 11 0.5 43
14 10 0.5 43
13 9 0.5 43
14 9 0.5 43
12 9 0.5 43
12 10 0.5 43
16 6 0.5 43
15 6 0.5 43
16 8 0.5 43
15 8 0.5 43
15 7 0.5 43
16 9 0.5 43
15 5 0.5 43
16 5 0.5 43
17 5 0.5 43
16 4 0.5 43
16 3 0.5 43
15 4 0.5 43
14 3 0.5 43
15 3 0.5 43
13 3 0.5 43
17 9 0.5 43
18 8 0.5 43
18 10 0.5 43
18 9 0.5 43
12 3 0.5 43
12 2 0.5 43
11 2 0.5 43
11 3 0.5 43
10 1 0.5 43
11 1 0.5 43
9 1 0.5 43
16 0 0.5 43
16 1 0.5 43
15 2 0.5 43
16 2 0.5 43
15 0 0.5 43
14 0 0.5 43
14 99 0.5 43
13 0 0.5 43
11 94 0.5 8
12 94 0.5 8
11 93 0.5 8
12 93 0.5 8
13 94 0.5 8
13 93 0.5 8
14 93 0.5 8
13 95 0.5 8
8 80 0.5 12
10 79 0.5 12
10 80 0.5 12
9 80 0.5 12
10 83 0.5 12
9 83 0.5 12
9 82 0.5 12
9 81 0.5 12
9 84 0.5 12
10 81 0.5 12
11 81 0.5 12
12 81 0.5 12
68 46 0.5 17
69 46 0.5 17
67 46 0.5 17
67 47 0.5 17
67 48 0.5 17
67 49 0.5 17
66 50 0.5 17
66 51 0.5 17
66 49 0.5 17
67 52 0.5 17
66 52 0.5 17
65 48 0.5 17
66 48 0.5 17
67 45 0.5 17
67 44 0.5 17
67 43 0.5 17
66 43 0.5 17
88 23 0.5 41
88 24 0.5 41
87 25 0.5 41
88 25 0.5 41
86 25 0.5 41
89 25 0.5 41
89 24 0.5 41
87 24 0.5 41
91 24 0.5 41
90 24 0.5 41
86 21 0.5 41
86 22 0.5 41
86 23 0.5 41
86 24 0.5 41
87 21 0.5 41
86 27 0.5 41
86 26 0.5 41
88 27 0.5 41
87 27 0.5 41
89 27 0.5 41
91 28 0.5 41
91 29 0.5 41
92 29 0.5 41
92 27 0.5 41
91 27 0.5 41
90 27 0.5 41
94 26 0.5 41
95 26 0.5 41
96 26 0.5 41
96 25 0.5 41
94 27 0.5 41
93 26 0.5 41
92 26 0.5 41
92 25 0.5 41
98 25 0.5 41
97 25 0.5 41
99 27 0.5 41
0 27 0.5 41
98 28 0.5 41
98 27 0.5 41
98 26 0.5 41
91 35 0.5 2
90 35 0.5 2
36 57 0.5 39
37 59 0.5 39
36 58 0.5 39
36 59 0.5 39
43 60 0.5 39
42 60 0.5 39
41 60 0.5 39
40 60 0.5 39
39 60 0.5 39
38 58 0.5 39
39 59 0.5 39
38 59 0.5 39
43 59 0.5 39
43 58 0.5 39
43 57 0.5 39
44 56 0.5 39
44 55 0.5 39
44 57 0.5 39
36 60 0.5 39
43 63 0.5 39
42 63 0.5 39
41 63 0.5 39
41 61 0.5 39
41 62 0.5 39
44 63 0.5 39
43 64 0.5 39
42 64 0.5 39
45 64 0.5 39
45 63 0.5 39
35 56 0.5 39
34 56 0.5 39
36 56 0.5 39
34 58 0.5 39
34 57 0.5 39
33 57 0.5 39
33 56 0.5 39
37 55 0.5 39
37 54 0.5 39
36 55 0.5 39
49 36 0.5 2
49 35 0.5 2
50 60 0.5 9
50 61 0.5 9
51 61 0.5 9
51 60 0.5 9
49 61 0.5 9
52 61 0.5 9
50 62 0.5 9
50 63 0.5 9
51 63 0.5 9
44 32 0.5 1
31 71 0.5 2
31 70 0.5 2
93 75 0.5 12
93 74 0.5 12
94 76 0.5 12
93 76 0.5 12
94 70 0.5 12
94 71 0.5 12
94 72 0.5 12
95 70 0.5 12
93 71 0.5 12
93 73 0.5 12
94 73 0.5 12
95 73 0.5 12
30 10 0.5 18
30 9 0.5 18
30 8 0.5 18
29 12 0.5 18
29 10 0.5 18
29 11 0.5 18
28 12 0.5 18
27 12 0.5 18
26 12 0.5 18
33 12 0.5 18
33 13 0.5 18
32 12 0.5 18
32 11 0.5 18
33 14 0.5 18
32 14 0.5 18
31 11 0.5 18
31 10 0.5 18
26 11 0.5 18
3 9 0.5 1
64 60 0.5 17
65 60 0.5 17
65 62 0.5 17
65 61 0.5 17
66 61 0.5 17
63 60 0.5 17
67 61 0.5 17
68 61 0.5 17
69 61 0.5 17
70 58 0.5 17
70 57 0.5 17
70 56 0.5 17
69 56 0.5 17
70 60 0.5 17
69 60 0.5 17
70 59 0.5 17
71 56 0.5 17
18 81 0.5 2
17 81 0.5 2
3 79 0.5 16
1 82 0.5 16
2 80 0.5 16
1 80 0.5 16
1 81 0.5 16
2 79 0.5 16
0 83 0.5 16
1 83 0.5 16
1 84 0.5 16
2 84 0.5 16
2 85 0.5 16
0 81 0.5 16
2 86 0.5 16
2 87 0.5 16
1 88 0.5 16
2 88 0.5 16
98 40 0.5 4
97 41 0.5 4
97 42 0.5 4
98 41 0.5 4
24 91 0.5 7
24 92 0.5 7
22 89 0.5 7
22 88 0.5 7
23 91 0.5 7
22 90 0.5 7
23 90 0.5 7
65 81 0.5 2
66 81 0.5 2
60 57 0.5 6
60 58 0.5 6
58 57 0.5 6
58 58 0.5 6
59 58 0.5 6
58 59 0.5 6
41 89 0.5 10
41 88 0.5 10
40 89 0.5 10
40 88 0.5 10
37 89 0.5 10
39 89 0.5 10
38 91 0.5 10
38 90 0.5 10
38 89 0.5 10
38 92 0.5 10
96 32 0.5 3
97 31 0.5 3
96 31 0.5 3
87 8 0.5 2
87 9 0.5 2
80 66 0.5 10
81 66 0.5 10
82 66 0.5 10
77 67 0.5 10
77 66 0.5 10
77 68 0.5 10
79 67 0.5 10
80 67 0.5 10
78 67 0.5 10
76 66 0.5 10
35 0 0.5 2
35 99 0.5 2
98 16 0.5 6
98 15 0.5 6
99 16 0.5 6
97 17 0.5 6
98 17 0.5 6
96 17 0.5 6
57 41 0.5 1
28 17 0.5 2
29 17 0.5 2
56 99 0.5 3
55 0 0.5 3
56 0 0.5 3
98 91 0.5 7
99 90 0.5 7
99 91 0.5 7
98 93 0.5 7
99 93 0.5 7
98 92 0.5 7
0 93 0.5 7
90 39 0.5 1
33 85 0.5 5
32 86 0.5 5
32 85 0.5 5
30 85 0.5 5
31 85 0.5 5
73 71 0.5 7
73 72 0.5 7
73 73 0.5 7
74 73 0.5 7
72 73 0.5 7
71 74 0.5 7
71 73 0.5 7
38 8 0.5 4
39 8 0.5 4
39 7 0.5 4
39 6 0.5 4
33 78 0.5 5
34 78 0.5 5
36 78 0.5 5
35 78 0.5 5
33 77 0.5 5
70 84 0.5 1
21 41 0.5 1
16 60 0.5 1
51 99 0.5 1
6 95 0.5 1
6 1 0.5 1
6 77 0.5 2
7 77 0.5 2
29 77 0.5 1
18 92 0.5 1
41 78 0.5 1
