65 72 0.5 20
67 72 0.5 20
67 73 0.5 20
66 72 0.5 20
65 71 0.5 20
64 72 0.5 20
67 75 0.5 20
68 74 0.5 20
67 74 0.5 20
63 72 0.5 20
63 73 0.5 20
63 75 0.5 20
63 74 0.5 20
62 73 0.5 20
61 70 0.5 20
61 72 0.5 20
61 73 0.5 20
60 73 0.5 20
61 71 0.5 20
60 74 0.5 20
2 22 0.5 74
1 22 0.5 74
1 21 0.5 74
7 25 0.5 74
7 26 0.5 74
8 25 0.5 74
6 26 0.5 74
9 25 0.5 74
4 24 0.5 74
4 25 0.5 74
5 25 0.5 74
6 25 0.5 74
3 24 0.5 74
4 26 0.5 74
10 25 0.5 74
11 25 0.5 74
9 24 0.5 74
8 24 0.5 74
13 27 0.5 74
12 27 0.5 74
12 26 0.5 74
12 24 0.5 74
12 25 0.5 74
13 23 0.5 74
13 24 0.5 74
14 28 0.5 74
14 27 0.5 74
4 23 0.5 74
3 23 0.5 74
3 22 0.5 74
17 28 0.5 74
16 28 0.5 74
16 27 0.5 74
15 28 0.5 74
15 29 0.5 74
13 33 0.5 74
13 34 0.5 74
12 37 0.5 74
12 36 0.5 74
12 35 0.5 74
12 34 0.5 74
14 33 0.5 74
14 34 0.5 74
17 30 0.5 74
16 30 0.5 74
17 31 0.5 74
15 30 0.5 74
16 29 0.5 74
18 31 0.5 74
15 31 0.5 74
14 31 0.5 74
14 32 0.5 74
19 32 0.5 74
18 32 0.5 74
18 33 0.5 74
20 32 0.5 74
21 32 0.5 74
22 32 0.5 74
8 27 0.5 74
7 27 0.5 74
8 39 0.5 74
7 39 0.5 74
9 38 0.5 74
10 38 0.5 74
10 39 0.5 74
11 39 0.5 74
9 39 0.5 74
8 38 0.5 74
8 37 0.5 74
8 36 0.5 74
9 36 0.5 74
10 36 0.5 74
11 37 0.5 74
10 37 0.5 74
16 70 0.5 10
15 70 0.5 10
15 68 0.5 10
14 68 0.5 10
15 69 0.5 10
13 71 0.5 10
14 71 0.5 10
12 71 0.5 10
15 71 0.5 10
11 71 0.5 10
0 47 0.5 16
1 47 0.5 16
2 47 0.5 16
99 47 0.5 16
6 47 0.5 16
5 47 0.5 16
5 48 0.5 16
4 48 0.5 16
3 47 0.5 16
4 47 0.5 16
3 46 0.5 16
6 48 0.5 16
0 46 0.5 16
6 50 0.5 16
6 49 0.5 16
7 49 0.5 16
71 30 0.5 23
69 30 0.5 23
70 30 0.5 23
72 30 0.5 23
74 30 0.5 23
73 30 0.5 23
74 29 0.5 23
73 31 0.5 23
73 32 0.5 23
66 30 0.5 23
66 29 0.5 23
68 30 0.5 23
67 30 0.5 23
67 29 0.5 23
67 28 0.5 23
74 28 0.5 23
65 26 0.5 23
67 27 0.5 23
66 27 0.5 23
65 27 0.5 23
66 28 0.5 23
64 26 0.5 23
67 26 0.5 23
26 61 0.5 38
26 60 0.5 38
24 61 0.5 38
24 62 0.5 38
25 61 0.5 38
23 58 0.5 38
24 60 0.5 38
24 58 0.5 38
24 59 0.5 38
25 66 0.5 38
26 66 0.5 38
24 66 0.5 38
23 67 0.5 38
24 67 0.5 38
25 67 0.5 38
26 64 0.5 38
25 64 0.5 38
24 65 0.5 38
24 64 0.5 38
23 63 0.5 38
23 64 0.5 38
27 66 0.5 38
27 65 0.5 38
27 67 0.5 38
28 66 0.5 38
27 64 0.5 38
28 64 0.5 38
29 67 0.5 38
30 67 0.5 38
28 67 0.5 38
29 66 0.5 38
29 63 0.5 38
28 63 0.5 38
27 61 0.5 38
28 61 0.5 38
28 62 0.5 38
27 62 0.5 38
23 57 0.5 38
78 40 0.5 31
79 40 0.5 31
79 41 0.5 31
77 39 0.5 31
76 39 0.5 31
77 40 0.5 31
77 38 0.5 31
79 39 0.5 31
80 39 0.5 31
81 39 0.5 31
82 39 0.5 31
83 39 0.5 31
81 40 0.5 31
84 39 0.5 31
84 40 0.5 31
83 40 0.5 31
83 41 0.5 31
85 39 0.5 31
85 38 0.5 31
75 41 0.5 31
75 42 0.5 31
74 42 0.5 31
76 41 0.5 31
77 43 0.5 31
77 42 0.5 31
76 43 0.5 31
75 43 0.5 31
78 43 0.5 31
77 44 0.5 31
75 40 0.5 31
76 40 0.5 31
37 73 0.5 4
38 73 0.5 4
39 73 0.5 4
39 74 0.5 4
89 85 0.5 43
89 86 0.5 43
89 84 0.5 43
91 85 0.5 43
91 86 0.5 43
91 84 0.5 43
90 86 0.5 43
91 83 0.5 43
89 83 0.5 43
90 83 0.5 43
89 81 0.5 43
89 82 0.5 43
90 81 0.5 43
88 83 0.5 43
88 82 0.5 43
91 91 0.5 43
92 91 0.5 43
90 91 0.5 43
90 90 0.5 43
91 92 0.5 43
88 89 0.5 43
89 89 0.5 43
89 88 0.5 43
90 89 0.5 43
89 87 0.5 43
90 87 0.5 43
93 91 0.5 43
86 80 0.5 43
86 79 0.5 43
85 78 0.5 43
86 78 0.5 43
86 81 0.5 43
86 82 0.5 43
85 81 0.5 43
87 82 0.5 43
87 86 0.5 43
87 85 0.5 43
86 85 0.5 43
85 83 0.5 43
86 83 0.5 43
85 84 0.5 43
85 85 0.5 43
84 83 0.5 43
39 21 0.5 55
39 20 0.5 55
38 20 0.5 55
35 21 0.5 55
35 20 0.5 55
36 20 0.5 55
37 20 0.5 55
34 21 0.5 55
33 21 0.5 55
33 22 0.5 55
33 20 0.5 55
31 23 0.5 55
31 24 0.5 55
33 23 0.5 55
32 23 0.5 55
32 21 0.5 55
30 23 0.5 55
39 22 0.5 55
39 23 0.5 55
34 29 0.5 55
35 28 0.5 55
34 28 0.5 55
33 28 0.5 55
33 24 0.5 55
33 26 0.5 55
33 25 0.5 55
33 27 0.5 55
34 27 0.5 55
32 25 0.5 55
42 27 0.5 55
42 26 0.5 55
40 26 0.5 55
41 26 0.5 55
43 26 0.5 55
40 27 0.5 55
40 28 0.5 55
39 27 0.5 55
40 25 0.5 55
40 24 0.5 55
40 23 0.5 55
42 11 0.5 55
42 12 0.5 55
43 12 0.5 55
40 14 0.5 55
41 14 0.5 55
41 15 0.5 55
42 14 0.5 55
42 13 0.5 55
41 21 0.5 55
41 19 0.5 55
40 20 0.5 55
41 20 0.5 55
41 18 0.5 55
41 17 0.5 55
41 16 0.5 55
22 47 0.5 15
21 47 0.5 15
21 48 0.5 15
23 48 0.5 15
23 47 0.5 15
24 48 0.5 15
23 49 0.5 15
26 48 0.5 15
26 47 0.5 15
25 48 0.5 15
25 49 0.5 15
25 50 0.5 15
24 49 0.5 15
22 46 0.5 15
21 46 0.5 15
83 1 0.5 34
83 2 0.5 34
82 1 0.5 34
82 0 0.5 34
80 1 0.5 34
81 2 0.5 34
80 2 0.5 34
81 1 0.5 34
82 99 0.5 34
86 2 0.5 34
86 3 0.5 34
85 2 0.5 34
84 2 0.5 34
84 3 0.5 34
90 1 0.5 34
89 1 0.5 34
89 0 0.5 34
88 0 0.5 34
87 0 0.5 34
87 1 0.5 34
86 1 0.5 34
86 99 0.5 34
85 99 0.5 34
84 99 0.5 34
83 99 0.5 34
85 98 0.5 34
85 97 0.5 34
83 98 0.5 34
83 97 0.5 34
85 94 0.5 34
85 95 0.5 34
85 96 0.5 34
84 94 0.5 34
84 93 0.5 34
40 47 0.5 6
40 46 0.5 6
40 44 0.5 6
40 45 0.5 6
39 43 0.5 6
39 44 0.5 6
28 98 0.5 22
27 98 0.5 22
28 99 0.5 22
27 99 0.5 22
28 97 0.5 22
27 96 0.5 22
27 97 0.5 22
26 96 0.5 22
25 96 0.5 22
28 96 0.5 22
27 95 0.5 22
26 95 0.5 22
25 95 0.5 22
29 98 0.5 22
24 4 0.5 22
24 3 0.5 22
25 2 0.5 22
25 3 0.5 22
26 1 0.5 22
25 1 0.5 22
26 0 0.5 22
27 0 0.5 22
92 6 0.5 22
91 6 0.5 22
90 6 0.5 22
94 4 0.5 22
94 5 0.5 22
94 3 0.5 22
95 3 0.5 22
92 5 0.5 22
93 5 0.5 22
95 2 0.5 22
90 5 0.5 22
90 4 0.5 22
95 1 0.5 22
89 5 0.5 22
96 2 0.5 22
97 2 0.5 22
92 7 0.5 22
96 3 0.5 22
88 7 0.5 22
88 6 0.5 22
88 5 0.5 22
92 8 0.5 22
87 56 0.5 38
88 56 0.5 38
89 56 0.5 38
89 55 0.5 38
86 56 0.5 38
90 55 0.5 38
87 55 0.5 38
84 58 0.5 38
84 57 0.5 38
85 57 0.5 38
84 61 0.5 38
84 59 0.5 38
84 60 0.5 38
85 56 0.5 38
90 54 0.5 38
88 58 0.5 38
88 57 0.5 38
88 59 0.5 38
89 59 0.5 38
90 59 0.5 38
87 58 0.5 38
89 54 0.5 38
89 52 0.5 38
89 53 0.5 38
90 53 0.5 38
87 52 0.5 38
88 52 0.5 38
84 62 0.5 38
84 63 0.5 38
94 54 0.5 38
93 54 0.5 38
92 54 0.5 38
93 53 0.5 38
94 55 0.5 38
91 52 0.5 38
91 53 0.5 38
91 54 0.5 38
95 54 0.5 38
49 94 0.5 24
48 94 0.5 24
47 93 0.5 24
48 93 0.5 24
48 92 0.5 24
47 89 0.5 24
49 89 0.5 24
49 90 0.5 24
48 89 0.5 24
50 90 0.5 24
49 91 0.5 24
48 91 0.5 24
46 89 0.5 24
43 91 0.5 24
43 92 0.5 24
43 94 0.5 24
43 93 0.5 24
45 94 0.5 24
44 94 0.5 24
45 93 0.5 24
46 92 0.5 24
46 93 0.5 24
42 94 0.5 24
42 93 0.5 24
9 53 0.5 31
8 53 0.5 31
10 54 0.5 31
10 53 0.5 31
5 55 0.5 31
4 55 0.5 31
4 56 0.5 31
5 56 0.5 31
3 56 0.5 31
3 58 0.5 31
3 57 0.5 31
4 59 0.5 31
5 58 0.5 31
4 58 0.5 31
6 55 0.5 31
6 54 0.5 31
6 53 0.5 31
6 58 0.5 31
7 53 0.5 31
7 52 0.5 31
10 49 0.5 31
10 50 0.5 31
10 51 0.5 31
10 52 0.5 31
9 52 0.5 31
8 52 0.5 31
5 60 0.5 31
4 60 0.5 31
2 58 0.5 31
2 59 0.5 31
2 60 0.5 31
54 23 0.5 13
52 22 0.5 13
52 21 0.5 13
52 23 0.5 13
53 22 0.5 13
53 23 0.5 13
54 22 0.5 13
52 18 0.5 13
52 19 0.5 13
52 20 0.5 13
51 23 0.5 13
50 24 0.5 13
50 23 0.5 13
48 45 0.5 10
49 45 0.5 10
49 44 0.5 10
48 46 0.5 10
48 47 0.5 10
49 47 0.5 10
50 47 0.5 10
46 47 0.5 10
47 47 0.5 10
49 43 0.5 10
64 35 0.5 18
65 35 0.5 18
63 35 0.5 18
61 33 0.5 18
62 33 0.5 18
60 33 0.5 18
63 34 0.5 18
62 34 0.5 18
60 30 0.5 18
60 31 0.5 18
60 32 0.5 18
62 35 0.5 18
66 35 0.5 18
66 34 0.5 18
66 36 0.5 18
59 32 0.5 18
59 33 0.5 18
62 36 0.5 18
52 78 0.5 19
51 77 0.5 19
51 76 0.5 19
52 77 0.5 19
50 76 0.5 19
52 79 0.5 19
53 80 0.5 19
52 80 0.5 19
51 75 0.5 19
56 80 0.5 19
55 80 0.5 19
54 80 0.5 19
57 82 0.5 19
56 82 0.5 19
56 81 0.5 19
55 81 0.5 19
53 81 0.5 19
54 81 0.5 19
54 82 0.5 19
29 41 0.5 23
30 41 0.5 23
28 41 0.5 23
29 40 0.5 23
28 43 0.5 23
28 42 0.5 23
27 43 0.5 23
26 43 0.5 23
34 39 0.5 23
34 40 0.5 23
35 39 0.5 23
31 40 0.5 23
32 40 0.5 23
33 40 0.5 23
31 41 0.5 23
31 42 0.5 23
30 42 0.5 23
33 38 0.5 23
34 38 0.5 23
32 38 0.5 23
32 37 0.5 23
31 37 0.5 23
33 37 0.5 23
81 15 0.5 16
81 16 0.5 16
82 16 0.5 16
82 15 0.5 16
83 16 0.5 16
84 16 0.5 16
84 15 0.5 16
80 14 0.5 16
79 14 0.5 16
79 15 0.5 16
78 14 0.5 16
81 14 0.5 16
77 16 0.5 16
77 15 0.5 16
77 14 0.5 16
76 14 0.5 16
64 89 0.5 16
65 89 0.5 16
63 89 0.5 16
62 89 0.5 16
63 90 0.5 16
69 90 0.5 16
69 89 0.5 16
66 90 0.5 16
67 90 0.5 16
68 90 0.5 16
66 89 0.5 16
68 89 0.5 16
70 90 0.5 16
62 90 0.5 16
61 90 0.5 16
60 90 0.5 16
54 67 0.5 3
54 66 0.5 3
54 65 0.5 3
60 21 0.5 24
60 19 0.5 24
61 19 0.5 24
61 21 0.5 24
61 20 0.5 24
62 22 0.5 24
62 21 0.5 24
63 21 0.5 24
64 21 0.5 24
64 20 0.5 24
63 19 0.5 24
64 19 0.5 24
65 19 0.5 24
60 22 0.5 24
65 21 0.5 24
66 21 0.5 24
69 21 0.5 24
68 21 0.5 24
67 21 0.5 24
59 18 0.5 24
57 18 0.5 24
58 18 0.5 24
59 19 0.5 24
65 22 0.5 24
32 4 0.5 8
33 5 0.5 8
32 5 0.5 8
34 5 0.5 8
35 5 0.5 8
31 3 0.5 8
31 4 0.5 8
30 4 0.5 8
80 91 0.5 4
81 91 0.5 4
81 93 0.5 4
81 92 0.5 4
15 10 0.5 43
16 11 0.5 43
15 11 0.5 43
16 12 0.5 43
14 11 0.5 43
13 10 0.5 43
14 10 0.5 43
12 10 0.5 43
12 11 0.5 43
16 7 0.5 43
15 7 0.5 43
16 9 0.5 43
15 9 0.5 43
15 8 0.5 43
16 10 0.5 43
15 6 0.5 43
16 6 0.5 43
17 6 0.5 43
16 5 0.5 43
16 4 0.5 43
15 5 0.5 43
14 4 0.5 43
15 4 0.5 43
13 4 0.5 43
17 10 0.5 43
18 9 0.5 43
18 11 0.5 43
18 10 0.5 43
12 4 0.5 43
12 3 0.5 43
11 3 0.5 43
11 4 0.5 43
10 2 0.5 43
11 2 0.5 43
9 2 0.5 43
16 1 0.5 43
16 2 0.5 43
15 3 0.5 43
16 3 0.5 43
15 1 0.5 43
14 1 0.5 43
14 0 0.5 43
13 1 0.5 43
11 93 0.5 8
12 93 0.5 8
11 92 0.5 8
12 92 0.5 8
13 93 0.5 8
13 92 0.5 8
14 92 0.5 8
13 94 0.5 8
7 80 0.5 12
9 79 0.5 12
9 80 0.5 12
8 80 0.5 12
9 83 0.5 12
8 83 0.5 12
8 82 0.5 12
8 81 0.5 12
8 84 0.5 12
9 81 0.5 12
10 81 0.5 12
11 81 0.5 12
69 46 0.5 17
70 46 0.5 17
68 46 0.5 17
68 47 0.5 17
68 48 0.5 17
68 49 0.5 17
67 50 0.5 17
67 51 0.5 17
67 49 0.5 17
68 52 0.5 17
67 52 0.5 17
66 48 0.5 17
67 48 0.5 17
68 45 0.5 17
68 44 0.5 17
68 43 0.5 17
67 43 0.5 17
87 23 0.5 41
87 24 0.5 41
86 25 0.5 41
87 25 0.5 41
85 25 0.5 41
88 25 0.5 41
88 24 0.5 41
86 24 0.5 41
90 24 0.5 41
89 24 0.5 41
85 21 0.5 41
85 22 0.5 41
85 23 0.5 41
85 24 0.5 41
86 21 0.5 41
85 27 0.5 41
85 26 0.5 41
87 27 0.5 41
86 27 0.5 41
88 27 0.5 41
90 28 0.5 41
90 29 0.5 41
91 29 0.5 41
91 27 0.5 41
90 27 0.5 41
89 27 0.5 41
93 26 0.5 41
94 26 0.5 41
95 26 0.5 41
95 25 0.5 41
93 27 0.5 41
92 26 0.5 41
91 26 0.5 41
91 25 0.5 41
97 25 0.5 41
96 25 0.5 41
98 27 0.5 41
99 27 0.5 41
97 28 0.5 41
97 27 0.5 41
97 26 0.5 41
90 35 0.5 2
89 35 0.5 2
35 57 0.5 39
36 59 0.5 39
35 58 0.5 39
35 59 0.5 39
42 60 0.5 39
41 60 0.5 39
40 60 0.5 39
39 60 0.5 39
38 60 0.5 39
37 58 0.5 39
38 59 0.5 39
37 59 0.5 39
42 59 0.5 39
42 58 0.5 39
42 57 0.5 39
43 56 0.5 39
43 55 0.5 39
43 57 0.5 39
35 60 0.5 39
42 63 0.5 39
41 63 0.5 39
40 63 0.5 39
40 61 0.5 39
40 62 0.5 39
43 63 0.5 39
42 64 0.5 39
41 64 0.5 39
44 64 0.5 39
44 63 0.5 39
34 56 0.5 39
33 56 0.5 39
35 56 0.5 39
33 58 0.5 39
33 57 0.5 39
32 57 0.5 39
32 56 0.5 39
36 55 0.5 39
36 54 0.5 39
35 55 0.5 39
49 35 0.5 2
49 34 0.5 2
50 59 0.5 9
50 60 0.5 9
51 60 0.5 9
51 59 0.5 9
49 60 0.5 9
52 60 0.5 9
50 61 0.5 9
50 62 0.5 9
51 62 0.5 9
43 32 0.5 1
31 70 0.5 2
31 69 0.5 2
94 75 0.5 12
94 74 0.5 12
95 76 0.5 12
94 76 0.5 12
95 70 0.5 12
95 71 0.5 12
95 72 0.5 12
96 70 0.5 12
94 71 0.5 12
94 73 0.5 12
95 73 0.5 12
96 73 0.5 12
29 10 0.5 18
29 9 0.5 18
29 8 0.5 18
28 12 0.5 18
28 10 0.5 18
28 11 0.5 18
27 12 0.5 18
26 12 0.5 18
25 12 0.5 18
32 12 0.5 18
32 13 0.5 18
31 12 0.5 18
31 11 0.5 18
32 14 0.5 18
31 14 0.5 18
30 11 0.5 18
30 10 0.5 18
25 11 0.5 18
3 8 0.5 1
64 59 0.5 17
65 59 0.5 17
65 61 0.5 17
65 60 0.5 17
66 60 0.5 17
63 59 0.5 17
67 60 0.5 17
68 60 0.5 17
69 60 0.5 17
70 57 0.5 17
70 56 0.5 17
70 55 0.5 17
69 55 0.5 17
70 59 0.5 17
69 59 0.5 17
70 58 0.5 17
71 55 0.5 17
19 81 0.5 2
18 81 0.5 2
4 79 0.5 16
2 82 0.5 16
3 80 0.5 16
2 80 0.5 16
2 81 0.5 16
3 79 0.5 16
1 83 0.5 16
2 83 0.5 16
2 84 0.5 16
3 84 0.5 16
3 85 0.5 16
1 81 0.5 16
3 86 0.5 16
3 87 0.5 16
2 88 0.5 16
3 88 0.5 16
97 40 0.5 4
96 41 0.5 4
96 42 0.5 4
97 41 0.5 4
24 90 0.5 7
24 91 0.5 7
22 88 0.5 7
22 87 0.5 7
23 90 0.5 7
22 89 0.5 7
23 89 0.5 7
66 81 0.5 2
67 81 0.5 2
61 57 0.5 6
61 58 0.5 6
59 57 0.5 6
59 58 0.5 6
60 58 0.5 6
59 59 0.5 6
40 89 0.5 10
40 88 0.5 10
39 89 0.5 10
39 88 0.5 10
36 89 0.5 10
38 89 0.5 10
37 91 0.5 10
37 90 0.5 10
37 89 0.5 10
37 92 0.5 10
96 33 0.5 3
97 32 0.5 3
96 32 0.5 3
86 8 0.5 2
86 9 0.5 2
80 67 0.5 10
81 67 0.5 10
82 67 0.5 10
77 68 0.5 10
77 67 0.5 10
77 69 0.5 10
79 68 0.5 10
80 68 0.5 10
78 68 0.5 10
76 67 0.5 10
35 99 0.5 2
35 98 0.5 2
99 16 0.5 6
99 15 0.5 6
0 16 0.5 6
98 17 0.5 6
99 17 0.5 6
97 17 0.5 6
57 40 0.5 1
28 18 0.5 2
29 18 0.5 2
56 0 0.5 3
55 1 0.5 3
56 1 0.5 3
97 91 0.5 7
98 90 0.5 7
98 91 0.5 7
97 93 0.5 7
98 93 0.5 7
97 92 0.5 7
99 93 0.5 7
89 39 0.5 1
33 84 0.5 5
32 85 0.5 5
32 84 0.5 5
30 84 0.5 5
31 84 0.5 5
73 72 0.5 7
73 73 0.5 7
73 74 0.5 7
74 74 0.5 7
72 74 0.5 7
71 75 0.5 7
71 74 0.5 7
38 7 0.5 4
39 7 0.5 4
39 6 0.5 4
39 5 0.5 4
34 78 0.5 5
35 78 0.5 5
37 78 0.5 5
36 78 0.5 5
34 77 0.5 5
71 84 0.5 1
20 41 0.5 1
17 60 0.5 1
52 99 0.5 1
6 96 0.5 1
7 1 0.5 1
5 77 0.5 2
6 77 0.5 2
28 77 0.5 1
17 92 0.5 1
42 78 0.5 1
