65 73 0.5 20
67 73 0.5 20
67 74 0.5 20
66 73 0.5 20
65 72 0.5 20
64 73 0.5 20
67 76 0.5 20
68 75 0.5 20
67 75 0.5 20
63 73 0.5 20
63 74 0.5 20
63 76 0.5 20
63 75 0.5 20
62 74 0.5 20
61 71 0.5 20
61 73 0.5 20
61 74 0.5 20
60 74 0.5 20
61 72 0.5 20
60 75 0.5 20
3 22 0.5 74
2 22 0.5 74
2 21 0.5 74
8 25 0.5 74
8 26 0.5 74
9 25 0.5 74
7 26 0.5 74
10 25 0.5 74
5 24 0.5 74
5 25 0.5 74
6 25 0.5 74
7 25 0.5 74
4 24 0.5 74
5 26 0.5 74
11 25 0.5 74
12 25 0.5 74
10 24 0.5 74
9 24 0.5 74
14 27 0.5 74
13 27 0.5 74
13 26 0.5 74
13 24 0.5 74
13 25 0.5 74
14 23 0.5 74
14 24 0.5 74
15 28 0.5 74
15 27 0.5 74
5 23 0.5 74
4 23 0.5 74
4 22 0.5 74
18 28 0.5 74
17 28 0.5 74
17 27 0.5 74
16 28 0.5 74
16 29 0.5 74
14 33 0.5 74
14 34 0.5 74
13 37 0.5 74
13 36 0.5 74
13 35 0.5 74
13 34 0.5 74
15 33 0.5 74
15 34 0.5 74
18 30 0.5 74
17 30 0.5 74
18 31 0.5 74
16 30 0.5 74
17 29 0.5 74
19 31 0.5 74
16 31 0.5 74
15 31 0.5 74
15 32 0.5 74
20 32 0.5 74
19 32 0.5 74
19 33 0.5 74
21 32 0.5 74
22 32 0.5 74
23 32 0.5 74
9 27 0.5 74
8 27 0.5 74
9 39 0.5 74
8 39 0.5 74
10 38 0.5 74
11 38 0.5 74
11 39 0.5 74
12 39 0.5 74
10 39 0.5 74
9 38 0.5 74
9 37 0.5 74
9 36 0.5 74
10 36 0.5 74
11 36 0.5 74
12 37 0.5 74
11 37 0.5 74
15 70 0.5 10
14 70 0.5 10
14 68 0.5 10
13 68 0.5 10
14 69 0.5 10
12 71 0.5 10
13 71 0.5 10
11 71 0.5 10
14 71 0.5 10
10 71 0.5 10
99 47 0.5 16
0 47 0.5 16
1 47 0.5 16
98 47 0.5 16
5 47 0.5 16
4 47 0.5 16
4 48 0.5 16
3 48 0.5 16
2 47 0.5 16
3 47 0.5 16
2 46 0.5 16
5 48 0.5 16
99 46 0.5 16
5 50 0.5 16
5 49 0.5 16
6 49 0.5 16
71 29 0.5 23
69 29 0.5 23
70 29 0.5 23
72 29 0.5 23
74 29 0.5 23
73 29 0.5 23
74 28 0.5 23
73 30 0.5 23
73 31 0.5 23
66 29 0.5 23
66 28 0.5 23
68 29 0.5 23
67 29 0.5 23
67 28 0.5 23
67 27 0.5 23
74 27 0.5 23
65 25 0.5 23
67 26 0.5 23
66 26 0.5 23
65 26 0.5 23
66 27 0.5 23
64 25 0.5 23
67 25 0.5 23
25 61 0.5 38
25 60 0.5 38
23 61 0.5 38
23 62 0.5 38
24 61 0.5 38
22 58 0.5 38
23 60 0.5 38
23 58 0.5 38
23 59 0.5 38
24 66 0.5 38
25 66 0.5 38
23 66 0.5 38
22 67 0.5 38
23 67 0.5 38
24 67 0.5 38
25 64 0.5 38
24 64 0.5 38
23 65 0.5 38
23 64 0.5 38
22 63 0.5 38
22 64 0.5 38
26 66 0.5 38
26 65 0.5 38
26 67 0.5 38
27 66 0.5 38
26 64 0.5 38
27 64 0.5 38
28 67 0.5 38
29 67 0.5 38
27 67 0.5 38
28 66 0.5 38
28 63 0.5 38
27 63 0.5 38
26 61 0.5 38
27 61 0.5 38
27 62 0.5 38
26 62 0.5 38
22 57 0.5 38
77 40 0.5 31
78 40 0.5 31
78 41 0.5 31
76 39 0.5 31
75 39 0.5 31
76 40 0.5 31
76 38 0.5 31
78 39 0.5 31
79 39 0.5 31
80 39 0.5 31
81 39 0.5 31
82 39 0.5 31
80 40 0.5 31
83 39 0.5 31
83 40 0.5 31
82 40 0.5 31
82 41 0.5 31
84 39 0.5 31
84 38 0.5 31
74 41 0.5 31
74 42 0.5 31
73 42 0.5 31
75 41 0.5 31
76 43 0.5 31
76 42 0.5 31
75 43 0.5 31
74 43 0.5 31
77 43 0.5 31
76 44 0.5 31
74 40 0.5 31
75 40 0.5 31
37 72 0.5 4
38 72 0.5 4
39 72 0.5 4
39 73 0.5 4
89 86 0.5 43
89 87 0.5 43
89 85 0.5 43
91 86 0.5 43
91 87 0.5 43
91 85 0.5 43
90 87 0.5 43
91 84 0.5 43
89 84 0.5 43
90 84 0.5 43
89 82 0.5 43
89 83 0.5 43
90 82 0.5 43
88 84 0.5 43
88 83 0.5 43
91 92 0.5 43
92 92 0.5 43
90 92 0.5 43
90 91 0.5 43
91 93 0.5 43
88 90 0.5 43
89 90 0.5 43
89 89 0.5 43
90 90 0.5 43
89 88 0.5 43
90 88 0.5 43
93 92 0.5 43
86 81 0.5 43
86 80 0.5 43
85 79 0.5 43
86 79 0.5 43
86 82 0.5 43
86 83 0.5 43
85 82 0.5 43
87 83 0.5 43
87 87 0.5 43
87 86 0.5 43
86 86 0.5 43
85 84 0.5 43
86 84 0.5 43
85 85 0.5 43
85 86 0.5 43
84 84 0.5 43
39 20 0.5 55
39 19 0.5 55
38 19 0.5 55
35 20 0.5 55
35 19 0.5 55
36 19 0.5 55
37 19 0.5 55
34 20 0.5 55
33 20 0.5 55
33 21 0.5 55
33 19 0.5 55
31 22 0.5 55
31 23 0.5 55
33 22 0.5 55
32 22 0.5 55
32 20 0.5 55
30 22 0.5 55
39 21 0.5 55
39 22 0.5 55
34 28 0.5 55
35 27 0.5 55
34 27 0.5 55
33 27 0.5 55
33 23 0.5 55
33 25 0.5 55
33 24 0.5 55
33 26 0.5 55
34 26 0.5 55
32 24 0.5 55
42 26 0.5 55
42 25 0.5 55
40 25 0.5 55
41 25 0.5 55
43 25 0.5 55
40 26 0.5 55
40 27 0.5 55
39 26 0.5 55
40 24 0.5 55
40 23 0.5 55
40 22 0.5 55
42 10 0.5 55
42 11 0.5 55
43 11 0.5 55
40 13 0.5 55
41 13 0.5 55
41 14 0.5 55
42 13 0.5 55
42 12 0.5 55
41 20 0.5 55
41 18 0.5 55
40 19 0.5 55
41 19 0.5 55
41 17 0.5 55
41 16 0.5 55
41 15 0.5 55
23 47 0.5 15
22 47 0.5 15
22 48 0.5 15
24 48 0.5 15
24 47 0.5 15
25 48 0.5 15
24 49 0.5 15
27 48 0.5 15
27 47 0.5 15
26 48 0.5 15
26 49 0.5 15
26 50 0.5 15
25 49 0.5 15
23 46 0.5 15
22 46 0.5 15
82 1 0.5 34
82 2 0.5 34
81 1 0.5 34
81 0 0.5 34
79 1 0.5 34
80 2 0.5 34
79 2 0.5 34
80 1 0.5 34
81 99 0.5 34
85 2 0.5 34
85 3 0.5 34
84 2 0.5 34
83 2 0.5 34
83 3 0.5 34
89 1 0.5 34
88 1 0.5 34
88 0 0.5 34
87 0 0.5 34
86 0 0.5 34
86 1 0.5 34
85 1 0.5 34
85 99 0.5 34
84 99 0.5 34
83 99 0.5 34
82 99 0.5 34
84 98 0.5 34
84 97 0.5 34
82 98 0.5 34
82 97 0.5 34
84 94 0.5 34
84 95 0.5 34
84 96 0.5 34
83 94 0.5 34
83 93 0.5 34
41 47 0.5 6
41 46 0.5 6
41 44 0.5 6
41 45 0.5 6
40 43 0.5 6
40 44 0.5 6
27 98 0.5 22
26 98 0.5 22
27 99 0.5 22
26 99 0.5 22
27 97 0.5 22
26 96 0.5 22
26 97 0.5 22
25 96 0.5 22
24 96 0.5 22
27 96 0.5 22
26 95 0.5 22
25 95 0.5 22
24 95 0.5 22
28 98 0.5 22
23 4 0.5 22
23 3 0.5 22
24 2 0.5 22
24 3 0.5 22
25 1 0.5 22
24 1 0.5 22
25 0 0.5 22
26 0 0.5 22
91 6 0.5 22
90 6 0.5 22
89 6 0.5 22
93 4 0.5 22
93 5 0.5 22
93 3 0.5 22
94 3 0.5 22
91 5 0.5 22
92 5 0.5 22
94 2 0.5 22
89 5 0.5 22
89 4 0.5 22
94 1 0.5 22
88 5 0.5 22
95 2 0.5 22
96 2 0.5 22
91 7 0.5 22
95 3 0.5 22
87 7 0.5 22
87 6 0.5 22
87 5 0.5 22
91 8 0.5 22
86 56 0.5 38
87 56 0.5 38
88 56 0.5 38
88 55 0.5 38
85 56 0.5 38
89 55 0.5 38
86 55 0.5 38
83 58 0.5 38
83 57 0.5 38
84 57 0.5 38
83 61 0.5 38
83 59 0.5 38
83 60 0.5 38
84 56 0.5 38
89 54 0.5 38
87 58 0.5 38
87 57 0.5 38
87 59 0.5 38
88 59 0.5 38
89 59 0.5 38
86 58 0.5 38
88 54 0.5 38
88 52 0.5 38
88 53 0.5 38
89 53 0.5 38
86 52 0.5 38
87 52 0.5 38
83 62 0.5 38
83 63 0.5 38
93 54 0.5 38
92 54 0.5 38
91 54 0.5 38
92 53 0.5 38
93 55 0.5 38
90 52 0.5 38
90 53 0.5 38
90 54 0.5 38
94 54 0.5 38
49 95 0.5 24
48 95 0.5 24
47 94 0.5 24
48 94 0.5 24
48 93 0.5 24
47 90 0.5 24
49 90 0.5 24
49 91 0.5 24
48 90 0.5 24
50 91 0.5 24
49 92 0.5 24
48 92 0.5 24
46 90 0.5 24
43 92 0.5 24
43 93 0.5 24
43 95 0.5 24
43 94 0.5 24
45 95 0.5 24
44 95 0.5 24
45 94 0.5 24
46 93 0.5 24
46 94 0.5 24
42 95 0.5 24
42 94 0.5 24
10 53 0.5 31
9 53 0.5 31
11 54 0.5 31
11 53 0.5 31
6 55 0.5 31
5 55 0.5 31
5 56 0.5 31
6 56 0.5 31
4 56 0.5 31
4 58 0.5 31
4 57 0.5 31
5 59 0.5 31
6 58 0.5 31
5 58 0.5 31
7 55 0.5 31
7 54 0.5 31
7 53 0.5 31
7 58 0.5 31
8 53 0.5 31
8 52 0.5 31
11 49 0.5 31
11 50 0.5 31
11 51 0.5 31
11 52 0.5 31
10 52 0.5 31
9 52 0.5 31
6 60 0.5 31
5 60 0.5 31
3 58 0.5 31
3 59 0.5 31
3 60 0.5 31
53 23 0.5 13
51 22 0.5 13
51 21 0.5 13
51 23 0.5 13
52 22 0.5 13
52 23 0.5 13
53 22 0.5 13
51 18 0.5 13
51 19 0.5 13
51 20 0.5 13
50 23 0.5 13
49 24 0.5 13
49 23 0.5 13
49 45 0.5 10
50 45 0.5 10
50 44 0.5 10
49 46 0.5 10
49 47 0.5 10
50 47 0.5 10
51 47 0.5 10
47 47 0.5 10
48 47 0.5 10
50 43 0.5 10
64 36 0.5 18
65 36 0.5 18
63 36 0.5 18
61 34 0.5 18
62 34 0.5 18
60 34 0.5 18
63 35 0.5 18
62 35 0.5 18
60 31 0.5 18
60 32 0.5 18
60 33 0.5 18
62 36 0.5 18
66 36 0.5 18
66 35 0.5 18
66 37 0.5 18
59 33 0.5 18
59 34 0.5 18
62 37 0.5 18
51 78 0.5 19
50 77 0.5 19
50 76 0.5 19
51 77 0.5 19
49 76 0.5 19
51 79 0.5 19
52 80 0.5 19
51 80 0.5 19
50 75 0.5 19
55 80 0.5 19
54 80 0.5 19
53 80 0.5 19
56 82 0.5 19
55 82 0.5 19
55 81 0.5 19
54 81 0.5 19
52 81 0.5 19
53 81 0.5 19
53 82 0.5 19
28 41 0.5 23
29 41 0.5 23
27 41 0.5 23
28 40 0.5 23
27 43 0.5 23
27 42 0.5 23
26 43 0.5 23
25 43 0.5 23
33 39 0.5 23
33 40 0.5 23
34 39 0.5 23
30 40 0.5 23
31 40 0.5 23
32 40 0.5 23
30 41 0.5 23
30 42 0.5 23
29 42 0.5 23
32 38 0.5 23
33 38 0.5 23
31 38 0.5 23
31 37 0.5 23
30 37 0.5 23
32 37 0.5 23
81 14 0.5 16
81 15 0.5 16
82 15 0.5 16
82 14 0.5 16
83 15 0.5 16
84 15 0.5 16
84 14 0.5 16
80 13 0.5 16
79 13 0.5 16
79 14 0.5 16
78 13 0.5 16
81 13 0.5 16
77 15 0.5 16
77 14 0.5 16
77 13 0.5 16
76 13 0.5 16
65 89 0.5 16
66 89 0.5 16
64 89 0.5 16
63 89 0.5 16
64 90 0.5 16
70 90 0.5 16
70 89 0.5 16
67 90 0.5 16
68 90 0.5 16
69 90 0.5 16
67 89 0.5 16
69 89 0.5 16
71 90 0.5 16
63 90 0.5 16
62 90 0.5 16
61 90 0.5 16
53 67 0.5 3
53 66 0.5 3
53 65 0.5 3
61 21 0.5 24
61 19 0.5 24
62 19 0.5 24
62 21 0.5 24
62 20 0.5 24
63 22 0.5 24
63 21 0.5 24
64 21 0.5 24
65 21 0.5 24
65 20 0.5 24
64 19 0.5 24
65 19 0.5 24
66 19 0.5 24
61 22 0.5 24
66 21 0.5 24
67 21 0.5 24
70 21 0.5 24
69 21 0.5 24
68 21 0.5 24
60 18 0.5 24
58 18 0.5 24
59 18 0.5 24
60 19 0.5 24
66 22 0.5 24
31 4 0.5 8
32 5 0.5 8
31 5 0.5 8
33 5 0.5 8
34 5 0.5 8
30 3 0.5 8
30 4 0.5 8
29 4 0.5 8
80 92 0.5 4
81 92 0.5 4
81 94 0.5 4
81 93 0.5 4
15 11 0.5 43
16 12 0.5 43
15 12 0.5 43
16 13 0.5 43
14 12 0.5 43
13 11 0.5 43
14 11 0.5 43
12 11 0.5 43
12 12 0.5 43
16 8 0.5 43
15 8 0.5 43
16 10 0.5 43
15 10 0.5 43
15 9 0.5 43
16 11 0.5 43
15 7 0.5 43
16 7 0.5 43
17 7 0.5 43
16 6 0.5 43
16 5 0.5 43
15 6 0.5 43
14 5 0.5 43
15 5 0.5 43
13 5 0.5 43
17 11 0.5 43
18 10 0.5 43
18 12 0.5 43
18 11 0.5 43
12 5 0.5 43
12 4 0.5 43
11 4 0.5 43
11 5 0.5 43
10 3 0.5 43
11 3 0.5 43
9 3 0.5 43
16 2 0.5 43
16 3 0.5 43
15 4 0.5 43
16 4 0.5 43
15 2 0.5 43
14 2 0.5 43
14 1 0.5 43
13 2 0.5 43
11 92 0.5 8
12 92 0.5 8
11 91 0.5 8
12 91 0.5 8
13 92 0.5 8
13 91 0.5 8
14 91 0.5 8
13 93 0.5 8
7 79 0.5 12
9 78 0.5 12
9 79 0.5 12
8 79 0.5 12
9 82 0.5 12
8 82 0.5 12
8 81 0.5 12
8 80 0.5 12
8 83 0.5 12
9 80 0.5 12
10 80 0.5 12
11 80 0.5 12
70 46 0.5 17
71 46 0.5 17
69 46 0.5 17
69 47 0.5 17
69 48 0.5 17
69 49 0.5 17
68 50 0.5 17
68 51 0.5 17
68 49 0.5 17
69 52 0.5 17
68 52 0.5 17
67 48 0.5 17
68 48 0.5 17
69 45 0.5 17
69 44 0.5 17
69 43 0.5 17
68 43 0.5 17
86 23 0.5 41
86 24 0.5 41
85 25 0.5 41
86 25 0.5 41
84 25 0.5 41
87 25 0.5 41
87 24 0.5 41
85 24 0.5 41
89 24 0.5 41
88 24 0.5 41
84 21 0.5 41
84 22 0.5 41
84 23 0.5 41
84 24 0.5 41
85 21 0.5 41
84 27 0.5 41
84 26 0.5 41
86 27 0.5 41
85 27 0.5 41
87 27 0.5 41
89 28 0.5 41
89 29 0.5 41
90 29 0.5 41
90 27 0.5 41
89 27 0.5 41
88 27 0.5 41
92 26 0.5 41
93 26 0.5 41
94 26 0.5 41
94 25 0.5 41
92 27 0.5 41
91 26 0.5 41
90 26 0.5 41
90 25 0.5 41
96 25 0.5 41
95 25 0.5 41
97 27 0.5 41
98 27 0.5 41
96 28 0.5 41
96 27 0.5 41
96 26 0.5 41
91 35 0.5 2
90 35 0.5 2
35 58 0.5 39
36 60 0.5 39
35 59 0.5 39
35 60 0.5 39
42 61 0.5 39
41 61 0.5 39
40 61 0.5 39
39 61 0.5 39
38 61 0.5 39
37 59 0.5 39
38 60 0.5 39
37 60 0.5 39
42 60 0.5 39
42 59 0.5 39
42 58 0.5 39
43 57 0.5 39
43 56 0.5 39
43 58 0.5 39
35 61 0.5 39
42 64 0.5 39
41 64 0.5 39
40 64 0.5 39
40 62 0.5 39
40 63 0.5 39
43 64 0.5 39
42 65 0.5 39
41 65 0.5 39
44 65 0.5 39
44 64 0.5 39
34 57 0.5 39
33 57 0.5 39
35 57 0.5 39
33 59 0.5 39
33 58 0.5 39
32 58 0.5 39
32 57 0.5 39
36 56 0.5 39
36 55 0.5 39
35 56 0.5 39
49 34 0.5 2
49 33 0.5 2
51 59 0.5 9
51 60 0.5 9
52 60 0.5 9
52 59 0.5 9
50 60 0.5 9
53 60 0.5 9
51 61 0.5 9
51 62 0.5 9
52 62 0.5 9
44 32 0.5 1
32 70 0.5 2
32 69 0.5 2
94 74 0.5 12
94 73 0.5 12
95 75 0.5 12
94 75 0.5 12
95 69 0.5 12
95 70 0.5 12
95 71 0.5 12
96 69 0.5 12
94 70 0.5 12
94 72 0.5 12
95 72 0.5 12
96 72 0.5 12
29 11 0.5 18
29 10 0.5 18
29 9 0.5 18
28 13 0.5 18
28 11 0.5 18
28 12 0.5 18
27 13 0.5 18
26 13 0.5 18
25 13 0.5 18
32 13 0.5 18
32 14 0.5 18
31 13 0.5 18
31 12 0.5 18
32 15 0.5 18
31 15 0.5 18
30 12 0.5 18
30 11 0.5 18
25 12 0.5 18
3 9 0.5 1
64 58 0.5 17
65 58 0.5 17
65 60 0.5 17
65 59 0.5 17
66 59 0.5 17
63 58 0.5 17
67 59 0.5 17
68 59 0.5 17
69 59 0.5 17
70 56 0.5 17
70 55 0.5 17
70 54 0.5 17
69 54 0.5 17
70 58 0.5 17
69 58 0.5 17
70 57 0.5 17
71 54 0.5 17
18 81 0.5 2
17 81 0.5 2
3 79 0.5 16
1 82 0.5 16
2 80 0.5 16
1 80 0.5 16
1 81 0.5 16
2 79 0.5 16
0 83 0.5 16
1 83 0.5 16
1 84 0.5 16
2 84 0.5 16
2 85 0.5 16
0 81 0.5 16
2 86 0.5 16
2 87 0.5 16
1 88 0.5 16
2 88 0.5 16
98 40 0.5 4
97 41 0.5 4
97 42 0.5 4
98 41 0.5 4
24 91 0.5 7
24 92 0.5 7
22 89 0.5 7
22 88 0.5 7
23 91 0.5 7
22 90 0.5 7
23 90 0.5 7
67 81 0.5 2
68 81 0.5 2
60 57 0.5 6
60 58 0.5 6
58 57 0.5 6
58 58 0.5 6
59 58 0.5 6
58 59 0.5 6
40 88 0.5 10
40 87 0.5 10
39 88 0.5 10
39 87 0.5 10
36 88 0.5 10
38 88 0.5 10
37 90 0.5 10
37 89 0.5 10
37 88 0.5 10
37 91 0.5 10
97 33 0.5 3
98 32 0.5 3
97 32 0.5 3
85 8 0.5 2
85 9 0.5 2
81 67 0.5 10
82 67 0.5 10
83 67 0.5 10
78 68 0.5 10
78 67 0.5 10
78 69 0.5 10
80 68 0.5 10
81 68 0.5 10
79 68 0.5 10
77 67 0.5 10
34 99 0.5 2
34 98 0.5 2
99 15 0.5 6
99 14 0.5 6
0 15 0.5 6
98 16 0.5 6
99 16 0.5 6
97 16 0.5 6
57 41 0.5 1
28 17 0.5 2
29 17 0.5 2
55 0 0.5 3
54 1 0.5 3
55 1 0.5 3
98 91 0.5 7
99 90 0.5 7
99 91 0.5 7
98 93 0.5 7
99 93 0.5 7
98 92 0.5 7
0 93 0.5 7
89 40 0.5 1
33 83 0.5 5
32 84 0.5 5
32 83 0.5 5
30 83 0.5 5
31 83 0.5 5
73 71 0.5 7
73 72 0.5 7
73 73 0.5 7
74 73 0.5 7
72 73 0.5 7
71 74 0.5 7
71 73 0.5 7
39 7 0.5 4
40 7 0.5 4
40 6 0.5 4
40 5 0.5 4
34 79 0.5 5
35 79 0.5 5
37 79 0.5 5
36 79 0.5 5
34 78 0.5 5
71 83 0.5 1
21 41 0.5 1
17 61 0.5 1
52 0 0.5 1
5 96 0.5 1
8 1 0.5 1
5 76 0.5 2
6 76 0.5 2
28 76 0.5 1
16 92 0.5 1
42 79 0.5 1
