65 72 0.5 20
67 72 0.5 20
67 73 0.5 20
66 72 0.5 20
65 71 0.5 20
64 72 0.5 20
67 75 0.5 20
68 74 0.5 20
67 74 0.5 20
63 72 0.5 20
63 73 0.5 20
63 75 0.5 20
63 74 0.5 20
62 73 0.5 20
61 70 0.5 20
61 72 0.5 20
61 73 0.5 20
60 73 0.5 20
61 71 0.5 20
60 74 0.5 20
2 22 0.5 74
1 22 0.5 74
1 21 0.5 74
7 25 0.5 74
7 26 0.5 74
8 25 0.5 74
6 26 0.5 74
9 25 0.5 74
4 24 0.5 74
4 25 0.5 74
5 25 0.5 74
6 25 0.5 74
3 24 0.5 74
4 26 0.5 74
10 25 0.5 74
11 25 0.5 74
9 24 0.5 74
8 24 0.5 74
13 27 0.5 74
12 27 0.5 74
12 26 0.5 74
12 24 0.5 74
12 25 0.5 74
13 23 0.5 74
13 24 0.5 74
14 28 0.5 74
14 27 0.5 74
4 23 0.5 74
3 23 0.5 74
3 22 0.5 74
17 28 0.5 74
16 28 0.5 74
16 27 0.5 74
15 28 0.5 74
15 29 0.5 74
13 33 0.5 74
13 34 0.5 74
12 37 0.5 74
12 36 0.5 74
12 35 0.5 74
12 34 0.5 74
14 33 0.5 74
14 34 0.5 74
17 30 0.5 74
16 30 0.5 74
17 31 0.5 74
15 30 0.5 74
16 29 0.5 74
18 31 0.5 74
15 31 0.5 74
14 31 0.5 74
14 32 0.5 74
19 32 0.5 74
18 32 0.5 74
18 33 0.5 74
20 32 0.5 74
21 32 0.5 74
22 32 0.5 74
8 27 0.5 74
7 27 0.5 74
8 39 0.5 74
7 39 0.5 74
9 38 0.5 74
10 38 0.5 74
10 39 0.5 74
11 39 0.5 74
9 39 0.5 74
8 38 0.5 74
8 37 0.5 74
8 36 0.5 74
9 36 0.5 74
10 36 0.5 74
11 37 0.5 74
10 37 0.5 74
14 70 0.5 10
13 70 0.5 10
13 68 0.5 10
12 68 0.5 10
13 69 0.5 10
11 71 0.5 10
12 71 0.5 10
10 71 0.5 10
13 71 0.5 10
9 71 0.5 10
98 47 0.5 16
99 47 0.5 16
0 47 0.5 16
97 47 0.5 16
4 47 0.5 16
3 47 0.5 16
3 48 0.5 16
2 48 0.5 16
1 47 0.5 16
2 47 0.5 16
1 46 0.5 16
4 48 0.5 16
98 46 0.5 16
4 50 0.5 16
4 49 0.5 16
5 49 0.5 16
71 28 0.5 23
69 28 0.5 23
70 28 0.5 23
72 28 0.5 23
74 28 0.5 23
73 28 0.5 23
74 27 0.5 23
73 29 0.5 23
73 30 0.5 23
66 28 0.5 23
66 27 0.5 23
68 28 0.5 23
67 28 0.5 23
67 27 0.5 23
67 26 0.5 23
74 26 0.5 23
65 24 0.5 23
67 25 0.5 23
66 25 0.5 23
65 25 0.5 23
66 26 0.5 23
64 24 0.5 23
67 24 0.5 23
24 61 0.5 38
24 60 0.5 38
22 61 0.5 38
22 62 0.5 38
23 61 0.5 38
21 58 0.5 38
22 60 0.5 38
22 58 0.5 38
22 59 0.5 38
23 66 0.5 38
24 66 0.5 38
22 66 0.5 38
21 67 0.5 38
22 67 0.5 38
23 67 0.5 38
24 64 0.5 38
23 64 0.5 38
22 65 0.5 38
22 64 0.5 38
21 63 0.5 38
21 64 0.5 38
25 66 0.5 38
25 65 0.5 38
25 67 0.5 38
26 66 0.5 38
25 64 0.5 38
26 64 0.5 38
27 67 0.5 38
28 67 0.5 38
26 67 0.5 38
27 66 0.5 38
27 63 0.5 38
26 63 0.5 38
25 61 0.5 38
26 61 0.5 38
26 62 0.5 38
25 62 0.5 38
21 57 0.5 38
76 40 0.5 31
77 40 0.5 31
77 41 0.5 31
75 39 0.5 31
74 39 0.5 31
75 40 0.5 31
75 38 0.5 31
77 39 0.5 31
78 39 0.5 31
79 39 0.5 31
80 39 0.5 31
81 39 0.5 31
79 40 0.5 31
82 39 0.5 31
82 40 0.5 31
81 40 0.5 31
81 41 0.5 31
83 39 0.5 31
83 38 0.5 31
73 41 0.5 31
73 42 0.5 31
72 42 0.5 31
74 41 0.5 31
75 43 0.5 31
75 42 0.5 31
74 43 0.5 31
73 43 0.5 31
76 43 0.5 31
75 44 0.5 31
73 40 0.5 31
74 40 0.5 31
36 72 0.5 4
37 72 0.5 4
38 72 0.5 4
38 73 0.5 4
89 85 0.5 43
89 86 0.5 43
89 84 0.5 43
91 85 0.5 43
91 86 0.5 43
91 84 0.5 43
90 86 0.5 43
91 83 0.5 43
89 83 0.5 43
90 83 0.5 43
89 81 0.5 43
89 82 0.5 43
90 81 0.5 43
88 83 0.5 43
88 82 0.5 43
91 91 0.5 43
92 91 0.5 43
90 91 0.5 43
90 90 0.5 43
91 92 0.5 43
88 89 0.5 43
89 89 0.5 43
89 88 0.5 43
90 89 0.5 43
89 87 0.5 43
90 87 0.5 43
93 91 0.5 43
86 80 0.5 43
86 79 0.5 43
85 78 0.5 43
86 78 0.5 43
86 81 0.5 43
86 82 0.5 43
85 81 0.5 43
87 82 0.5 43
87 86 0.5 43
87 85 0.5 43
86 85 0.5 43
85 83 0.5 43
86 83 0.5 43
85 84 0.5 43
85 85 0.5 43
84 83 0.5 43
38 20 0.5 55
38 19 0.5 55
37 19 0.5 55
34 20 0.5 55
34 19 0.5 55
35 19 0.5 55
36 19 0.5 55
33 20 0.5 55
32 20 0.5 55
32 21 0.5 55
32 19 0.5 55
30 22 0.5 55
30 23 0.5 55
32 22 0.5 55
31 22 0.5 55
31 20 0.5 55
29 22 0.5 55
38 21 0.5 55
38 22 0.5 55
33 28 0.5 55
34 27 0.5 55
33 27 0.5 55
32 27 0.5 55
32 23 0.5 55
32 25 0.5 55
32 24 0.5 55
32 26 0.5 55
33 26 0.5 55
31 24 0.5 55
41 26 0.5 55
41 25 0.5 55
39 25 0.5 55
40 25 0.5 55
42 25 0.5 55
39 26 0.5 55
39 27 0.5 55
38 26 0.5 55
39 24 0.5 55
39 23 0.5 55
39 22 0.5 55
41 10 0.5 55
41 11 0.5 55
42 11 0.5 55
39 13 0.5 55
40 13 0.5 55
40 14 0.5 55
41 13 0.5 55
41 12 0.5 55
40 20 0.5 55
40 18 0.5 55
39 19 0.5 55
40 19 0.5 55
40 17 0.5 55
40 16 0.5 55
40 15 0.5 55
23 48 0.5 15
22 48 0.5 15
22 49 0.5 15
24 49 0.5 15
24 48 0.5 15
25 49 0.5 15
24 50 0.5 15
27 49 0.5 15
27 48 0.5 15
26 49 0.5 15
26 50 0.5 15
26 51 0.5 15
25 50 0.5 15
23 47 0.5 15
22 47 0.5 15
81 1 0.5 38
81 2 0.5 38
80 1 0.5 38
80 0 0.5 38
78 1 0.5 38
79 2 0.5 38
78 2 0.5 38
79 1 0.5 38
80 99 0.5 38
84 2 0.5 38
84 3 0.5 38
83 2 0.5 38
82 2 0.5 38
82 3 0.5 38
88 1 0.5 38
87 1 0.5 38
87 0 0.5 38
86 0 0.5 38
85 0 0.5 38
85 1 0.5 38
84 1 0.5 38
84 99 0.5 38
83 99 0.5 38
82 99 0.5 38
81 99 0.5 38
83 98 0.5 38
83 97 0.5 38
81 98 0.5 38
81 97 0.5 38
83 94 0.5 38
83 95 0.5 38
83 96 0.5 38
82 94 0.5 38
82 93 0.5 38
80 92 0.5 38
81 92 0.5 38
81 94 0.5 38
81 93 0.5 38
41 48 0.5 6
41 47 0.5 6
41 45 0.5 6
41 46 0.5 6
40 44 0.5 6
40 45 0.5 6
27 99 0.5 22
26 99 0.5 22
27 0 0.5 22
26 0 0.5 22
27 98 0.5 22
26 97 0.5 22
26 98 0.5 22
25 97 0.5 22
24 97 0.5 22
27 97 0.5 22
26 96 0.5 22
25 96 0.5 22
24 96 0.5 22
28 99 0.5 22
23 5 0.5 22
23 4 0.5 22
24 3 0.5 22
24 4 0.5 22
25 2 0.5 22
24 2 0.5 22
25 1 0.5 22
26 1 0.5 22
92 6 0.5 22
91 6 0.5 22
90 6 0.5 22
94 4 0.5 22
94 5 0.5 22
94 3 0.5 22
95 3 0.5 22
92 5 0.5 22
93 5 0.5 22
95 2 0.5 22
90 5 0.5 22
90 4 0.5 22
95 1 0.5 22
89 5 0.5 22
96 2 0.5 22
97 2 0.5 22
92 7 0.5 22
96 3 0.5 22
88 7 0.5 22
88 6 0.5 22
88 5 0.5 22
92 8 0.5 22
87 56 0.5 38
88 56 0.5 38
89 56 0.5 38
89 55 0.5 38
86 56 0.5 38
90 55 0.5 38
87 55 0.5 38
84 58 0.5 38
84 57 0.5 38
85 57 0.5 38
84 61 0.5 38
84 59 0.5 38
84 60 0.5 38
85 56 0.5 38
90 54 0.5 38
88 58 0.5 38
88 57 0.5 38
88 59 0.5 38
89 59 0.5 38
90 59 0.5 38
87 58 0.5 38
89 54 0.5 38
89 52 0.5 38
89 53 0.5 38
90 53 0.5 38
87 52 0.5 38
88 52 0.5 38
84 62 0.5 38
84 63 0.5 38
94 54 0.5 38
93 54 0.5 38
92 54 0.5 38
93 53 0.5 38
94 55 0.5 38
91 52 0.5 38
91 53 0.5 38
91 54 0.5 38
95 54 0.5 38
48 95 0.5 24
47 95 0.5 24
46 94 0.5 24
47 94 0.5 24
47 93 0.5 24
46 90 0.5 24
48 90 0.5 24
48 91 0.5 24
47 90 0.5 24
49 91 0.5 24
48 92 0.5 24
47 92 0.5 24
45 90 0.5 24
42 92 0.5 24
42 93 0.5 24
42 95 0.5 24
42 94 0.5 24
44 95 0.5 24
43 95 0.5 24
44 94 0.5 24
45 93 0.5 24
45 94 0.5 24
41 95 0.5 24
41 94 0.5 24
10 54 0.5 31
9 54 0.5 31
11 55 0.5 31
11 54 0.5 31
6 56 0.5 31
5 56 0.5 31
5 57 0.5 31
6 57 0.5 31
4 57 0.5 31
4 59 0.5 31
4 58 0.5 31
5 60 0.5 31
6 59 0.5 31
5 59 0.5 31
7 56 0.5 31
7 55 0.5 31
7 54 0.5 31
7 59 0.5 31
8 54 0.5 31
8 53 0.5 31
11 50 0.5 31
11 51 0.5 31
11 52 0.5 31
11 53 0.5 31
10 53 0.5 31
9 53 0.5 31
6 61 0.5 31
5 61 0.5 31
3 59 0.5 31
3 60 0.5 31
3 61 0.5 31
52 23 0.5 13
50 22 0.5 13
50 21 0.5 13
50 23 0.5 13
51 22 0.5 13
51 23 0.5 13
52 22 0.5 13
50 18 0.5 13
50 19 0.5 13
50 20 0.5 13
49 23 0.5 13
48 24 0.5 13
48 23 0.5 13
49 44 0.5 10
50 44 0.5 10
50 43 0.5 10
49 45 0.5 10
49 46 0.5 10
50 46 0.5 10
51 46 0.5 10
47 46 0.5 10
48 46 0.5 10
50 42 0.5 10
63 36 0.5 18
64 36 0.5 18
62 36 0.5 18
60 34 0.5 18
61 34 0.5 18
59 34 0.5 18
62 35 0.5 18
61 35 0.5 18
59 31 0.5 18
59 32 0.5 18
59 33 0.5 18
61 36 0.5 18
65 36 0.5 18
65 35 0.5 18
65 37 0.5 18
58 33 0.5 18
58 34 0.5 18
61 37 0.5 18
51 77 0.5 19
50 76 0.5 19
50 75 0.5 19
51 76 0.5 19
49 75 0.5 19
51 78 0.5 19
52 79 0.5 19
51 79 0.5 19
50 74 0.5 19
55 79 0.5 19
54 79 0.5 19
53 79 0.5 19
56 81 0.5 19
55 81 0.5 19
55 80 0.5 19
54 80 0.5 19
52 80 0.5 19
53 80 0.5 19
53 81 0.5 19
29 41 0.5 23
30 41 0.5 23
28 41 0.5 23
29 40 0.5 23
28 43 0.5 23
28 42 0.5 23
27 43 0.5 23
26 43 0.5 23
34 39 0.5 23
34 40 0.5 23
35 39 0.5 23
31 40 0.5 23
32 40 0.5 23
33 40 0.5 23
31 41 0.5 23
31 42 0.5 23
30 42 0.5 23
33 38 0.5 23
34 38 0.5 23
32 38 0.5 23
32 37 0.5 23
31 37 0.5 23
33 37 0.5 23
81 13 0.5 16
81 14 0.5 16
82 14 0.5 16
82 13 0.5 16
83 14 0.5 16
84 14 0.5 16
84 13 0.5 16
80 12 0.5 16
79 12 0.5 16
79 13 0.5 16
78 12 0.5 16
81 12 0.5 16
77 14 0.5 16
77 13 0.5 16
77 12 0.5 16
76 12 0.5 16
65 88 0.5 16
66 88 0.5 16
64 88 0.5 16
63 88 0.5 16
64 89 0.5 16
70 89 0.5 16
70 88 0.5 16
67 89 0.5 16
68 89 0.5 16
69 89 0.5 16
67 88 0.5 16
69 88 0.5 16
71 89 0.5 16
63 89 0.5 16
62 89 0.5 16
61 89 0.5 16
53 68 0.5 3
53 67 0.5 3
53 66 0.5 3
60 21 0.5 24
60 19 0.5 24
61 19 0.5 24
61 21 0.5 24
61 20 0.5 24
62 22 0.5 24
62 21 0.5 24
63 21 0.5 24
64 21 0.5 24
64 20 0.5 24
63 19 0.5 24
64 19 0.5 24
65 19 0.5 24
60 22 0.5 24
65 21 0.5 24
66 21 0.5 24
69 21 0.5 24
68 21 0.5 24
67 21 0.5 24
59 18 0.5 24
57 18 0.5 24
58 18 0.5 24
59 19 0.5 24
65 22 0.5 24
31 5 0.5 8
32 6 0.5 8
31 6 0.5 8
33 6 0.5 8
34 6 0.5 8
30 4 0.5 8
30 5 0.5 8
29 5 0.5 8
15 10 0.5 43
16 11 0.5 43
15 11 0.5 43
16 12 0.5 43
14 11 0.5 43
13 10 0.5 43
14 10 0.5 43
12 10 0.5 43
12 11 0.5 43
16 7 0.5 43
15 7 0.5 43
16 9 0.5 43
15 9 0.5 43
15 8 0.5 43
16 10 0.5 43
15 6 0.5 43
16 6 0.5 43
17 6 0.5 43
16 5 0.5 43
16 4 0.5 43
15 5 0.5 43
14 4 0.5 43
15 4 0.5 43
13 4 0.5 43
17 10 0.5 43
18 9 0.5 43
18 11 0.5 43
18 10 0.5 43
12 4 0.5 43
12 3 0.5 43
11 3 0.5 43
11 4 0.5 43
10 2 0.5 43
11 2 0.5 43
9 2 0.5 43
16 1 0.5 43
16 2 0.5 43
15 3 0.5 43
16 3 0.5 43
15 1 0.5 43
14 1 0.5 43
14 0 0.5 43
13 1 0.5 43
10 92 0.5 8
11 92 0.5 8
10 91 0.5 8
11 91 0.5 8
12 92 0.5 8
12 91 0.5 8
13 91 0.5 8
12 93 0.5 8
8 79 0.5 12
10 78 0.5 12
10 79 0.5 12
9 79 0.5 12
10 82 0.5 12
9 82 0.5 12
9 81 0.5 12
9 80 0.5 12
9 83 0.5 12
10 80 0.5 12
11 80 0.5 12
12 80 0.5 12
70 47 0.5 34
71 47 0.5 34
69 47 0.5 34
69 48 0.5 34
69 49 0.5 34
69 50 0.5 34
68 51 0.5 34
68 52 0.5 34
68 50 0.5 34
69 53 0.5 34
68 53 0.5 34
67 49 0.5 34
68 49 0.5 34
69 46 0.5 34
69 45 0.5 34
69 44 0.5 34
68 44 0.5 34
64 58 0.5 34
65 58 0.5 34
65 60 0.5 34
65 59 0.5 34
66 59 0.5 34
63 58 0.5 34
67 59 0.5 34
68 59 0.5 34
69 59 0.5 34
70 56 0.5 34
70 55 0.5 34
70 54 0.5 34
69 54 0.5 34
70 58 0.5 34
69 58 0.5 34
70 57 0.5 34
71 54 0.5 34
85 23 0.5 41
85 24 0.5 41
84 25 0.5 41
85 25 0.5 41
83 25 0.5 41
86 25 0.5 41
86 24 0.5 41
84 24 0.5 41
88 24 0.5 41
87 24 0.5 41
83 21 0.5 41
83 22 0.5 41
83 23 0.5 41
83 24 0.5 41
84 21 0.5 41
83 27 0.5 41
83 26 0.5 41
85 27 0.5 41
84 27 0.5 41
86 27 0.5 41
88 28 0.5 41
88 29 0.5 41
89 29 0.5 41
89 27 0.5 41
88 27 0.5 41
87 27 0.5 41
91 26 0.5 41
92 26 0.5 41
93 26 0.5 41
93 25 0.5 41
91 27 0.5 41
90 26 0.5 41
89 26 0.5 41
89 25 0.5 41
95 25 0.5 41
94 25 0.5 41
96 27 0.5 41
97 27 0.5 41
95 28 0.5 41
95 27 0.5 41
95 26 0.5 41
92 35 0.5 2
91 35 0.5 2
36 58 0.5 39
37 60 0.5 39
36 59 0.5 39
36 60 0.5 39
43 61 0.5 39
42 61 0.5 39
41 61 0.5 39
40 61 0.5 39
39 61 0.5 39
38 59 0.5 39
39 60 0.5 39
38 60 0.5 39
43 60 0.5 39
43 59 0.5 39
43 58 0.5 39
44 57 0.5 39
44 56 0.5 39
44 58 0.5 39
36 61 0.5 39
43 64 0.5 39
42 64 0.5 39
41 64 0.5 39
41 62 0.5 39
41 63 0.5 39
44 64 0.5 39
43 65 0.5 39
42 65 0.5 39
45 65 0.5 39
45 64 0.5 39
35 57 0.5 39
34 57 0.5 39
36 57 0.5 39
34 59 0.5 39
34 58 0.5 39
33 58 0.5 39
33 57 0.5 39
37 56 0.5 39
37 55 0.5 39
36 56 0.5 39
49 33 0.5 2
49 32 0.5 2
51 60 0.5 9
51 61 0.5 9
52 61 0.5 9
52 60 0.5 9
50 61 0.5 9
53 61 0.5 9
51 62 0.5 9
51 63 0.5 9
52 63 0.5 9
45 32 0.5 1
32 71 0.5 2
32 70 0.5 2
93 74 0.5 12
93 73 0.5 12
94 75 0.5 12
93 75 0.5 12
94 69 0.5 12
94 70 0.5 12
94 71 0.5 12
95 69 0.5 12
93 70 0.5 12
93 72 0.5 12
94 72 0.5 12
95 72 0.5 12
29 12 0.5 18
29 11 0.5 18
29 10 0.5 18
28 14 0.5 18
28 12 0.5 18
28 13 0.5 18
27 14 0.5 18
26 14 0.5 18
25 14 0.5 18
32 14 0.5 18
32 15 0.5 18
31 14 0.5 18
31 13 0.5 18
32 16 0.5 18
31 16 0.5 18
30 13 0.5 18
30 12 0.5 18
25 13 0.5 18
3 10 0.5 1
18 80 0.5 2
17 80 0.5 2
3 78 0.5 16
1 81 0.5 16
2 79 0.5 16
1 79 0.5 16
1 80 0.5 16
2 78 0.5 16
0 82 0.5 16
1 82 0.5 16
1 83 0.5 16
2 83 0.5 16
2 84 0.5 16
0 80 0.5 16
2 85 0.5 16
2 86 0.5 16
1 87 0.5 16
2 87 0.5 16
99 40 0.5 4
98 41 0.5 4
98 42 0.5 4
99 41 0.5 4
23 91 0.5 7
23 92 0.5 7
21 89 0.5 7
21 88 0.5 7
22 91 0.5 7
21 90 0.5 7
22 90 0.5 7
66 81 0.5 2
67 81 0.5 2
60 58 0.5 6
60 59 0.5 6
58 58 0.5 6
58 59 0.5 6
59 59 0.5 6
58 60 0.5 6
41 88 0.5 10
41 87 0.5 10
40 88 0.5 10
40 87 0.5 10
37 88 0.5 10
39 88 0.5 10
38 90 0.5 10
38 89 0.5 10
38 88 0.5 10
38 91 0.5 10
97 34 0.5 3
98 33 0.5 3
97 33 0.5 3
86 8 0.5 2
86 9 0.5 2
81 66 0.5 10
82 66 0.5 10
83 66 0.5 10
78 67 0.5 10
78 66 0.5 10
78 68 0.5 10
80 67 0.5 10
81 67 0.5 10
79 67 0.5 10
77 66 0.5 10
33 99 0.5 2
33 98 0.5 2
98 15 0.5 6
98 14 0.5 6
99 15 0.5 6
97 16 0.5 6
98 16 0.5 6
96 16 0.5 6
57 40 0.5 1
27 17 0.5 2
28 17 0.5 2
55 1 0.5 3
54 2 0.5 3
55 2 0.5 3
98 92 0.5 7
99 91 0.5 7
99 92 0.5 7
98 94 0.5 7
99 94 0.5 7
98 93 0.5 7
0 94 0.5 7
89 39 0.5 1
34 83 0.5 5
33 84 0.5 5
33 83 0.5 5
31 83 0.5 5
32 83 0.5 5
73 72 0.5 7
73 73 0.5 7
73 74 0.5 7
74 74 0.5 7
72 74 0.5 7
71 75 0.5 7
71 74 0.5 7
40 7 0.5 4
41 7 0.5 4
41 6 0.5 4
41 5 0.5 4
34 78 0.5 5
35 78 0.5 5
37 78 0.5 5
36 78 0.5 5
34 77 0.5 5
71 82 0.5 1
20 41 0.5 1
18 61 0.5 1
52 1 0.5 1
6 96 0.5 1
8 0 0.5 1
6 76 0.5 2
7 76 0.5 2
28 77 0.5 1
15 92 0.5 1
42 80 0.5 1
