66 72 0.5 27
68 72 0.5 27
68 73 0.5 27
67 72 0.5 27
66 71 0.5 27
65 72 0.5 27
68 75 0.5 27
69 74 0.5 27
68 74 0.5 27
64 72 0.5 27
64 73 0.5 27
64 75 0.5 27
64 74 0.5 27
63 73 0.5 27
62 70 0.5 27
62 72 0.5 27
62 73 0.5 27
61 73 0.5 27
62 71 0.5 27
61 74 0.5 27
72 72 0.5 27
72 73 0.5 27
72 74 0.5 27
73 74 0.5 27
71 74 0.5 27
70 75 0.5 27
70 74 0.5 27
1 22 0.5 74
0 22 0.5 74
0 21 0.5 74
6 25 0.5 74
6 26 0.5 74
7 25 0.5 74
5 26 0.5 74
8 25 0.5 74
3 24 0.5 74
3 25 0.5 74
4 25 0.5 74
5 25 0.5 74
2 24 0.5 74
3 26 0.5 74
9 25 0.5 74
10 25 0.5 74
8 24 0.5 74
7 24 0.5 74
12 27 0.5 74
11 27 0.5 74
11 26 0.5 74
11 24 0.5 74
11 25 0.5 74
12 23 0.5 74
12 24 0.5 74
13 28 0.5 74
13 27 0.5 74
3 23 0.5 74
2 23 0.5 74
2 22 0.5 74
16 28 0.5 74
15 28 0.5 74
15 27 0.5 74
14 28 0.5 74
14 29 0.5 74
12 33 0.5 74
12 34 0.5 74
11 37 0.5 74
11 36 0.5 74
11 35 0.5 74
11 34 0.5 74
13 33 0.5 74
13 34 0.5 74
16 30 0.5 74
15 30 0.5 74
16 31 0.5 74
14 30 0.5 74
15 29 0.5 74
17 31 0.5 74
14 31 0.5 74
13 31 0.5 74
13 32 0.5 74
18 32 0.5 74
17 32 0.5 74
17 33 0.5 74
19 32 0.5 74
20 32 0.5 74
21 32 0.5 74
7 27 0.5 74
6 27 0.5 74
7 39 0.5 74
6 39 0.5 74
8 38 0.5 74
9 38 0.5 74
9 39 0.5 74
10 39 0.5 74
8 39 0.5 74
7 38 0.5 74
7 37 0.5 74
7 36 0.5 74
8 36 0.5 74
9 36 0.5 74
10 37 0.5 74
9 37 0.5 74
15 70 0.5 10
14 70 0.5 10
14 68 0.5 10
13 68 0.5 10
14 69 0.5 10
12 71 0.5 10
13 71 0.5 10
11 71 0.5 10
14 71 0.5 10
10 71 0.5 10
98 46 0.5 16
99 46 0.5 16
0 46 0.5 16
97 46 0.5 16
4 46 0.5 16
3 46 0.5 16
3 47 0.5 16
2 47 0.5 16
1 46 0.5 16
2 46 0.5 16
1 45 0.5 16
4 47 0.5 16
98 45 0.5 16
4 49 0.5 16
4 48 0.5 16
5 48 0.5 16
70 28 0.5 23
68 28 0.5 23
69 28 0.5 23
71 28 0.5 23
73 28 0.5 23
72 28 0.5 23
73 27 0.5 23
72 29 0.5 23
72 30 0.5 23
65 28 0.5 23
65 27 0.5 23
67 28 0.5 23
66 28 0.5 23
66 27 0.5 23
66 26 0.5 23
73 26 0.5 23
64 24 0.5 23
66 25 0.5 23
65 25 0.5 23
64 25 0.5 23
65 26 0.5 23
63 24 0.5 23
66 24 0.5 23
24 60 0.5 38
24 59 0.5 38
22 60 0.5 38
22 61 0.5 38
23 60 0.5 38
21 57 0.5 38
22 59 0.5 38
22 57 0.5 38
22 58 0.5 38
23 65 0.5 38
24 65 0.5 38
22 65 0.5 38
21 66 0.5 38
22 66 0.5 38
23 66 0.5 38
24 63 0.5 38
23 63 0.5 38
22 64 0.5 38
22 63 0.5 38
21 62 0.5 38
21 63 0.5 38
25 65 0.5 38
25 64 0.5 38
25 66 0.5 38
26 65 0.5 38
25 63 0.5 38
26 63 0.5 38
27 66 0.5 38
28 66 0.5 38
26 66 0.5 38
27 65 0.5 38
27 62 0.5 38
26 62 0.5 38
25 60 0.5 38
26 60 0.5 38
26 61 0.5 38
25 61 0.5 38
21 56 0.5 38
76 39 0.5 31
77 39 0.5 31
77 40 0.5 31
75 38 0.5 31
74 38 0.5 31
75 39 0.5 31
75 37 0.5 31
77 38 0.5 31
78 38 0.5 31
79 38 0.5 31
80 38 0.5 31
81 38 0.5 31
79 39 0.5 31
82 38 0.5 31
82 39 0.5 31
81 39 0.5 31
81 40 0.5 31
83 38 0.5 31
83 37 0.5 31
73 40 0.5 31
73 41 0.5 31
72 41 0.5 31
74 40 0.5 31
75 42 0.5 31
75 41 0.5 31
74 42 0.5 31
73 42 0.5 31
76 42 0.5 31
75 43 0.5 31
73 39 0.5 31
74 39 0.5 31
36 73 0.5 4
37 73 0.5 4
38 73 0.5 4
38 74 0.5 4
88 85 0.5 43
88 86 0.5 43
88 84 0.5 43
90 85 0.5 43
90 86 0.5 43
90 84 0.5 43
89 86 0.5 43
90 83 0.5 43
88 83 0.5 43
89 83 0.5 43
88 81 0.5 43
88 82 0.5 43
89 81 0.5 43
87 83 0.5 43
87 82 0.5 43
90 91 0.5 43
91 91 0.5 43
89 91 0.5 43
89 90 0.5 43
90 92 0.5 43
87 89 0.5 43
88 89 0.5 43
88 88 0.5 43
89 89 0.5 43
88 87 0.5 43
89 87 0.5 43
92 91 0.5 43
85 80 0.5 43
85 79 0.5 43
84 78 0.5 43
85 78 0.5 43
85 81 0.5 43
85 82 0.5 43
84 81 0.5 43
86 82 0.5 43
86 86 0.5 43
86 85 0.5 43
85 85 0.5 43
84 83 0.5 43
85 83 0.5 43
84 84 0.5 43
84 85 0.5 43
83 83 0.5 43
37 20 0.5 55
37 19 0.5 55
36 19 0.5 55
33 20 0.5 55
33 19 0.5 55
34 19 0.5 55
35 19 0.5 55
32 20 0.5 55
31 20 0.5 55
31 21 0.5 55
31 19 0.5 55
29 22 0.5 55
29 23 0.5 55
31 22 0.5 55
30 22 0.5 55
30 20 0.5 55
28 22 0.5 55
37 21 0.5 55
37 22 0.5 55
32 28 0.5 55
33 27 0.5 55
32 27 0.5 55
31 27 0.5 55
31 23 0.5 55
31 25 0.5 55
31 24 0.5 55
31 26 0.5 55
32 26 0.5 55
30 24 0.5 55
40 26 0.5 55
40 25 0.5 55
38 25 0.5 55
39 25 0.5 55
41 25 0.5 55
38 26 0.5 55
38 27 0.5 55
37 26 0.5 55
38 24 0.5 55
38 23 0.5 55
38 22 0.5 55
40 10 0.5 55
40 11 0.5 55
41 11 0.5 55
38 13 0.5 55
39 13 0.5 55
39 14 0.5 55
40 13 0.5 55
40 12 0.5 55
39 20 0.5 55
39 18 0.5 55
38 19 0.5 55
39 19 0.5 55
39 17 0.5 55
39 16 0.5 55
39 15 0.5 55
23 47 0.5 15
22 47 0.5 15
22 48 0.5 15
24 48 0.5 15
24 47 0.5 15
25 48 0.5 15
24 49 0.5 15
27 48 0.5 15
27 47 0.5 15
26 48 0.5 15
26 49 0.5 15
26 50 0.5 15
25 49 0.5 15
23 46 0.5 15
22 46 0.5 15
82 1 0.5 38
82 2 0.5 38
81 1 0.5 38
81 0 0.5 38
79 1 0.5 38
80 2 0.5 38
79 2 0.5 38
80 1 0.5 38
81 99 0.5 38
85 2 0.5 38
85 3 0.5 38
84 2 0.5 38
83 2 0.5 38
83 3 0.5 38
89 1 0.5 38
88 1 0.5 38
88 0 0.5 38
87 0 0.5 38
86 0 0.5 38
86 1 0.5 38
85 1 0.5 38
85 99 0.5 38
84 99 0.5 38
83 99 0.5 38
82 99 0.5 38
84 98 0.5 38
84 97 0.5 38
82 98 0.5 38
82 97 0.5 38
84 94 0.5 38
84 95 0.5 38
84 96 0.5 38
83 94 0.5 38
83 93 0.5 38
81 92 0.5 38
82 92 0.5 38
82 94 0.5 38
82 93 0.5 38
41 49 0.5 6
41 48 0.5 6
41 46 0.5 6
41 47 0.5 6
40 45 0.5 6
40 46 0.5 6
26 99 0.5 22
25 99 0.5 22
26 0 0.5 22
25 0 0.5 22
26 98 0.5 22
25 97 0.5 22
25 98 0.5 22
24 97 0.5 22
23 97 0.5 22
26 97 0.5 22
25 96 0.5 22
24 96 0.5 22
23 96 0.5 22
27 99 0.5 22
22 5 0.5 22
22 4 0.5 22
23 3 0.5 22
23 4 0.5 22
24 2 0.5 22
23 2 0.5 22
24 1 0.5 22
25 1 0.5 22
91 6 0.5 22
90 6 0.5 22
89 6 0.5 22
93 4 0.5 22
93 5 0.5 22
93 3 0.5 22
94 3 0.5 22
91 5 0.5 22
92 5 0.5 22
94 2 0.5 22
89 5 0.5 22
89 4 0.5 22
94 1 0.5 22
88 5 0.5 22
95 2 0.5 22
96 2 0.5 22
91 7 0.5 22
95 3 0.5 22
87 7 0.5 22
87 6 0.5 22
87 5 0.5 22
91 8 0.5 22
88 56 0.5 38
89 56 0.5 38
90 56 0.5 38
90 55 0.5 38
87 56 0.5 38
91 55 0.5 38
88 55 0.5 38
85 58 0.5 38
85 57 0.5 38
86 57 0.5 38
85 61 0.5 38
85 59 0.5 38
85 60 0.5 38
86 56 0.5 38
91 54 0.5 38
89 58 0.5 38
89 57 0.5 38
89 59 0.5 38
90 59 0.5 38
91 59 0.5 38
88 58 0.5 38
90 54 0.5 38
90 52 0.5 38
90 53 0.5 38
91 53 0.5 38
88 52 0.5 38
89 52 0.5 38
85 62 0.5 38
85 63 0.5 38
95 54 0.5 38
94 54 0.5 38
93 54 0.5 38
94 53 0.5 38
95 55 0.5 38
92 52 0.5 38
92 53 0.5 38
92 54 0.5 38
96 54 0.5 38
48 96 0.5 24
47 96 0.5 24
46 95 0.5 24
47 95 0.5 24
47 94 0.5 24
46 91 0.5 24
48 91 0.5 24
48 92 0.5 24
47 91 0.5 24
49 92 0.5 24
48 93 0.5 24
47 93 0.5 24
45 91 0.5 24
42 93 0.5 24
42 94 0.5 24
42 96 0.5 24
42 95 0.5 24
44 96 0.5 24
43 96 0.5 24
44 95 0.5 24
45 94 0.5 24
45 95 0.5 24
41 96 0.5 24
41 95 0.5 24
10 55 0.5 31
9 55 0.5 31
11 56 0.5 31
11 55 0.5 31
6 57 0.5 31
5 57 0.5 31
5 58 0.5 31
6 58 0.5 31
4 58 0.5 31
4 60 0.5 31
4 59 0.5 31
5 61 0.5 31
6 60 0.5 31
5 60 0.5 31
7 57 0.5 31
7 56 0.5 31
7 55 0.5 31
7 60 0.5 31
8 55 0.5 31
8 54 0.5 31
11 51 0.5 31
11 52 0.5 31
11 53 0.5 31
11 54 0.5 31
10 54 0.5 31
9 54 0.5 31
6 62 0.5 31
5 62 0.5 31
3 60 0.5 31
3 61 0.5 31
3 62 0.5 31
52 24 0.5 13
50 23 0.5 13
50 22 0.5 13
50 24 0.5 13
51 23 0.5 13
51 24 0.5 13
52 23 0.5 13
50 19 0.5 13
50 20 0.5 13
50 21 0.5 13
49 24 0.5 13
48 25 0.5 13
48 24 0.5 13
48 44 0.5 10
49 44 0.5 10
49 43 0.5 10
48 45 0.5 10
48 46 0.5 10
49 46 0.5 10
50 46 0.5 10
46 46 0.5 10
47 46 0.5 10
49 42 0.5 10
63 35 0.5 18
64 35 0.5 18
62 35 0.5 18
60 33 0.5 18
61 33 0.5 18
59 33 0.5 18
62 34 0.5 18
61 34 0.5 18
59 30 0.5 18
59 31 0.5 18
59 32 0.5 18
61 35 0.5 18
65 35 0.5 18
65 34 0.5 18
65 36 0.5 18
58 32 0.5 18
58 33 0.5 18
61 36 0.5 18
52 77 0.5 19
51 76 0.5 19
51 75 0.5 19
52 76 0.5 19
50 75 0.5 19
52 78 0.5 19
53 79 0.5 19
52 79 0.5 19
51 74 0.5 19
56 79 0.5 19
55 79 0.5 19
54 79 0.5 19
57 81 0.5 19
56 81 0.5 19
56 80 0.5 19
55 80 0.5 19
53 80 0.5 19
54 80 0.5 19
54 81 0.5 19
28 41 0.5 23
29 41 0.5 23
27 41 0.5 23
28 40 0.5 23
27 43 0.5 23
27 42 0.5 23
26 43 0.5 23
25 43 0.5 23
33 39 0.5 23
33 40 0.5 23
34 39 0.5 23
30 40 0.5 23
31 40 0.5 23
32 40 0.5 23
30 41 0.5 23
30 42 0.5 23
29 42 0.5 23
32 38 0.5 23
33 38 0.5 23
31 38 0.5 23
31 37 0.5 23
30 37 0.5 23
32 37 0.5 23
81 14 0.5 16
81 15 0.5 16
82 15 0.5 16
82 14 0.5 16
83 15 0.5 16
84 15 0.5 16
84 14 0.5 16
80 13 0.5 16
79 13 0.5 16
79 14 0.5 16
78 13 0.5 16
81 13 0.5 16
77 15 0.5 16
77 14 0.5 16
77 13 0.5 16
76 13 0.5 16
64 88 0.5 16
65 88 0.5 16
63 88 0.5 16
62 88 0.5 16
63 89 0.5 16
69 89 0.5 16
69 88 0.5 16
66 89 0.5 16
67 89 0.5 16
68 89 0.5 16
66 88 0.5 16
68 88 0.5 16
70 89 0.5 16
62 89 0.5 16
61 89 0.5 16
60 89 0.5 16
52 68 0.5 3
52 67 0.5 3
52 66 0.5 3
61 21 0.5 24
61 19 0.5 24
62 19 0.5 24
62 21 0.5 24
62 20 0.5 24
63 22 0.5 24
63 21 0.5 24
64 21 0.5 24
65 21 0.5 24
65 20 0.5 24
64 19 0.5 24
65 19 0.5 24
66 19 0.5 24
61 22 0.5 24
66 21 0.5 24
67 21 0.5 24
70 21 0.5 24
69 21 0.5 24
68 21 0.5 24
60 18 0.5 24
58 18 0.5 24
59 18 0.5 24
60 19 0.5 24
66 22 0.5 24
30 5 0.5 8
31 6 0.5 8
30 6 0.5 8
32 6 0.5 8
33 6 0.5 8
29 4 0.5 8
29 5 0.5 8
28 5 0.5 8
15 9 0.5 44
16 10 0.5 44
15 10 0.5 44
16 11 0.5 44
14 10 0.5 44
13 9 0.5 44
14 9 0.5 44
12 9 0.5 44
12 10 0.5 44
16 6 0.5 44
15 6 0.5 44
16 8 0.5 44
15 8 0.5 44
15 7 0.5 44
16 9 0.5 44
15 5 0.5 44
16 5 0.5 44
17 5 0.5 44
16 4 0.5 44
16 3 0.5 44
15 4 0.5 44
14 3 0.5 44
15 3 0.5 44
13 3 0.5 44
17 9 0.5 44
18 8 0.5 44
18 10 0.5 44
18 9 0.5 44
12 3 0.5 44
12 2 0.5 44
11 2 0.5 44
11 3 0.5 44
10 1 0.5 44
11 1 0.5 44
9 1 0.5 44
16 0 0.5 44
16 1 0.5 44
15 2 0.5 44
16 2 0.5 44
15 0 0.5 44
14 0 0.5 44
14 99 0.5 44
13 0 0.5 44
9 0 0.5 44
9 92 0.5 8
10 92 0.5 8
9 91 0.5 8
10 91 0.5 8
11 92 0.5 8
11 91 0.5 8
12 91 0.5 8
11 93 0.5 8
8 78 0.5 12
10 77 0.5 12
10 78 0.5 12
9 78 0.5 12
10 81 0.5 12
9 81 0.5 12
9 80 0.5 12
9 79 0.5 12
9 82 0.5 12
10 79 0.5 12
11 79 0.5 12
12 79 0.5 12
70 48 0.5 34
71 48 0.5 34
69 48 0.5 34
69 49 0.5 34
69 50 0.5 34
69 51 0.5 34
68 52 0.5 34
68 53 0.5 34
68 51 0.5 34
69 54 0.5 34
68 54 0.5 34
67 50 0.5 34
68 50 0.5 34
69 47 0.5 34
69 46 0.5 34
69 45 0.5 34
68 45 0.5 34
64 59 0.5 34
65 59 0.5 34
65 61 0.5 34
65 60 0.5 34
66 60 0.5 34
63 59 0.5 34
67 60 0.5 34
68 60 0.5 34
69 60 0.5 34
70 57 0.5 34
70 56 0.5 34
70 55 0.5 34
69 55 0.5 34
70 59 0.5 34
69 59 0.5 34
70 58 0.5 34
71 55 0.5 34
86 23 0.5 41
86 24 0.5 41
85 25 0.5 41
86 25 0.5 41
84 25 0.5 41
87 25 0.5 41
87 24 0.5 41
85 24 0.5 41
89 24 0.5 41
88 24 0.5 41
84 21 0.5 41
84 22 0.5 41
84 23 0.5 41
84 24 0.5 41
85 21 0.5 41
84 27 0.5 41
84 26 0.5 41
86 27 0.5 41
85 27 0.5 41
87 27 0.5 41
89 28 0.5 41
89 29 0.5 41
90 29 0.5 41
90 27 0.5 41
89 27 0.5 41
88 27 0.5 41
92 26 0.5 41
93 26 0.5 41
94 26 0.5 41
94 25 0.5 41
92 27 0.5 41
91 26 0.5 41
90 26 0.5 41
90 25 0.5 41
96 25 0.5 41
95 25 0.5 41
97 27 0.5 41
98 27 0.5 41
96 28 0.5 41
96 27 0.5 41
96 26 0.5 41
93 35 0.5 2
92 35 0.5 2
37 58 0.5 39
38 60 0.5 39
37 59 0.5 39
37 60 0.5 39
44 61 0.5 39
43 61 0.5 39
42 61 0.5 39
41 61 0.5 39
40 61 0.5 39
39 59 0.5 39
40 60 0.5 39
39 60 0.5 39
44 60 0.5 39
44 59 0.5 39
44 58 0.5 39
45 57 0.5 39
45 56 0.5 39
45 58 0.5 39
37 61 0.5 39
44 64 0.5 39
43 64 0.5 39
42 64 0.5 39
42 62 0.5 39
42 63 0.5 39
45 64 0.5 39
44 65 0.5 39
43 65 0.5 39
46 65 0.5 39
46 64 0.5 39
36 57 0.5 39
35 57 0.5 39
37 57 0.5 39
35 59 0.5 39
35 58 0.5 39
34 58 0.5 39
34 57 0.5 39
38 56 0.5 39
38 55 0.5 39
37 56 0.5 39
50 33 0.5 2
50 32 0.5 2
51 59 0.5 9
51 60 0.5 9
52 60 0.5 9
52 59 0.5 9
50 60 0.5 9
53 60 0.5 9
51 61 0.5 9
51 62 0.5 9
52 62 0.5 9
44 32 0.5 1
32 72 0.5 2
32 71 0.5 2
92 74 0.5 12
92 73 0.5 12
93 75 0.5 12
92 75 0.5 12
93 69 0.5 12
93 70 0.5 12
93 71 0.5 12
94 69 0.5 12
92 70 0.5 12
92 72 0.5 12
93 72 0.5 12
94 72 0.5 12
28 12 0.5 18
28 11 0.5 18
28 10 0.5 18
27 14 0.5 18
27 12 0.5 18
27 13 0.5 18
26 14 0.5 18
25 14 0.5 18
24 14 0.5 18
31 14 0.5 18
31 15 0.5 18
30 14 0.5 18
30 13 0.5 18
31 16 0.5 18
30 16 0.5 18
29 13 0.5 18
29 12 0.5 18
24 13 0.5 18
2 10 0.5 1
18 79 0.5 2
17 79 0.5 2
3 77 0.5 16
1 80 0.5 16
2 78 0.5 16
1 78 0.5 16
1 79 0.5 16
2 77 0.5 16
0 81 0.5 16
1 81 0.5 16
1 82 0.5 16
2 82 0.5 16
2 83 0.5 16
0 79 0.5 16
2 84 0.5 16
2 85 0.5 16
1 86 0.5 16
2 86 0.5 16
99 41 0.5 4
98 42 0.5 4
98 43 0.5 4
99 42 0.5 4
23 90 0.5 7
23 91 0.5 7
21 88 0.5 7
21 87 0.5 7
22 90 0.5 7
21 89 0.5 7
22 89 0.5 7
66 82 0.5 2
67 82 0.5 2
59 58 0.5 6
59 59 0.5 6
57 58 0.5 6
57 59 0.5 6
58 59 0.5 6
57 60 0.5 6
40 88 0.5 10
40 87 0.5 10
39 88 0.5 10
39 87 0.5 10
36 88 0.5 10
38 88 0.5 10
37 90 0.5 10
37 89 0.5 10
37 88 0.5 10
37 91 0.5 10
97 33 0.5 3
98 32 0.5 3
97 32 0.5 3
86 9 0.5 2
86 10 0.5 2
81 67 0.5 10
82 67 0.5 10
83 67 0.5 10
78 68 0.5 10
78 67 0.5 10
78 69 0.5 10
80 68 0.5 10
81 68 0.5 10
79 68 0.5 10
77 67 0.5 10
34 99 0.5 2
34 98 0.5 2
98 14 0.5 6
98 13 0.5 6
99 14 0.5 6
97 15 0.5 6
98 15 0.5 6
96 15 0.5 6
57 41 0.5 1
26 17 0.5 2
27 17 0.5 2
54 1 0.5 4
53 2 0.5 4
54 2 0.5 4
52 2 0.5 4
98 93 0.5 7
99 92 0.5 7
99 93 0.5 7
98 95 0.5 7
99 95 0.5 7
98 94 0.5 7
0 95 0.5 7
88 39 0.5 1
33 83 0.5 5
32 84 0.5 5
32 83 0.5 5
30 83 0.5 5
31 83 0.5 5
40 7 0.5 4
41 7 0.5 4
41 6 0.5 4
41 5 0.5 4
35 78 0.5 5
36 78 0.5 5
38 78 0.5 5
37 78 0.5 5
35 77 0.5 5
72 82 0.5 1
20 40 0.5 1
19 61 0.5 1
6 96 0.5 1
6 76 0.5 2
7 76 0.5 2
28 76 0.5 1
15 93 0.5 1
42 81 0.5 1
