67 72 0.5 27
69 72 0.5 27
69 73 0.5 27
68 72 0.5 27
67 71 0.5 27
66 72 0.5 27
69 75 0.5 27
70 74 0.5 27
69 74 0.5 27
65 72 0.5 27
65 73 0.5 27
65 75 0.5 27
65 74 0.5 27
64 73 0.5 27
63 70 0.5 27
63 72 0.5 27
63 73 0.5 27
62 73 0.5 27
63 71 0.5 27
62 74 0.5 27
73 72 0.5 27
73 73 0.5 27
73 74 0.5 27
74 74 0.5 27
72 74 0.5 27
71 75 0.5 27
71 74 0.5 27
1 23 0.5 74
0 23 0.5 74
0 22 0.5 74
6 26 0.5 74
6 27 0.5 74
7 26 0.5 74
5 27 0.5 74
8 26 0.5 74
3 25 0.5 74
3 26 0.5 74
4 26 0.5 74
5 26 0.5 74
2 25 0.5 74
3 27 0.5 74
9 26 0.5 74
10 26 0.5 74
8 25 0.5 74
7 25 0.5 74
12 28 0.5 74
11 28 0.5 74
11 27 0.5 74
11 25 0.5 74
11 26 0.5 74
12 24 0.5 74
12 25 0.5 74
13 29 0.5 74
13 28 0.5 74
3 24 0.5 74
2 24 0.5 74
2 23 0.5 74
16 29 0.5 74
15 29 0.5 74
15 28 0.5 74
14 29 0.5 74
14 30 0.5 74
12 34 0.5 74
12 35 0.5 74
11 38 0.5 74
11 37 0.5 74
11 36 0.5 74
11 35 0.5 74
13 34 0.5 74
13 35 0.5 74
16 31 0.5 74
15 31 0.5 74
16 32 0.5 74
14 31 0.5 74
15 30 0.5 74
17 32 0.5 74
14 32 0.5 74
13 32 0.5 74
13 33 0.5 74
18 33 0.5 74
17 33 0.5 74
17 34 0.5 74
19 33 0.5 74
20 33 0.5 74
21 33 0.5 74
7 28 0.5 74
6 28 0.5 74
7 40 0.5 74
6 40 0.5 74
8 39 0.5 74
9 39 0.5 74
9 40 0.5 74
10 40 0.5 74
8 40 0.5 74
7 39 0.5 74
7 38 0.5 74
7 37 0.5 74
8 37 0.5 74
9 37 0.5 74
10 38 0.5 74
9 38 0.5 74
15 69 0.5 10
14 69 0.5 10
14 67 0.5 10
13 67 0.5 10
14 68 0.5 10
12 70 0.5 10
13 70 0.5 10
11 70 0.5 10
14 70 0.5 10
10 70 0.5 10
97 46 0.5 16
98 46 0.5 16
99 46 0.5 16
96 46 0.5 16
3 46 0.5 16
2 46 0.5 16
2 47 0.5 16
1 47 0.5 16
0 46 0.5 16
1 46 0.5 16
0 45 0.5 16
3 47 0.5 16
97 45 0.5 16
3 49 0.5 16
3 48 0.5 16
4 48 0.5 16
71 28 0.5 23
69 28 0.5 23
70 28 0.5 23
72 28 0.5 23
74 28 0.5 23
73 28 0.5 23
74 27 0.5 23
73 29 0.5 23
73 30 0.5 23
66 28 0.5 23
66 27 0.5 23
68 28 0.5 23
67 28 0.5 23
67 27 0.5 23
67 26 0.5 23
74 26 0.5 23
65 24 0.5 23
67 25 0.5 23
66 25 0.5 23
65 25 0.5 23
66 26 0.5 23
64 24 0.5 23
67 24 0.5 23
23 60 0.5 38
23 59 0.5 38
21 60 0.5 38
21 61 0.5 38
22 60 0.5 38
20 57 0.5 38
21 59 0.5 38
21 57 0.5 38
21 58 0.5 38
22 65 0.5 38
23 65 0.5 38
21 65 0.5 38
20 66 0.5 38
21 66 0.5 38
22 66 0.5 38
23 63 0.5 38
22 63 0.5 38
21 64 0.5 38
21 63 0.5 38
20 62 0.5 38
20 63 0.5 38
24 65 0.5 38
24 64 0.5 38
24 66 0.5 38
25 65 0.5 38
24 63 0.5 38
25 63 0.5 38
26 66 0.5 38
27 66 0.5 38
25 66 0.5 38
26 65 0.5 38
26 62 0.5 38
25 62 0.5 38
24 60 0.5 38
25 60 0.5 38
25 61 0.5 38
24 61 0.5 38
20 56 0.5 38
76 40 0.5 31
77 40 0.5 31
77 41 0.5 31
75 39 0.5 31
74 39 0.5 31
75 40 0.5 31
75 38 0.5 31
77 39 0.5 31
78 39 0.5 31
79 39 0.5 31
80 39 0.5 31
81 39 0.5 31
79 40 0.5 31
82 39 0.5 31
82 40 0.5 31
81 40 0.5 31
81 41 0.5 31
83 39 0.5 31
83 38 0.5 31
73 41 0.5 31
73 42 0.5 31
72 42 0.5 31
74 41 0.5 31
75 43 0.5 31
75 42 0.5 31
74 43 0.5 31
73 43 0.5 31
76 43 0.5 31
75 44 0.5 31
73 40 0.5 31
74 40 0.5 31
36 72 0.5 4
37 72 0.5 4
38 72 0.5 4
38 73 0.5 4
87 85 0.5 43
87 86 0.5 43
87 84 0.5 43
89 85 0.5 43
89 86 0.5 43
89 84 0.5 43
88 86 0.5 43
89 83 0.5 43
87 83 0.5 43
88 83 0.5 43
87 81 0.5 43
87 82 0.5 43
88 81 0.5 43
86 83 0.5 43
86 82 0.5 43
89 91 0.5 43
90 91 0.5 43
88 91 0.5 43
88 90 0.5 43
89 92 0.5 43
86 89 0.5 43
87 89 0.5 43
87 88 0.5 43
88 89 0.5 43
87 87 0.5 43
88 87 0.5 43
91 91 0.5 43
84 80 0.5 43
84 79 0.5 43
83 78 0.5 43
84 78 0.5 43
84 81 0.5 43
84 82 0.5 43
83 81 0.5 43
85 82 0.5 43
85 86 0.5 43
85 85 0.5 43
84 85 0.5 43
83 83 0.5 43
84 83 0.5 43
83 84 0.5 43
83 85 0.5 43
82 83 0.5 43
37 21 0.5 55
37 20 0.5 55
36 20 0.5 55
33 21 0.5 55
33 20 0.5 55
34 20 0.5 55
35 20 0.5 55
32 21 0.5 55
31 21 0.5 55
31 22 0.5 55
31 20 0.5 55
29 23 0.5 55
29 24 0.5 55
31 23 0.5 55
30 23 0.5 55
30 21 0.5 55
28 23 0.5 55
37 22 0.5 55
37 23 0.5 55
32 29 0.5 55
33 28 0.5 55
32 28 0.5 55
31 28 0.5 55
31 24 0.5 55
31 26 0.5 55
31 25 0.5 55
31 27 0.5 55
32 27 0.5 55
30 25 0.5 55
40 27 0.5 55
40 26 0.5 55
38 26 0.5 55
39 26 0.5 55
41 26 0.5 55
38 27 0.5 55
38 28 0.5 55
37 27 0.5 55
38 25 0.5 55
38 24 0.5 55
38 23 0.5 55
40 11 0.5 55
40 12 0.5 55
41 12 0.5 55
38 14 0.5 55
39 14 0.5 55
39 15 0.5 55
40 14 0.5 55
40 13 0.5 55
39 21 0.5 55
39 19 0.5 55
38 20 0.5 55
39 20 0.5 55
39 18 0.5 55
39 17 0.5 55
39 16 0.5 55
23 46 0.5 15
22 46 0.5 15
22 47 0.5 15
24 47 0.5 15
24 46 0.5 15
25 47 0.5 15
24 48 0.5 15
27 47 0.5 15
27 46 0.5 15
26 47 0.5 15
26 48 0.5 15
26 49 0.5 15
25 48 0.5 15
23 45 0.5 15
22 45 0.5 15
83 1 0.5 38
83 2 0.5 38
82 1 0.5 38
82 0 0.5 38
80 1 0.5 38
81 2 0.5 38
80 2 0.5 38
81 1 0.5 38
82 99 0.5 38
86 2 0.5 38
86 3 0.5 38
85 2 0.5 38
84 2 0.5 38
84 3 0.5 38
90 1 0.5 38
89 1 0.5 38
89 0 0.5 38
88 0 0.5 38
87 0 0.5 38
87 1 0.5 38
86 1 0.5 38
86 99 0.5 38
85 99 0.5 38
84 99 0.5 38
83 99 0.5 38
85 98 0.5 38
85 97 0.5 38
83 98 0.5 38
83 97 0.5 38
85 94 0.5 38
85 95 0.5 38
85 96 0.5 38
84 94 0.5 38
84 93 0.5 38
82 92 0.5 38
83 92 0.5 38
83 94 0.5 38
83 93 0.5 38
42 49 0.5 6
42 48 0.5 6
42 46 0.5 6
42 47 0.5 6
41 45 0.5 6
41 46 0.5 6
26 0 0.5 22
25 0 0.5 22
26 1 0.5 22
25 1 0.5 22
26 99 0.5 22
25 98 0.5 22
25 99 0.5 22
24 98 0.5 22
23 98 0.5 22
26 98 0.5 22
25 97 0.5 22
24 97 0.5 22
23 97 0.5 22
27 0 0.5 22
22 6 0.5 22
22 5 0.5 22
23 4 0.5 22
23 5 0.5 22
24 3 0.5 22
23 3 0.5 22
24 2 0.5 22
25 2 0.5 22
92 6 0.5 22
91 6 0.5 22
90 6 0.5 22
94 4 0.5 22
94 5 0.5 22
94 3 0.5 22
95 3 0.5 22
92 5 0.5 22
93 5 0.5 22
95 2 0.5 22
90 5 0.5 22
90 4 0.5 22
95 1 0.5 22
89 5 0.5 22
96 2 0.5 22
97 2 0.5 22
92 7 0.5 22
96 3 0.5 22
88 7 0.5 22
88 6 0.5 22
88 5 0.5 22
92 8 0.5 22
88 55 0.5 38
89 55 0.5 38
90 55 0.5 38
90 54 0.5 38
87 55 0.5 38
91 54 0.5 38
88 54 0.5 38
85 57 0.5 38
85 56 0.5 38
86 56 0.5 38
85 60 0.5 38
85 58 0.5 38
85 59 0.5 38
86 55 0.5 38
91 53 0.5 38
89 57 0.5 38
89 56 0.5 38
89 58 0.5 38
90 58 0.5 38
91 58 0.5 38
88 57 0.5 38
90 53 0.5 38
90 51 0.5 38
90 52 0.5 38
91 52 0.5 38
88 51 0.5 38
89 51 0.5 38
85 61 0.5 38
85 62 0.5 38
95 53 0.5 38
94 53 0.5 38
93 53 0.5 38
94 52 0.5 38
95 54 0.5 38
92 51 0.5 38
92 52 0.5 38
92 53 0.5 38
96 53 0.5 38
47 96 0.5 24
46 96 0.5 24
45 95 0.5 24
46 95 0.5 24
46 94 0.5 24
45 91 0.5 24
47 91 0.5 24
47 92 0.5 24
46 91 0.5 24
48 92 0.5 24
47 93 0.5 24
46 93 0.5 24
44 91 0.5 24
41 93 0.5 24
41 94 0.5 24
41 96 0.5 24
41 95 0.5 24
43 96 0.5 24
42 96 0.5 24
43 95 0.5 24
44 94 0.5 24
44 95 0.5 24
40 96 0.5 24
40 95 0.5 24
9 55 0.5 31
8 55 0.5 31
10 56 0.5 31
10 55 0.5 31
5 57 0.5 31
4 57 0.5 31
4 58 0.5 31
5 58 0.5 31
3 58 0.5 31
3 60 0.5 31
3 59 0.5 31
4 61 0.5 31
5 60 0.5 31
4 60 0.5 31
6 57 0.5 31
6 56 0.5 31
6 55 0.5 31
6 60 0.5 31
7 55 0.5 31
7 54 0.5 31
10 51 0.5 31
10 52 0.5 31
10 53 0.5 31
10 54 0.5 31
9 54 0.5 31
8 54 0.5 31
5 62 0.5 31
4 62 0.5 31
2 60 0.5 31
2 61 0.5 31
2 62 0.5 31
51 24 0.5 13
49 23 0.5 13
49 22 0.5 13
49 24 0.5 13
50 23 0.5 13
50 24 0.5 13
51 23 0.5 13
49 19 0.5 13
49 20 0.5 13
49 21 0.5 13
48 24 0.5 13
47 25 0.5 13
47 24 0.5 13
49 44 0.5 10
50 44 0.5 10
50 43 0.5 10
49 45 0.5 10
49 46 0.5 10
50 46 0.5 10
51 46 0.5 10
47 46 0.5 10
48 46 0.5 10
50 42 0.5 10
63 34 0.5 18
64 34 0.5 18
62 34 0.5 18
60 32 0.5 18
61 32 0.5 18
59 32 0.5 18
62 33 0.5 18
61 33 0.5 18
59 29 0.5 18
59 30 0.5 18
59 31 0.5 18
61 34 0.5 18
65 34 0.5 18
65 33 0.5 18
65 35 0.5 18
58 31 0.5 18
58 32 0.5 18
61 35 0.5 18
52 76 0.5 19
51 75 0.5 19
51 74 0.5 19
52 75 0.5 19
50 74 0.5 19
52 77 0.5 19
53 78 0.5 19
52 78 0.5 19
51 73 0.5 19
56 78 0.5 19
55 78 0.5 19
54 78 0.5 19
57 80 0.5 19
56 80 0.5 19
56 79 0.5 19
55 79 0.5 19
53 79 0.5 19
54 79 0.5 19
54 80 0.5 19
28 42 0.5 23
29 42 0.5 23
27 42 0.5 23
28 41 0.5 23
27 44 0.5 23
27 43 0.5 23
26 44 0.5 23
25 44 0.5 23
33 40 0.5 23
33 41 0.5 23
34 40 0.5 23
30 41 0.5 23
31 41 0.5 23
32 41 0.5 23
30 42 0.5 23
30 43 0.5 23
29 43 0.5 23
32 39 0.5 23
33 39 0.5 23
31 39 0.5 23
31 38 0.5 23
30 38 0.5 23
32 38 0.5 23
82 14 0.5 16
82 15 0.5 16
83 15 0.5 16
83 14 0.5 16
84 15 0.5 16
85 15 0.5 16
85 14 0.5 16
81 13 0.5 16
80 13 0.5 16
80 14 0.5 16
79 13 0.5 16
82 13 0.5 16
78 15 0.5 16
78 14 0.5 16
78 13 0.5 16
77 13 0.5 16
64 87 0.5 16
65 87 0.5 16
63 87 0.5 16
62 87 0.5 16
63 88 0.5 16
69 88 0.5 16
69 87 0.5 16
66 88 0.5 16
67 88 0.5 16
68 88 0.5 16
66 87 0.5 16
68 87 0.5 16
70 88 0.5 16
62 88 0.5 16
61 88 0.5 16
60 88 0.5 16
52 69 0.5 3
52 68 0.5 3
52 67 0.5 3
60 21 0.5 24
60 19 0.5 24
61 19 0.5 24
61 21 0.5 24
61 20 0.5 24
62 22 0.5 24
62 21 0.5 24
63 21 0.5 24
64 21 0.5 24
64 20 0.5 24
63 19 0.5 24
64 19 0.5 24
65 19 0.5 24
60 22 0.5 24
65 21 0.5 24
66 21 0.5 24
69 21 0.5 24
68 21 0.5 24
67 21 0.5 24
59 18 0.5 24
57 18 0.5 24
58 18 0.5 24
59 19 0.5 24
65 22 0.5 24
30 4 0.5 8
31 5 0.5 8
30 5 0.5 8
32 5 0.5 8
33 5 0.5 8
29 3 0.5 8
29 4 0.5 8
28 4 0.5 8
15 10 0.5 44
16 11 0.5 44
15 11 0.5 44
16 12 0.5 44
14 11 0.5 44
13 10 0.5 44
14 10 0.5 44
12 10 0.5 44
12 11 0.5 44
16 7 0.5 44
15 7 0.5 44
16 9 0.5 44
15 9 0.5 44
15 8 0.5 44
16 10 0.5 44
15 6 0.5 44
16 6 0.5 44
17 6 0.5 44
16 5 0.5 44
16 4 0.5 44
15 5 0.5 44
14 4 0.5 44
15 4 0.5 44
13 4 0.5 44
17 10 0.5 44
18 9 0.5 44
18 11 0.5 44
18 10 0.5 44
12 4 0.5 44
12 3 0.5 44
11 3 0.5 44
11 4 0.5 44
10 2 0.5 44
11 2 0.5 44
9 2 0.5 44
16 1 0.5 44
16 2 0.5 44
15 3 0.5 44
16 3 0.5 44
15 1 0.5 44
14 1 0.5 44
14 0 0.5 44
13 1 0.5 44
9 1 0.5 44
9 91 0.5 8
10 91 0.5 8
9 90 0.5 8
10 90 0.5 8
11 91 0.5 8
11 90 0.5 8
12 90 0.5 8
11 92 0.5 8
7 78 0.5 14
9 77 0.5 14
9 78 0.5 14
8 78 0.5 14
9 81 0.5 14
8 81 0.5 14
8 80 0.5 14
8 79 0.5 14
8 82 0.5 14
9 79 0.5 14
10 79 0.5 14
11 79 0.5 14
6 77 0.5 14
7 77 0.5 14
70 49 0.5 34
71 49 0.5 34
69 49 0.5 34
69 50 0.5 34
69 51 0.5 34
69 52 0.5 34
68 53 0.5 34
68 54 0.5 34
68 52 0.5 34
69 55 0.5 34
68 55 0.5 34
67 51 0.5 34
68 51 0.5 34
69 48 0.5 34
69 47 0.5 34
69 46 0.5 34
68 46 0.5 34
64 60 0.5 34
65 60 0.5 34
65 62 0.5 34
65 61 0.5 34
66 61 0.5 34
63 60 0.5 34
67 61 0.5 34
68 61 0.5 34
69 61 0.5 34
70 58 0.5 34
70 57 0.5 34
70 56 0.5 34
69 56 0.5 34
70 60 0.5 34
69 60 0.5 34
70 59 0.5 34
71 56 0.5 34
86 22 0.5 41
86 23 0.5 41
85 24 0.5 41
86 24 0.5 41
84 24 0.5 41
87 24 0.5 41
87 23 0.5 41
85 23 0.5 41
89 23 0.5 41
88 23 0.5 41
84 20 0.5 41
84 21 0.5 41
84 22 0.5 41
84 23 0.5 41
85 20 0.5 41
84 26 0.5 41
84 25 0.5 41
86 26 0.5 41
85 26 0.5 41
87 26 0.5 41
89 27 0.5 41
89 28 0.5 41
90 28 0.5 41
90 26 0.5 41
89 26 0.5 41
88 26 0.5 41
92 25 0.5 41
93 25 0.5 41
94 25 0.5 41
94 24 0.5 41
92 26 0.5 41
91 25 0.5 41
90 25 0.5 41
90 24 0.5 41
96 24 0.5 41
95 24 0.5 41
97 26 0.5 41
98 26 0.5 41
96 27 0.5 41
96 26 0.5 41
96 25 0.5 41
94 35 0.5 2
93 35 0.5 2
38 58 0.5 39
39 60 0.5 39
38 59 0.5 39
38 60 0.5 39
45 61 0.5 39
44 61 0.5 39
43 61 0.5 39
42 61 0.5 39
41 61 0.5 39
40 59 0.5 39
41 60 0.5 39
40 60 0.5 39
45 60 0.5 39
45 59 0.5 39
45 58 0.5 39
46 57 0.5 39
46 56 0.5 39
46 58 0.5 39
38 61 0.5 39
45 64 0.5 39
44 64 0.5 39
43 64 0.5 39
43 62 0.5 39
43 63 0.5 39
46 64 0.5 39
45 65 0.5 39
44 65 0.5 39
47 65 0.5 39
47 64 0.5 39
37 57 0.5 39
36 57 0.5 39
38 57 0.5 39
36 59 0.5 39
36 58 0.5 39
35 58 0.5 39
35 57 0.5 39
39 56 0.5 39
39 55 0.5 39
38 56 0.5 39
49 33 0.5 2
49 32 0.5 2
52 59 0.5 9
52 60 0.5 9
53 60 0.5 9
53 59 0.5 9
51 60 0.5 9
54 60 0.5 9
52 61 0.5 9
52 62 0.5 9
53 62 0.5 9
44 33 0.5 1
33 72 0.5 2
33 71 0.5 2
92 73 0.5 12
92 72 0.5 12
93 74 0.5 12
92 74 0.5 12
93 68 0.5 12
93 69 0.5 12
93 70 0.5 12
94 68 0.5 12
92 69 0.5 12
92 71 0.5 12
93 71 0.5 12
94 71 0.5 12
29 12 0.5 18
29 11 0.5 18
29 10 0.5 18
28 14 0.5 18
28 12 0.5 18
28 13 0.5 18
27 14 0.5 18
26 14 0.5 18
25 14 0.5 18
32 14 0.5 18
32 15 0.5 18
31 14 0.5 18
31 13 0.5 18
32 16 0.5 18
31 16 0.5 18
30 13 0.5 18
30 12 0.5 18
25 13 0.5 18
2 11 0.5 1
18 78 0.5 2
17 78 0.5 2
2 77 0.5 16
0 80 0.5 16
1 78 0.5 16
0 78 0.5 16
0 79 0.5 16
1 77 0.5 16
99 81 0.5 16
0 81 0.5 16
0 82 0.5 16
1 82 0.5 16
1 83 0.5 16
99 79 0.5 16
1 84 0.5 16
1 85 0.5 16
0 86 0.5 16
1 86 0.5 16
98 41 0.5 4
97 42 0.5 4
97 43 0.5 4
98 42 0.5 4
23 89 0.5 7
23 90 0.5 7
21 87 0.5 7
21 86 0.5 7
22 89 0.5 7
21 88 0.5 7
22 88 0.5 7
67 82 0.5 2
68 82 0.5 2
60 58 0.5 6
60 59 0.5 6
58 58 0.5 6
58 59 0.5 6
59 59 0.5 6
58 60 0.5 6
40 89 0.5 10
40 88 0.5 10
39 89 0.5 10
39 88 0.5 10
36 89 0.5 10
38 89 0.5 10
37 91 0.5 10
37 90 0.5 10
37 89 0.5 10
37 92 0.5 10
96 33 0.5 3
97 32 0.5 3
96 32 0.5 3
85 9 0.5 2
85 10 0.5 2
80 67 0.5 10
81 67 0.5 10
82 67 0.5 10
77 68 0.5 10
77 67 0.5 10
77 69 0.5 10
79 68 0.5 10
80 68 0.5 10
78 68 0.5 10
76 67 0.5 10
35 99 0.5 2
35 98 0.5 2
97 14 0.5 6
97 13 0.5 6
98 14 0.5 6
96 15 0.5 6
97 15 0.5 6
95 15 0.5 6
58 41 0.5 1
26 18 0.5 2
27 18 0.5 2
54 0 0.5 4
53 1 0.5 4
54 1 0.5 4
52 1 0.5 4
99 93 0.5 7
0 92 0.5 7
0 93 0.5 7
99 95 0.5 7
0 95 0.5 7
99 94 0.5 7
1 95 0.5 7
87 39 0.5 1
33 84 0.5 5
32 85 0.5 5
32 84 0.5 5
30 84 0.5 5
31 84 0.5 5
41 7 0.5 4
42 7 0.5 4
42 6 0.5 4
42 5 0.5 4
35 79 0.5 5
36 79 0.5 5
38 79 0.5 5
37 79 0.5 5
35 78 0.5 5
71 82 0.5 1
20 41 0.5 1
18 61 0.5 1
7 96 0.5 1
28 76 0.5 1
15 94 0.5 1
42 82 0.5 1
