67 73 0.5 27
69 73 0.5 27
69 74 0.5 27
68 73 0.5 27
67 72 0.5 27
66 73 0.5 27
69 76 0.5 27
70 75 0.5 27
69 75 0.5 27
65 73 0.5 27
65 74 0.5 27
65 76 0.5 27
65 75 0.5 27
64 74 0.5 27
63 71 0.5 27
63 73 0.5 27
63 74 0.5 27
62 74 0.5 27
63 72 0.5 27
62 75 0.5 27
73 73 0.5 27
73 74 0.5 27
73 75 0.5 27
74 75 0.5 27
72 75 0.5 27
71 76 0.5 27
71 75 0.5 27
1 22 0.5 74
0 22 0.5 74
0 21 0.5 74
6 25 0.5 74
6 26 0.5 74
7 25 0.5 74
5 26 0.5 74
8 25 0.5 74
3 24 0.5 74
3 25 0.5 74
4 25 0.5 74
5 25 0.5 74
2 24 0.5 74
3 26 0.5 74
9 25 0.5 74
10 25 0.5 74
8 24 0.5 74
7 24 0.5 74
12 27 0.5 74
11 27 0.5 74
11 26 0.5 74
11 24 0.5 74
11 25 0.5 74
12 23 0.5 74
12 24 0.5 74
13 28 0.5 74
13 27 0.5 74
3 23 0.5 74
2 23 0.5 74
2 22 0.5 74
16 28 0.5 74
15 28 0.5 74
15 27 0.5 74
14 28 0.5 74
14 29 0.5 74
12 33 0.5 74
12 34 0.5 74
11 37 0.5 74
11 36 0.5 74
11 35 0.5 74
11 34 0.5 74
13 33 0.5 74
13 34 0.5 74
16 30 0.5 74
15 30 0.5 74
16 31 0.5 74
14 30 0.5 74
15 29 0.5 74
17 31 0.5 74
14 31 0.5 74
13 31 0.5 74
13 32 0.5 74
18 32 0.5 74
17 32 0.5 74
17 33 0.5 74
19 32 0.5 74
20 32 0.5 74
21 32 0.5 74
7 27 0.5 74
6 27 0.5 74
7 39 0.5 74
6 39 0.5 74
8 38 0.5 74
9 38 0.5 74
9 39 0.5 74
10 39 0.5 74
8 39 0.5 74
7 38 0.5 74
7 37 0.5 74
7 36 0.5 74
8 36 0.5 74
9 36 0.5 74
10 37 0.5 74
9 37 0.5 74
14 69 0.5 10
13 69 0.5 10
13 67 0.5 10
12 67 0.5 10
13 68 0.5 10
11 70 0.5 10
12 70 0.5 10
10 70 0.5 10
13 70 0.5 10
9 70 0.5 10
96 46 0.5 16
97 46 0.5 16
98 46 0.5 16
95 46 0.5 16
2 46 0.5 16
1 46 0.5 16
1 47 0.5 16
0 47 0.5 16
99 46 0.5 16
0 46 0.5 16
99 45 0.5 16
2 47 0.5 16
96 45 0.5 16
2 49 0.5 16
2 48 0.5 16
3 48 0.5 16
70 28 0.5 23
68 28 0.5 23
69 28 0.5 23
71 28 0.5 23
73 28 0.5 23
72 28 0.5 23
73 27 0.5 23
72 29 0.5 23
72 30 0.5 23
65 28 0.5 23
65 27 0.5 23
67 28 0.5 23
66 28 0.5 23
66 27 0.5 23
66 26 0.5 23
73 26 0.5 23
64 24 0.5 23
66 25 0.5 23
65 25 0.5 23
64 25 0.5 23
65 26 0.5 23
63 24 0.5 23
66 24 0.5 23
22 60 0.5 39
22 59 0.5 39
20 60 0.5 39
20 61 0.5 39
21 60 0.5 39
19 57 0.5 39
20 59 0.5 39
20 57 0.5 39
20 58 0.5 39
21 65 0.5 39
22 65 0.5 39
20 65 0.5 39
19 66 0.5 39
20 66 0.5 39
21 66 0.5 39
22 63 0.5 39
21 63 0.5 39
20 64 0.5 39
20 63 0.5 39
19 62 0.5 39
19 63 0.5 39
23 65 0.5 39
23 64 0.5 39
23 66 0.5 39
24 65 0.5 39
23 63 0.5 39
24 63 0.5 39
25 66 0.5 39
26 66 0.5 39
24 66 0.5 39
25 65 0.5 39
25 62 0.5 39
24 62 0.5 39
23 60 0.5 39
24 60 0.5 39
24 61 0.5 39
23 61 0.5 39
19 56 0.5 39
18 62 0.5 39
76 41 0.5 31
77 41 0.5 31
77 42 0.5 31
75 40 0.5 31
74 40 0.5 31
75 41 0.5 31
75 39 0.5 31
77 40 0.5 31
78 40 0.5 31
79 40 0.5 31
80 40 0.5 31
81 40 0.5 31
79 41 0.5 31
82 40 0.5 31
82 41 0.5 31
81 41 0.5 31
81 42 0.5 31
83 40 0.5 31
83 39 0.5 31
73 42 0.5 31
73 43 0.5 31
72 43 0.5 31
74 42 0.5 31
75 44 0.5 31
75 43 0.5 31
74 44 0.5 31
73 44 0.5 31
76 44 0.5 31
75 45 0.5 31
73 41 0.5 31
74 41 0.5 31
36 71 0.5 4
37 71 0.5 4
38 71 0.5 4
38 72 0.5 4
87 84 0.5 43
87 85 0.5 43
87 83 0.5 43
89 84 0.5 43
89 85 0.5 43
89 83 0.5 43
88 85 0.5 43
89 82 0.5 43
87 82 0.5 43
88 82 0.5 43
87 80 0.5 43
87 81 0.5 43
88 80 0.5 43
86 82 0.5 43
86 81 0.5 43
89 90 0.5 43
90 90 0.5 43
88 90 0.5 43
88 89 0.5 43
89 91 0.5 43
86 88 0.5 43
87 88 0.5 43
87 87 0.5 43
88 88 0.5 43
87 86 0.5 43
88 86 0.5 43
91 90 0.5 43
84 79 0.5 43
84 78 0.5 43
83 77 0.5 43
84 77 0.5 43
84 80 0.5 43
84 81 0.5 43
83 80 0.5 43
85 81 0.5 43
85 85 0.5 43
85 84 0.5 43
84 84 0.5 43
83 82 0.5 43
84 82 0.5 43
83 83 0.5 43
83 84 0.5 43
82 82 0.5 43
38 21 0.5 55
38 20 0.5 55
37 20 0.5 55
34 21 0.5 55
34 20 0.5 55
35 20 0.5 55
36 20 0.5 55
33 21 0.5 55
32 21 0.5 55
32 22 0.5 55
32 20 0.5 55
30 23 0.5 55
30 24 0.5 55
32 23 0.5 55
31 23 0.5 55
31 21 0.5 55
29 23 0.5 55
38 22 0.5 55
38 23 0.5 55
33 29 0.5 55
34 28 0.5 55
33 28 0.5 55
32 28 0.5 55
32 24 0.5 55
32 26 0.5 55
32 25 0.5 55
32 27 0.5 55
33 27 0.5 55
31 25 0.5 55
41 27 0.5 55
41 26 0.5 55
39 26 0.5 55
40 26 0.5 55
42 26 0.5 55
39 27 0.5 55
39 28 0.5 55
38 27 0.5 55
39 25 0.5 55
39 24 0.5 55
39 23 0.5 55
41 11 0.5 55
41 12 0.5 55
42 12 0.5 55
39 14 0.5 55
40 14 0.5 55
40 15 0.5 55
41 14 0.5 55
41 13 0.5 55
40 21 0.5 55
40 19 0.5 55
39 20 0.5 55
40 20 0.5 55
40 18 0.5 55
40 17 0.5 55
40 16 0.5 55
22 46 0.5 38
21 46 0.5 38
21 47 0.5 38
23 47 0.5 38
23 46 0.5 38
24 47 0.5 38
23 48 0.5 38
26 47 0.5 38
26 46 0.5 38
25 47 0.5 38
25 48 0.5 38
25 49 0.5 38
24 48 0.5 38
22 45 0.5 38
21 45 0.5 38
28 43 0.5 38
29 43 0.5 38
27 43 0.5 38
28 42 0.5 38
27 45 0.5 38
27 44 0.5 38
26 45 0.5 38
25 45 0.5 38
33 41 0.5 38
33 42 0.5 38
34 41 0.5 38
30 42 0.5 38
31 42 0.5 38
32 42 0.5 38
30 43 0.5 38
30 44 0.5 38
29 44 0.5 38
32 40 0.5 38
33 40 0.5 38
31 40 0.5 38
31 39 0.5 38
30 39 0.5 38
32 39 0.5 38
83 2 0.5 60
83 3 0.5 60
82 2 0.5 60
82 1 0.5 60
80 2 0.5 60
81 3 0.5 60
80 3 0.5 60
81 2 0.5 60
82 0 0.5 60
86 3 0.5 60
86 4 0.5 60
85 3 0.5 60
84 3 0.5 60
84 4 0.5 60
90 2 0.5 60
89 2 0.5 60
89 1 0.5 60
88 1 0.5 60
87 1 0.5 60
87 2 0.5 60
86 2 0.5 60
86 0 0.5 60
85 0 0.5 60
84 0 0.5 60
83 0 0.5 60
85 99 0.5 60
85 98 0.5 60
83 99 0.5 60
83 98 0.5 60
85 95 0.5 60
85 96 0.5 60
85 97 0.5 60
84 95 0.5 60
84 94 0.5 60
82 93 0.5 60
83 93 0.5 60
83 95 0.5 60
83 94 0.5 60
92 5 0.5 60
91 5 0.5 60
90 5 0.5 60
94 3 0.5 60
94 4 0.5 60
94 2 0.5 60
95 2 0.5 60
92 4 0.5 60
93 4 0.5 60
95 1 0.5 60
90 4 0.5 60
90 3 0.5 60
95 0 0.5 60
89 4 0.5 60
96 1 0.5 60
97 1 0.5 60
92 6 0.5 60
96 2 0.5 60
88 6 0.5 60
88 5 0.5 60
88 4 0.5 60
92 7 0.5 60
41 49 0.5 6
41 48 0.5 6
41 46 0.5 6
41 47 0.5 6
40 45 0.5 6
40 46 0.5 6
27 0 0.5 22
26 0 0.5 22
27 1 0.5 22
26 1 0.5 22
27 99 0.5 22
26 98 0.5 22
26 99 0.5 22
25 98 0.5 22
24 98 0.5 22
27 98 0.5 22
26 97 0.5 22
25 97 0.5 22
24 97 0.5 22
28 0 0.5 22
23 6 0.5 22
23 5 0.5 22
24 4 0.5 22
24 5 0.5 22
25 3 0.5 22
24 3 0.5 22
25 2 0.5 22
26 2 0.5 22
88 55 0.5 38
89 55 0.5 38
90 55 0.5 38
90 54 0.5 38
87 55 0.5 38
91 54 0.5 38
88 54 0.5 38
85 57 0.5 38
85 56 0.5 38
86 56 0.5 38
85 60 0.5 38
85 58 0.5 38
85 59 0.5 38
86 55 0.5 38
91 53 0.5 38
89 57 0.5 38
89 56 0.5 38
89 58 0.5 38
90 58 0.5 38
91 58 0.5 38
88 57 0.5 38
90 53 0.5 38
90 51 0.5 38
90 52 0.5 38
91 52 0.5 38
88 51 0.5 38
89 51 0.5 38
85 61 0.5 38
85 62 0.5 38
95 53 0.5 38
94 53 0.5 38
93 53 0.5 38
94 52 0.5 38
95 54 0.5 38
92 51 0.5 38
92 52 0.5 38
92 53 0.5 38
96 53 0.5 38
48 96 0.5 24
47 96 0.5 24
46 95 0.5 24
47 95 0.5 24
47 94 0.5 24
46 91 0.5 24
48 91 0.5 24
48 92 0.5 24
47 91 0.5 24
49 92 0.5 24
48 93 0.5 24
47 93 0.5 24
45 91 0.5 24
42 93 0.5 24
42 94 0.5 24
42 96 0.5 24
42 95 0.5 24
44 96 0.5 24
43 96 0.5 24
44 95 0.5 24
45 94 0.5 24
45 95 0.5 24
41 96 0.5 24
41 95 0.5 24
9 56 0.5 31
8 56 0.5 31
10 57 0.5 31
10 56 0.5 31
5 58 0.5 31
4 58 0.5 31
4 59 0.5 31
5 59 0.5 31
3 59 0.5 31
3 61 0.5 31
3 60 0.5 31
4 62 0.5 31
5 61 0.5 31
4 61 0.5 31
6 58 0.5 31
6 57 0.5 31
6 56 0.5 31
6 61 0.5 31
7 56 0.5 31
7 55 0.5 31
10 52 0.5 31
10 53 0.5 31
10 54 0.5 31
10 55 0.5 31
9 55 0.5 31
8 55 0.5 31
5 63 0.5 31
4 63 0.5 31
2 61 0.5 31
2 62 0.5 31
2 63 0.5 31
52 24 0.5 13
50 23 0.5 13
50 22 0.5 13
50 24 0.5 13
51 23 0.5 13
51 24 0.5 13
52 23 0.5 13
50 19 0.5 13
50 20 0.5 13
50 21 0.5 13
49 24 0.5 13
48 25 0.5 13
48 24 0.5 13
50 44 0.5 10
51 44 0.5 10
51 43 0.5 10
50 45 0.5 10
50 46 0.5 10
51 46 0.5 10
52 46 0.5 10
48 46 0.5 10
49 46 0.5 10
51 42 0.5 10
64 34 0.5 18
65 34 0.5 18
63 34 0.5 18
61 32 0.5 18
62 32 0.5 18
60 32 0.5 18
63 33 0.5 18
62 33 0.5 18
60 29 0.5 18
60 30 0.5 18
60 31 0.5 18
62 34 0.5 18
66 34 0.5 18
66 33 0.5 18
66 35 0.5 18
59 31 0.5 18
59 32 0.5 18
62 35 0.5 18
52 75 0.5 19
51 74 0.5 19
51 73 0.5 19
52 74 0.5 19
50 73 0.5 19
52 76 0.5 19
53 77 0.5 19
52 77 0.5 19
51 72 0.5 19
56 77 0.5 19
55 77 0.5 19
54 77 0.5 19
57 79 0.5 19
56 79 0.5 19
56 78 0.5 19
55 78 0.5 19
53 78 0.5 19
54 78 0.5 19
54 79 0.5 19
82 14 0.5 16
82 15 0.5 16
83 15 0.5 16
83 14 0.5 16
84 15 0.5 16
85 15 0.5 16
85 14 0.5 16
81 13 0.5 16
80 13 0.5 16
80 14 0.5 16
79 13 0.5 16
82 13 0.5 16
78 15 0.5 16
78 14 0.5 16
78 13 0.5 16
77 13 0.5 16
64 88 0.5 16
65 88 0.5 16
63 88 0.5 16
62 88 0.5 16
63 89 0.5 16
69 89 0.5 16
69 88 0.5 16
66 89 0.5 16
67 89 0.5 16
68 89 0.5 16
66 88 0.5 16
68 88 0.5 16
70 89 0.5 16
62 89 0.5 16
61 89 0.5 16
60 89 0.5 16
53 69 0.5 3
53 68 0.5 3
53 67 0.5 3
60 22 0.5 24
60 20 0.5 24
61 20 0.5 24
61 22 0.5 24
61 21 0.5 24
62 23 0.5 24
62 22 0.5 24
63 22 0.5 24
64 22 0.5 24
64 21 0.5 24
63 20 0.5 24
64 20 0.5 24
65 20 0.5 24
60 23 0.5 24
65 22 0.5 24
66 22 0.5 24
69 22 0.5 24
68 22 0.5 24
67 22 0.5 24
59 19 0.5 24
57 19 0.5 24
58 19 0.5 24
59 20 0.5 24
65 23 0.5 24
29 4 0.5 8
30 5 0.5 8
29 5 0.5 8
31 5 0.5 8
32 5 0.5 8
28 3 0.5 8
28 4 0.5 8
27 4 0.5 8
15 9 0.5 44
16 10 0.5 44
15 10 0.5 44
16 11 0.5 44
14 10 0.5 44
13 9 0.5 44
14 9 0.5 44
12 9 0.5 44
12 10 0.5 44
16 6 0.5 44
15 6 0.5 44
16 8 0.5 44
15 8 0.5 44
15 7 0.5 44
16 9 0.5 44
15 5 0.5 44
16 5 0.5 44
17 5 0.5 44
16 4 0.5 44
16 3 0.5 44
15 4 0.5 44
14 3 0.5 44
15 3 0.5 44
13 3 0.5 44
17 9 0.5 44
18 8 0.5 44
18 10 0.5 44
18 9 0.5 44
12 3 0.5 44
12 2 0.5 44
11 2 0.5 44
11 3 0.5 44
10 1 0.5 44
11 1 0.5 44
9 1 0.5 44
16 0 0.5 44
16 1 0.5 44
15 2 0.5 44
16 2 0.5 44
15 0 0.5 44
14 0 0.5 44
14 99 0.5 44
13 0 0.5 44
9 0 0.5 44
9 90 0.5 8
10 90 0.5 8
9 89 0.5 8
10 89 0.5 8
11 90 0.5 8
11 89 0.5 8
12 89 0.5 8
11 91 0.5 8
8 78 0.5 14
10 77 0.5 14
10 78 0.5 14
9 78 0.5 14
10 81 0.5 14
9 81 0.5 14
9 80 0.5 14
9 79 0.5 14
9 82 0.5 14
10 79 0.5 14
11 79 0.5 14
12 79 0.5 14
7 77 0.5 14
8 77 0.5 14
70 50 0.5 34
71 50 0.5 34
69 50 0.5 34
69 51 0.5 34
69 52 0.5 34
69 53 0.5 34
68 54 0.5 34
68 55 0.5 34
68 53 0.5 34
69 56 0.5 34
68 56 0.5 34
67 52 0.5 34
68 52 0.5 34
69 49 0.5 34
69 48 0.5 34
69 47 0.5 34
68 47 0.5 34
64 61 0.5 34
65 61 0.5 34
65 63 0.5 34
65 62 0.5 34
66 62 0.5 34
63 61 0.5 34
67 62 0.5 34
68 62 0.5 34
69 62 0.5 34
70 59 0.5 34
70 58 0.5 34
70 57 0.5 34
69 57 0.5 34
70 61 0.5 34
69 61 0.5 34
70 60 0.5 34
71 57 0.5 34
86 23 0.5 41
86 24 0.5 41
85 25 0.5 41
86 25 0.5 41
84 25 0.5 41
87 25 0.5 41
87 24 0.5 41
85 24 0.5 41
89 24 0.5 41
88 24 0.5 41
84 21 0.5 41
84 22 0.5 41
84 23 0.5 41
84 24 0.5 41
85 21 0.5 41
84 27 0.5 41
84 26 0.5 41
86 27 0.5 41
85 27 0.5 41
87 27 0.5 41
89 28 0.5 41
89 29 0.5 41
90 29 0.5 41
90 27 0.5 41
89 27 0.5 41
88 27 0.5 41
92 26 0.5 41
93 26 0.5 41
94 26 0.5 41
94 25 0.5 41
92 27 0.5 41
91 26 0.5 41
90 26 0.5 41
90 25 0.5 41
96 25 0.5 41
95 25 0.5 41
97 27 0.5 41
98 27 0.5 41
96 28 0.5 41
96 27 0.5 41
96 26 0.5 41
93 35 0.5 2
92 35 0.5 2
38 57 0.5 39
39 59 0.5 39
38 58 0.5 39
38 59 0.5 39
45 60 0.5 39
44 60 0.5 39
43 60 0.5 39
42 60 0.5 39
41 60 0.5 39
40 58 0.5 39
41 59 0.5 39
40 59 0.5 39
45 59 0.5 39
45 58 0.5 39
45 57 0.5 39
46 56 0.5 39
46 55 0.5 39
46 57 0.5 39
38 60 0.5 39
45 63 0.5 39
44 63 0.5 39
43 63 0.5 39
43 61 0.5 39
43 62 0.5 39
46 63 0.5 39
45 64 0.5 39
44 64 0.5 39
47 64 0.5 39
47 63 0.5 39
37 56 0.5 39
36 56 0.5 39
38 56 0.5 39
36 58 0.5 39
36 57 0.5 39
35 57 0.5 39
35 56 0.5 39
39 55 0.5 39
39 54 0.5 39
38 55 0.5 39
49 34 0.5 2
49 33 0.5 2
53 59 0.5 9
53 60 0.5 9
54 60 0.5 9
54 59 0.5 9
52 60 0.5 9
55 60 0.5 9
53 61 0.5 9
53 62 0.5 9
54 62 0.5 9
45 33 0.5 1
32 72 0.5 2
32 71 0.5 2
92 72 0.5 12
92 71 0.5 12
93 73 0.5 12
92 73 0.5 12
93 67 0.5 12
93 68 0.5 12
93 69 0.5 12
94 67 0.5 12
92 68 0.5 12
92 70 0.5 12
93 70 0.5 12
94 70 0.5 12
30 12 0.5 18
30 11 0.5 18
30 10 0.5 18
29 14 0.5 18
29 12 0.5 18
29 13 0.5 18
28 14 0.5 18
27 14 0.5 18
26 14 0.5 18
33 14 0.5 18
33 15 0.5 18
32 14 0.5 18
32 13 0.5 18
33 16 0.5 18
32 16 0.5 18
31 13 0.5 18
31 12 0.5 18
26 13 0.5 18
1 11 0.5 1
18 77 0.5 2
17 77 0.5 2
2 78 0.5 16
0 81 0.5 16
1 79 0.5 16
0 79 0.5 16
0 80 0.5 16
1 78 0.5 16
99 82 0.5 16
0 82 0.5 16
0 83 0.5 16
1 83 0.5 16
1 84 0.5 16
99 80 0.5 16
1 85 0.5 16
1 86 0.5 16
0 87 0.5 16
1 87 0.5 16
98 40 0.5 4
97 41 0.5 4
97 42 0.5 4
98 41 0.5 4
23 90 0.5 7
23 91 0.5 7
21 88 0.5 7
21 87 0.5 7
22 90 0.5 7
21 89 0.5 7
22 89 0.5 7
66 82 0.5 2
67 82 0.5 2
59 58 0.5 6
59 59 0.5 6
57 58 0.5 6
57 59 0.5 6
58 59 0.5 6
57 60 0.5 6
40 88 0.5 10
40 87 0.5 10
39 88 0.5 10
39 87 0.5 10
36 88 0.5 10
38 88 0.5 10
37 90 0.5 10
37 89 0.5 10
37 88 0.5 10
37 91 0.5 10
96 34 0.5 3
97 33 0.5 3
96 33 0.5 3
84 9 0.5 2
84 10 0.5 2
80 66 0.5 10
81 66 0.5 10
82 66 0.5 10
77 67 0.5 10
77 66 0.5 10
77 68 0.5 10
79 67 0.5 10
80 67 0.5 10
78 67 0.5 10
76 66 0.5 10
36 99 0.5 2
36 98 0.5 2
97 13 0.5 6
97 12 0.5 6
98 13 0.5 6
96 14 0.5 6
97 14 0.5 6
95 14 0.5 6
58 40 0.5 1
27 18 0.5 2
28 18 0.5 2
55 0 0.5 4
54 1 0.5 4
55 1 0.5 4
53 1 0.5 4
98 93 0.5 7
99 92 0.5 7
99 93 0.5 7
98 95 0.5 7
99 95 0.5 7
98 94 0.5 7
0 95 0.5 7
87 40 0.5 1
32 84 0.5 5
31 85 0.5 5
31 84 0.5 5
29 84 0.5 5
30 84 0.5 5
40 7 0.5 4
41 7 0.5 4
41 6 0.5 4
41 5 0.5 4
35 80 0.5 5
36 80 0.5 5
38 80 0.5 5
37 80 0.5 5
35 79 0.5 5
72 82 0.5 1
20 40 0.5 1
7 96 0.5 1
28 77 0.5 1
16 94 0.5 1
42 81 0.5 1
