34 20 0.5 5
34 18 0.5 5
34 19 0.5 5
34 17 0.5 5
33 17 0.5 5
78 21 0.5 2
78 20 0.5 2
61 13 0.5 3
63 13 0.5 3
62 13 0.5 3
40 40 0.5 4
39 40 0.5 4
38 40 0.5 4
39 41 0.5 4
99 63 0.5 3
99 62 0.5 3
99 61 0.5 3
93 8 0.5 2
92 8 0.5 2
29 87 0.5 4
29 86 0.5 4
29 85 0.5 4
30 85 0.5 4
45 21 0.5 3
45 20 0.5 3
46 20 0.5 3
71 47 0.5 9
70 47 0.5 9
71 48 0.5 9
72 47 0.5 9
70 46 0.5 9
69 46 0.5 9
68 46 0.5 9
68 45 0.5 9
71 46 0.5 9
96 61 0.5 1
52 29 0.5 6
52 28 0.5 6
51 30 0.5 6
52 30 0.5 6
52 31 0.5 6
52 32 0.5 6
32 40 0.5 7
32 41 0.5 7
32 39 0.5 7
29 41 0.5 7
30 41 0.5 7
31 41 0.5 7
31 42 0.5 7
66 37 0.5 7
67 37 0.5 7
65 37 0.5 7
65 36 0.5 7
67 35 0.5 7
67 36 0.5 7
67 34 0.5 7
54 2 0.5 10
54 3 0.5 10
54 5 0.5 10
54 4 0.5 10
53 5 0.5 10
55 3 0.5 10
55 4 0.5 10
55 5 0.5 10
53 1 0.5 10
53 2 0.5 10
49 57 0.5 2
49 58 0.5 2
6 9 0.5 4
4 9 0.5 4
5 9 0.5 4
4 10 0.5 4
19 62 0.5 2
19 63 0.5 2
79 43 0.5 2
79 42 0.5 2
12 15 0.5 2
12 16 0.5 2
95 18 0.5 3
96 18 0.5 3
95 19 0.5 3
79 92 0.5 5
80 92 0.5 5
80 91 0.5 5
80 90 0.5 5
81 90 0.5 5
46 74 0.5 9
46 78 0.5 9
45 77 0.5 9
46 77 0.5 9
44 78 0.5 9
44 77 0.5 9
44 76 0.5 9
46 76 0.5 9
46 75 0.5 9
18 92 0.5 9
17 92 0.5 9
19 92 0.5 9
19 91 0.5 9
19 90 0.5 9
19 88 0.5 9
19 89 0.5 9
21 89 0.5 9
20 89 0.5 9
78 35 0.5 5
79 35 0.5 5
77 35 0.5 5
80 35 0.5 5
79 34 0.5 5
83 6 0.5 2
82 6 0.5 2
60 31 0.5 2
59 31 0.5 2
24 73 0.5 5
25 73 0.5 5
25 71 0.5 5
25 72 0.5 5
24 71 0.5 5
50 65 0.5 6
50 66 0.5 6
50 67 0.5 6
50 64 0.5 6
51 64 0.5 6
49 65 0.5 6
52 94 0.5 4
52 95 0.5 4
52 96 0.5 4
51 96 0.5 4
38 58 0.5 11
39 58 0.5 11
37 58 0.5 11
37 57 0.5 11
36 57 0.5 11
36 58 0.5 11
39 54 0.5 11
39 55 0.5 11
38 56 0.5 11
39 56 0.5 11
37 56 0.5 11
48 12 0.5 2
47 12 0.5 2
2 14 0.5 4
3 14 0.5 4
3 13 0.5 4
4 14 0.5 4
38 25 0.5 7
38 24 0.5 7
38 23 0.5 7
37 23 0.5 7
39 23 0.5 7
38 22 0.5 7
37 22 0.5 7
34 54 0.5 5
34 53 0.5 5
35 54 0.5 5
34 52 0.5 5
35 52 0.5 5
86 87 0.5 5
85 87 0.5 5
85 86 0.5 5
85 85 0.5 5
86 86 0.5 5
1 7 0.5 1
98 12 0.5 1
12 21 0.5 3
13 21 0.5 3
12 20 0.5 3
21 4 0.5 1
19 46 0.5 8
16 46 0.5 8
16 47 0.5 8
19 47 0.5 8
18 47 0.5 8
17 47 0.5 8
15 47 0.5 8
17 46 0.5 8
97 28 0.5 4
98 28 0.5 4
96 28 0.5 4
96 29 0.5 4
73 3 0.5 3
72 2 0.5 3
73 2 0.5 3
38 8 0.5 3
39 7 0.5 3
39 8 0.5 3
47 80 0.5 3
47 79 0.5 3
48 79 0.5 3
79 57 0.5 2
78 57 0.5 2
19 7 0.5 3
20 7 0.5 3
18 7 0.5 3
27 7 0.5 1
59 65 0.5 7
58 65 0.5 7
58 64 0.5 7
60 65 0.5 7
60 66 0.5 7
60 64 0.5 7
58 63 0.5 7
1 24 0.5 2
1 23 0.5 2
95 49 0.5 9
94 49 0.5 9
93 49 0.5 9
93 50 0.5 9
94 50 0.5 9
95 51 0.5 9
95 50 0.5 9
95 52 0.5 9
96 52 0.5 9
93 90 0.5 11
94 90 0.5 11
92 90 0.5 11
96 90 0.5 11
97 90 0.5 11
98 90 0.5 11
97 89 0.5 11
95 90 0.5 11
97 88 0.5 11
95 91 0.5 11
95 92 0.5 11
96 68 0.5 6
95 68 0.5 6
95 67 0.5 6
96 70 0.5 6
96 69 0.5 6
96 71 0.5 6
75 69 0.5 2
76 69 0.5 2
15 63 0.5 5
15 61 0.5 5
15 62 0.5 5
16 63 0.5 5
17 63 0.5 5
15 78 0.5 7
14 78 0.5 7
15 79 0.5 7
15 77 0.5 7
15 80 0.5 7
12 78 0.5 7
13 78 0.5 7
42 65 0.5 4
41 65 0.5 4
42 64 0.5 4
43 64 0.5 4
94 40 0.5 11
95 40 0.5 11
96 40 0.5 11
95 41 0.5 11
94 41 0.5 11
93 40 0.5 11
97 40 0.5 11
96 39 0.5 11
96 38 0.5 11
96 37 0.5 11
96 36 0.5 11
93 83 0.5 1
61 28 0.5 1
3 99 0.5 1
21 11 0.5 3
22 11 0.5 3
21 12 0.5 3
25 96 0.5 1
72 76 0.5 3
71 76 0.5 3
72 75 0.5 3
23 78 0.5 5
23 76 0.5 5
23 77 0.5 5
25 77 0.5 5
24 77 0.5 5
71 82 0.5 4
71 83 0.5 4
72 83 0.5 4
71 84 0.5 4
27 57 0.5 1
87 38 0.5 8
85 37 0.5 8
84 37 0.5 8
86 38 0.5 8
86 37 0.5 8
85 36 0.5 8
86 36 0.5 8
88 38 0.5 8
82 33 0.5 4
82 32 0.5 4
83 32 0.5 4
82 31 0.5 4
8 83 0.5 7
5 83 0.5 7
6 83 0.5 7
7 83 0.5 7
4 84 0.5 7
5 84 0.5 7
5 85 0.5 7
36 29 0.5 8
35 29 0.5 8
36 28 0.5 8
34 29 0.5 8
34 28 0.5 8
35 30 0.5 8
33 30 0.5 8
33 29 0.5 8
38 14 0.5 2
39 14 0.5 2
79 51 0.5 12
78 51 0.5 12
78 50 0.5 12
80 47 0.5 12
81 47 0.5 12
77 48 0.5 12
78 48 0.5 12
78 47 0.5 12
78 46 0.5 12
79 47 0.5 12
78 49 0.5 12
76 48 0.5 12
72 4 0.5 2
71 4 0.5 2
77 62 0.5 3
77 61 0.5 3
77 60 0.5 3
57 80 0.5 9
57 79 0.5 9
58 80 0.5 9
58 81 0.5 9
58 78 0.5 9
58 79 0.5 9
60 77 0.5 9
59 78 0.5 9
60 78 0.5 9
84 25 0.5 2
84 24 0.5 2
84 60 0.5 1
58 51 0.5 4
58 50 0.5 4
58 49 0.5 4
57 49 0.5 4
68 1 0.5 3
68 0 0.5 3
67 1 0.5 3
78 76 0.5 3
78 75 0.5 3
79 75 0.5 3
73 58 0.5 1
57 92 0.5 2
57 91 0.5 2
91 12 0.5 2
91 13 0.5 2
82 19 0.5 3
83 19 0.5 3
82 18 0.5 3
40 78 0.5 2
40 79 0.5 2
48 33 0.5 6
48 34 0.5 6
48 35 0.5 6
48 32 0.5 6
47 31 0.5 6
47 32 0.5 6
72 11 0.5 8
73 11 0.5 8
72 12 0.5 8
72 13 0.5 8
72 14 0.5 8
74 10 0.5 8
74 11 0.5 8
73 10 0.5 8
69 99 0.5 1
76 12 0.5 3
77 13 0.5 3
76 13 0.5 3
80 85 0.5 5
79 85 0.5 5
80 84 0.5 5
81 83 0.5 5
80 83 0.5 5
43 0 0.5 1
26 16 0.5 4
26 15 0.5 4
27 17 0.5 4
27 16 0.5 4
32 99 0.5 11
32 0 0.5 11
32 1 0.5 11
32 2 0.5 11
32 3 0.5 11
31 3 0.5 11
30 3 0.5 11
30 4 0.5 11
30 5 0.5 11
30 6 0.5 11
32 4 0.5 11
13 83 0.5 4
13 84 0.5 4
13 85 0.5 4
12 85 0.5 4
18 59 0.5 1
86 18 0.5 6
85 19 0.5 6
85 18 0.5 6
86 19 0.5 6
87 19 0.5 6
87 18 0.5 6
53 71 0.5 6
54 71 0.5 6
53 72 0.5 6
52 71 0.5 6
55 71 0.5 6
53 73 0.5 6
63 30 0.5 4
64 30 0.5 4
64 28 0.5 4
64 29 0.5 4
87 95 0.5 1
11 69 0.5 4
11 70 0.5 4
12 70 0.5 4
12 71 0.5 4
51 7 0.5 2
51 6 0.5 2
83 94 0.5 2
83 93 0.5 2
66 17 0.5 1
90 76 0.5 2
91 76 0.5 2
20 50 0.5 3
19 49 0.5 3
19 50 0.5 3
42 9 0.5 4
43 9 0.5 4
42 10 0.5 4
43 10 0.5 4
70 36 0.5 2
70 37 0.5 2
57 22 0.5 4
57 23 0.5 4
58 23 0.5 4
59 23 0.5 4
89 63 0.5 8
90 61 0.5 8
90 62 0.5 8
89 62 0.5 8
90 64 0.5 8
91 64 0.5 8
90 63 0.5 8
92 64 0.5 8
49 45 0.5 2
49 46 0.5 2
54 64 0.5 3
54 63 0.5 3
54 62 0.5 3
2 44 0.5 5
1 43 0.5 5
1 42 0.5 5
1 44 0.5 5
1 41 0.5 5
28 20 0.5 1
93 17 0.5 4
93 15 0.5 4
93 16 0.5 4
93 14 0.5 4
33 62 0.5 1
85 76 0.5 6
86 76 0.5 6
86 77 0.5 6
87 75 0.5 6
87 76 0.5 6
85 77 0.5 6
69 23 0.5 10
68 23 0.5 10
69 24 0.5 10
74 25 0.5 10
73 25 0.5 10
72 25 0.5 10
70 25 0.5 10
69 25 0.5 10
71 25 0.5 10
75 25 0.5 10
38 70 0.5 12
38 72 0.5 12
38 73 0.5 12
38 71 0.5 12
37 73 0.5 12
37 70 0.5 12
36 67 0.5 12
36 68 0.5 12
37 68 0.5 12
36 70 0.5 12
36 71 0.5 12
36 69 0.5 12
18 2 0.5 1
57 46 0.5 2
57 45 0.5 2
15 67 0.5 2
15 68 0.5 2
9 25 0.5 1
35 5 0.5 2
35 6 0.5 2
32 16 0.5 4
32 15 0.5 4
32 14 0.5 4
32 13 0.5 4
37 0 0.5 3
37 1 0.5 3
38 1 0.5 3
64 51 0.5 2
63 51 0.5 2
43 30 0.5 5
42 31 0.5 5
42 30 0.5 5
42 32 0.5 5
42 33 0.5 5
46 50 0.5 2
46 49 0.5 2
91 35 0.5 1
27 94 0.5 4
28 93 0.5 4
28 94 0.5 4
27 95 0.5 4
66 80 0.5 3
67 80 0.5 3
67 81 0.5 3
69 54 0.5 3
69 55 0.5 3
69 53 0.5 3
55 37 0.5 3
54 37 0.5 3
53 37 0.5 3
43 18 0.5 5
44 18 0.5 5
42 19 0.5 5
42 18 0.5 5
42 17 0.5 5
15 35 0.5 2
14 35 0.5 2
31 60 0.5 3
32 60 0.5 3
33 60 0.5 3
55 97 0.5 4
56 96 0.5 4
55 96 0.5 4
54 96 0.5 4
81 65 0.5 15
80 65 0.5 15
79 65 0.5 15
79 66 0.5 15
78 66 0.5 15
81 67 0.5 15
82 66 0.5 15
81 66 0.5 15
82 65 0.5 15
78 64 0.5 15
79 64 0.5 15
77 64 0.5 15
78 65 0.5 15
80 64 0.5 15
80 63 0.5 15
3 68 0.5 2
2 68 0.5 2
47 88 0.5 5
47 89 0.5 5
48 88 0.5 5
48 87 0.5 5
48 89 0.5 5
37 90 0.5 3
36 90 0.5 3
37 91 0.5 3
63 9 0.5 1
45 60 0.5 2
44 60 0.5 2
10 67 0.5 3
8 67 0.5 3
9 67 0.5 3
81 60 0.5 1
28 26 0.5 2
28 25 0.5 2
69 90 0.5 5
70 90 0.5 5
71 89 0.5 5
72 89 0.5 5
70 89 0.5 5
33 86 0.5 1
28 50 0.5 3
29 50 0.5 3
28 51 0.5 3
22 18 0.5 10
23 18 0.5 10
21 18 0.5 10
20 18 0.5 10
19 18 0.5 10
22 19 0.5 10
19 19 0.5 10
18 19 0.5 10
21 19 0.5 10
20 19 0.5 10
84 44 0.5 6
83 44 0.5 6
82 44 0.5 6
82 45 0.5 6
81 45 0.5 6
85 44 0.5 6
58 56 0.5 6
59 58 0.5 6
59 57 0.5 6
58 57 0.5 6
57 55 0.5 6
58 55 0.5 6
21 82 0.5 3
21 83 0.5 3
22 83 0.5 3
63 86 0.5 2
63 85 0.5 2
18 65 0.5 1
34 73 0.5 1
47 66 0.5 6
47 67 0.5 6
47 68 0.5 6
47 69 0.5 6
49 69 0.5 6
48 69 0.5 6
97 98 0.5 2
96 98 0.5 2
67 31 0.5 1
62 71 0.5 1
40 34 0.5 2
39 34 0.5 2
16 82 0.5 1
46 10 0.5 1
3 3 0.5 1
23 27 0.5 1
50 10 0.5 2
49 10 0.5 2
52 85 0.5 3
52 84 0.5 3
51 85 0.5 3
75 81 0.5 5
74 80 0.5 5
75 80 0.5 5
73 81 0.5 5
74 81 0.5 5
94 56 0.5 6
93 56 0.5 6
95 56 0.5 6
96 56 0.5 6
95 55 0.5 6
92 56 0.5 6
47 93 0.5 1
51 12 0.5 1
5 59 0.5 1
75 29 0.5 4
75 30 0.5 4
75 31 0.5 4
74 29 0.5 4
50 17 0.5 2
51 17 0.5 2
4 26 0.5 5
3 26 0.5 5
2 26 0.5 5
2 27 0.5 5
3 27 0.5 5
18 95 0.5 1
23 49 0.5 5
24 49 0.5 5
25 49 0.5 5
24 50 0.5 5
25 50 0.5 5
80 26 0.5 2
81 26 0.5 2
96 25 0.5 2
96 26 0.5 2
11 11 0.5 1
35 11 0.5 4
35 13 0.5 4
35 12 0.5 4
35 14 0.5 4
23 37 0.5 1
21 73 0.5 2
21 72 0.5 2
8 17 0.5 3
8 18 0.5 3
7 18 0.5 3
22 97 0.5 3
20 97 0.5 3
21 97 0.5 3
61 69 0.5 2
60 69 0.5 2
61 94 0.5 2
61 95 0.5 2
47 15 0.5 3
47 14 0.5 3
46 14 0.5 3
6 31 0.5 1
61 1 0.5 1
41 26 0.5 4
41 27 0.5 4
42 27 0.5 4
43 27 0.5 4
65 82 0.5 1
99 98 0.5 1
1 54 0.5 1
83 71 0.5 3
84 71 0.5 3
83 70 0.5 3
41 51 0.5 1
2 87 0.5 1
50 90 0.5 2
51 90 0.5 2
48 83 0.5 2
49 83 0.5 2
19 27 0.5 1
81 99 0.5 1
36 76 0.5 6
35 76 0.5 6
34 76 0.5 6
33 75 0.5 6
33 76 0.5 6
33 74 0.5 6
63 7 0.5 1
53 22 0.5 2
54 22 0.5 2
0 70 0.5 1
63 64 0.5 2
64 64 0.5 2
4 93 0.5 2
4 92 0.5 2
69 49 0.5 2
68 49 0.5 2
91 98 0.5 1
22 16 0.5 1
27 46 0.5 1
50 77 0.5 1
84 65 0.5 1
28 5 0.5 1
69 7 0.5 2
70 7 0.5 2
7 99 0.5 1
12 87 0.5 1
41 44 0.5 1
12 7 0.5 1
24 90 0.5 2
25 90 0.5 2
1 34 0.5 1
42 97 0.5 4
42 96 0.5 4
43 98 0.5 4
43 97 0.5 4
61 45 0.5 1
73 56 0.5 1
90 49 0.5 1
27 59 0.5 3
26 59 0.5 3
27 60 0.5 3
12 30 0.5 2
11 30 0.5 2
49 50 0.5 2
49 51 0.5 2
88 4 0.5 1
20 24 0.5 5
20 25 0.5 5
21 25 0.5 5
21 24 0.5 5
21 23 0.5 5
1 90 0.5 1
43 71 0.5 5
43 70 0.5 5
45 70 0.5 5
45 71 0.5 5
44 70 0.5 5
60 38 0.5 3
61 38 0.5 3
61 39 0.5 3
40 31 0.5 1
2 72 0.5 2
2 73 0.5 2
79 6 0.5 3
78 6 0.5 3
80 6 0.5 3
50 20 0.5 2
50 21 0.5 2
25 45 0.5 5
25 46 0.5 5
24 44 0.5 5
25 44 0.5 5
23 44 0.5 5
5 48 0.5 2
4 48 0.5 2
93 71 0.5 2
93 72 0.5 2
9 60 0.5 1
69 62 0.5 3
68 62 0.5 3
68 61 0.5 3
95 5 0.5 1
7 78 0.5 2
8 78 0.5 2
88 1 0.5 3
88 0 0.5 3
87 1 0.5 3
6 3 0.5 2
5 3 0.5 2
12 47 0.5 1
45 95 0.5 1
49 26 0.5 1
33 55 0.5 1
52 39 0.5 1
84 74 0.5 2
84 73 0.5 2
20 42 0.5 1
12 98 0.5 1
4 36 0.5 1
84 82 0.5 1
71 64 0.5 1
64 58 0.5 1
82 79 0.5 1
98 20 0.5 1
9 93 0.5 1
30 27 0.5 3
31 27 0.5 3
30 28 0.5 3
33 81 0.5 3
34 81 0.5 3
34 82 0.5 3
58 96 0.5 1
84 10 0.5 1
62 27 0.5 1
9 62 0.5 2
9 63 0.5 2
20 68 0.5 1
42 12 0.5 1
70 41 0.5 1
83 16 0.5 1
54 44 0.5 1
23 0 0.5 1
31 8 0.5 2
31 9 0.5 2
83 3 0.5 1
27 81 0.5 1
60 42 0.5 2
61 42 0.5 2
89 73 0.5 2
90 73 0.5 2
3 46 0.5 1
27 34 0.5 1
82 59 0.5 1
47 5 0.5 2
47 4 0.5 2
43 95 0.5 1
77 22 0.5 1
98 94 0.5 1
98 44 0.5 1
91 3 0.5 1
87 90 0.5 1
94 74 0.5 1
41 38 0.5 1
59 33 0.5 2
60 33 0.5 2
64 19 0.5 2
64 20 0.5 2
55 60 0.5 2
55 59 0.5 2
78 30 0.5 1
13 31 0.5 1
38 88 0.5 1
40 28 0.5 1
2 57 0.5 4
2 58 0.5 4
3 58 0.5 4
4 58 0.5 4
7 51 0.5 2
8 51 0.5 2
18 31 0.5 2
19 31 0.5 2
93 27 0.5 1
43 48 0.5 3
43 47 0.5 3
43 46 0.5 3
2 64 0.5 1
99 6 0.5 1
89 69 0.5 3
87 69 0.5 3
88 69 0.5 3
97 50 0.5 1
63 69 0.5 1
67 75 0.5 5
68 75 0.5 5
66 74 0.5 5
66 75 0.5 5
65 75 0.5 5
22 62 0.5 1
93 66 0.5 1
91 93 0.5 1
49 63 0.5 1
60 6 0.5 2
60 5 0.5 2
75 84 0.5 1
38 44 0.5 2
38 45 0.5 2
89 19 0.5 1
67 86 0.5 1
14 40 0.5 2
13 40 0.5 2
47 18 0.5 1
58 2 0.5 1
4 20 0.5 4
4 19 0.5 4
4 18 0.5 4
4 17 0.5 4
78 97 0.5 1
5 91 0.5 1
63 21 0.5 1
41 4 0.5 2
41 3 0.5 2
66 58 0.5 1
94 2 0.5 1
57 0 0.5 2
58 0 0.5 2
24 42 0.5 1
67 12 0.5 1
1 80 0.5 1
43 82 0.5 1
11 5 0.5 1
33 33 0.5 2
32 33 0.5 2
44 89 0.5 1
60 89 0.5 1
65 6 0.5 1
12 68 0.5 1
95 46 0.5 2
96 46 0.5 2
55 53 0.5 1
81 10 0.5 2
82 10 0.5 2
96 14 0.5 1
35 47 0.5 1
88 27 0.5 2
88 28 0.5 2
71 92 0.5 1
6 42 0.5 2
7 42 0.5 2
67 97 0.5 2
67 96 0.5 2
16 91 0.5 1
4 61 0.5 1
50 41 0.5 1
58 21 0.5 1
77 89 0.5 3
77 90 0.5 3
78 90 0.5 3
10 19 0.5 1
18 14 0.5 2
18 15 0.5 2
66 20 0.5 1
32 68 0.5 2
32 67 0.5 2
80 78 0.5 1
10 8 0.5 1
7 70 0.5 1
38 81 0.5 1
6 15 0.5 1
50 38 0.5 1
77 82 0.5 1
83 51 0.5 1
90 24 0.5 1
31 36 0.5 1
59 10 0.5 1
29 82 0.5 1
9 73 0.5 1
74 93 0.5 1
90 89 0.5 1
6 37 0.5 1
52 43 0.5 1
32 91 0.5 1
6 24 0.5 1
71 19 0.5 1
14 9 0.5 1
14 51 0.5 1
45 39 0.5 1
9 13 0.5 1
82 76 0.5 1
95 94 0.5 1
46 55 0.5 2
46 56 0.5 2
65 34 0.5 1
44 41 0.5 1
89 80 0.5 1
6 93 0.5 1
25 25 0.5 1
91 10 0.5 1
8 29 0.5 1
92 31 0.5 2
91 31 0.5 2
89 35 0.5 1
11 33 0.5 1
53 17 0.5 1
58 83 0.5 1
91 46 0.5 1
