67 72 0.5 27
69 72 0.5 27
69 73 0.5 27
68 72 0.5 27
67 71 0.5 27
66 72 0.5 27
69 75 0.5 27
70 74 0.5 27
69 74 0.5 27
65 72 0.5 27
65 73 0.5 27
65 75 0.5 27
65 74 0.5 27
64 73 0.5 27
63 70 0.5 27
63 72 0.5 27
63 73 0.5 27
62 73 0.5 27
63 71 0.5 27
62 74 0.5 27
73 72 0.5 27
73 73 0.5 27
73 74 0.5 27
74 74 0.5 27
72 74 0.5 27
71 75 0.5 27
71 74 0.5 27
1 23 0.5 74
0 23 0.5 74
0 22 0.5 74
6 26 0.5 74
6 27 0.5 74
7 26 0.5 74
5 27 0.5 74
8 26 0.5 74
3 25 0.5 74
3 26 0.5 74
4 26 0.5 74
5 26 0.5 74
2 25 0.5 74
3 27 0.5 74
9 26 0.5 74
10 26 0.5 74
8 25 0.5 74
7 25 0.5 74
12 28 0.5 74
11 28 0.5 74
11 27 0.5 74
11 25 0.5 74
11 26 0.5 74
12 24 0.5 74
12 25 0.5 74
13 29 0.5 74
13 28 0.5 74
3 24 0.5 74
2 24 0.5 74
2 23 0.5 74
16 29 0.5 74
15 29 0.5 74
15 28 0.5 74
14 29 0.5 74
14 30 0.5 74
12 34 0.5 74
12 35 0.5 74
11 38 0.5 74
11 37 0.5 74
11 36 0.5 74
11 35 0.5 74
13 34 0.5 74
13 35 0.5 74
16 31 0.5 74
15 31 0.5 74
16 32 0.5 74
14 31 0.5 74
15 30 0.5 74
17 32 0.5 74
14 32 0.5 74
13 32 0.5 74
13 33 0.5 74
18 33 0.5 74
17 33 0.5 74
17 34 0.5 74
19 33 0.5 74
20 33 0.5 74
21 33 0.5 74
7 28 0.5 74
6 28 0.5 74
7 40 0.5 74
6 40 0.5 74
8 39 0.5 74
9 39 0.5 74
9 40 0.5 74
10 40 0.5 74
8 40 0.5 74
7 39 0.5 74
7 38 0.5 74
7 37 0.5 74
8 37 0.5 74
9 37 0.5 74
10 38 0.5 74
9 38 0.5 74
14 70 0.5 10
13 70 0.5 10
13 68 0.5 10
12 68 0.5 10
13 69 0.5 10
11 71 0.5 10
12 71 0.5 10
10 71 0.5 10
13 71 0.5 10
9 71 0.5 10
95 46 0.5 16
96 46 0.5 16
97 46 0.5 16
94 46 0.5 16
1 46 0.5 16
0 46 0.5 16
0 47 0.5 16
99 47 0.5 16
98 46 0.5 16
99 46 0.5 16
98 45 0.5 16
1 47 0.5 16
95 45 0.5 16
1 49 0.5 16
1 48 0.5 16
2 48 0.5 16
71 28 0.5 47
69 28 0.5 47
70 28 0.5 47
72 28 0.5 47
74 28 0.5 47
73 28 0.5 47
74 27 0.5 47
73 29 0.5 47
73 30 0.5 47
66 28 0.5 47
66 27 0.5 47
68 28 0.5 47
67 28 0.5 47
67 27 0.5 47
67 26 0.5 47
74 26 0.5 47
65 24 0.5 47
67 25 0.5 47
66 25 0.5 47
65 25 0.5 47
66 26 0.5 47
64 24 0.5 47
67 24 0.5 47
60 22 0.5 47
60 20 0.5 47
61 20 0.5 47
61 22 0.5 47
61 21 0.5 47
62 23 0.5 47
62 22 0.5 47
63 22 0.5 47
64 22 0.5 47
64 21 0.5 47
63 20 0.5 47
64 20 0.5 47
65 20 0.5 47
60 23 0.5 47
65 22 0.5 47
66 22 0.5 47
69 22 0.5 47
68 22 0.5 47
67 22 0.5 47
59 19 0.5 47
57 19 0.5 47
58 19 0.5 47
59 20 0.5 47
65 23 0.5 47
22 59 0.5 39
22 58 0.5 39
20 59 0.5 39
20 60 0.5 39
21 59 0.5 39
19 56 0.5 39
20 58 0.5 39
20 56 0.5 39
20 57 0.5 39
21 64 0.5 39
22 64 0.5 39
20 64 0.5 39
19 65 0.5 39
20 65 0.5 39
21 65 0.5 39
22 62 0.5 39
21 62 0.5 39
20 63 0.5 39
20 62 0.5 39
19 61 0.5 39
19 62 0.5 39
23 64 0.5 39
23 63 0.5 39
23 65 0.5 39
24 64 0.5 39
23 62 0.5 39
24 62 0.5 39
25 65 0.5 39
26 65 0.5 39
24 65 0.5 39
25 64 0.5 39
25 61 0.5 39
24 61 0.5 39
23 59 0.5 39
24 59 0.5 39
24 60 0.5 39
23 60 0.5 39
19 55 0.5 39
18 61 0.5 39
75 41 0.5 31
76 41 0.5 31
76 42 0.5 31
74 40 0.5 31
73 40 0.5 31
74 41 0.5 31
74 39 0.5 31
76 40 0.5 31
77 40 0.5 31
78 40 0.5 31
79 40 0.5 31
80 40 0.5 31
78 41 0.5 31
81 40 0.5 31
81 41 0.5 31
80 41 0.5 31
80 42 0.5 31
82 40 0.5 31
82 39 0.5 31
72 42 0.5 31
72 43 0.5 31
71 43 0.5 31
73 42 0.5 31
74 44 0.5 31
74 43 0.5 31
73 44 0.5 31
72 44 0.5 31
75 44 0.5 31
74 45 0.5 31
72 41 0.5 31
73 41 0.5 31
35 71 0.5 4
36 71 0.5 4
37 71 0.5 4
37 72 0.5 4
87 85 0.5 43
87 86 0.5 43
87 84 0.5 43
89 85 0.5 43
89 86 0.5 43
89 84 0.5 43
88 86 0.5 43
89 83 0.5 43
87 83 0.5 43
88 83 0.5 43
87 81 0.5 43
87 82 0.5 43
88 81 0.5 43
86 83 0.5 43
86 82 0.5 43
89 91 0.5 43
90 91 0.5 43
88 91 0.5 43
88 90 0.5 43
89 92 0.5 43
86 89 0.5 43
87 89 0.5 43
87 88 0.5 43
88 89 0.5 43
87 87 0.5 43
88 87 0.5 43
91 91 0.5 43
84 80 0.5 43
84 79 0.5 43
83 78 0.5 43
84 78 0.5 43
84 81 0.5 43
84 82 0.5 43
83 81 0.5 43
85 82 0.5 43
85 86 0.5 43
85 85 0.5 43
84 85 0.5 43
83 83 0.5 43
84 83 0.5 43
83 84 0.5 43
83 85 0.5 43
82 83 0.5 43
39 21 0.5 55
39 20 0.5 55
38 20 0.5 55
35 21 0.5 55
35 20 0.5 55
36 20 0.5 55
37 20 0.5 55
34 21 0.5 55
33 21 0.5 55
33 22 0.5 55
33 20 0.5 55
31 23 0.5 55
31 24 0.5 55
33 23 0.5 55
32 23 0.5 55
32 21 0.5 55
30 23 0.5 55
39 22 0.5 55
39 23 0.5 55
34 29 0.5 55
35 28 0.5 55
34 28 0.5 55
33 28 0.5 55
33 24 0.5 55
33 26 0.5 55
33 25 0.5 55
33 27 0.5 55
34 27 0.5 55
32 25 0.5 55
42 27 0.5 55
42 26 0.5 55
40 26 0.5 55
41 26 0.5 55
43 26 0.5 55
40 27 0.5 55
40 28 0.5 55
39 27 0.5 55
40 25 0.5 55
40 24 0.5 55
40 23 0.5 55
42 11 0.5 55
42 12 0.5 55
43 12 0.5 55
40 14 0.5 55
41 14 0.5 55
41 15 0.5 55
42 14 0.5 55
42 13 0.5 55
41 21 0.5 55
41 19 0.5 55
40 20 0.5 55
41 20 0.5 55
41 18 0.5 55
41 17 0.5 55
41 16 0.5 55
23 46 0.5 38
22 46 0.5 38
22 47 0.5 38
24 47 0.5 38
24 46 0.5 38
25 47 0.5 38
24 48 0.5 38
27 47 0.5 38
27 46 0.5 38
26 47 0.5 38
26 48 0.5 38
26 49 0.5 38
25 48 0.5 38
23 45 0.5 38
22 45 0.5 38
29 43 0.5 38
30 43 0.5 38
28 43 0.5 38
29 42 0.5 38
28 45 0.5 38
28 44 0.5 38
27 45 0.5 38
26 45 0.5 38
34 41 0.5 38
34 42 0.5 38
35 41 0.5 38
31 42 0.5 38
32 42 0.5 38
33 42 0.5 38
31 43 0.5 38
31 44 0.5 38
30 44 0.5 38
33 40 0.5 38
34 40 0.5 38
32 40 0.5 38
32 39 0.5 38
31 39 0.5 38
33 39 0.5 38
83 3 0.5 60
83 4 0.5 60
82 3 0.5 60
82 2 0.5 60
80 3 0.5 60
81 4 0.5 60
80 4 0.5 60
81 3 0.5 60
82 1 0.5 60
86 4 0.5 60
86 5 0.5 60
85 4 0.5 60
84 4 0.5 60
84 5 0.5 60
90 3 0.5 60
89 3 0.5 60
89 2 0.5 60
88 2 0.5 60
87 2 0.5 60
87 3 0.5 60
86 3 0.5 60
86 1 0.5 60
85 1 0.5 60
84 1 0.5 60
83 1 0.5 60
85 0 0.5 60
85 99 0.5 60
83 0 0.5 60
83 99 0.5 60
85 96 0.5 60
85 97 0.5 60
85 98 0.5 60
84 96 0.5 60
84 95 0.5 60
82 94 0.5 60
83 94 0.5 60
83 96 0.5 60
83 95 0.5 60
92 6 0.5 60
91 6 0.5 60
90 6 0.5 60
94 4 0.5 60
94 5 0.5 60
94 3 0.5 60
95 3 0.5 60
92 5 0.5 60
93 5 0.5 60
95 2 0.5 60
90 5 0.5 60
90 4 0.5 60
95 1 0.5 60
89 5 0.5 60
96 2 0.5 60
97 2 0.5 60
92 7 0.5 60
96 3 0.5 60
88 7 0.5 60
88 6 0.5 60
88 5 0.5 60
92 8 0.5 60
42 49 0.5 6
42 48 0.5 6
42 46 0.5 6
42 47 0.5 6
41 45 0.5 6
41 46 0.5 6
27 1 0.5 30
26 1 0.5 30
27 2 0.5 30
26 2 0.5 30
27 0 0.5 30
26 99 0.5 30
26 0 0.5 30
25 99 0.5 30
24 99 0.5 30
27 99 0.5 30
26 98 0.5 30
25 98 0.5 30
24 98 0.5 30
28 1 0.5 30
23 7 0.5 30
23 6 0.5 30
24 5 0.5 30
24 6 0.5 30
25 4 0.5 30
24 4 0.5 30
25 3 0.5 30
26 3 0.5 30
28 4 0.5 30
29 5 0.5 30
28 5 0.5 30
30 5 0.5 30
31 5 0.5 30
27 3 0.5 30
27 4 0.5 30
26 4 0.5 30
88 56 0.5 38
89 56 0.5 38
90 56 0.5 38
90 55 0.5 38
87 56 0.5 38
91 55 0.5 38
88 55 0.5 38
85 58 0.5 38
85 57 0.5 38
86 57 0.5 38
85 61 0.5 38
85 59 0.5 38
85 60 0.5 38
86 56 0.5 38
91 54 0.5 38
89 58 0.5 38
89 57 0.5 38
89 59 0.5 38
90 59 0.5 38
91 59 0.5 38
88 58 0.5 38
90 54 0.5 38
90 52 0.5 38
90 53 0.5 38
91 53 0.5 38
88 52 0.5 38
89 52 0.5 38
85 62 0.5 38
85 63 0.5 38
95 54 0.5 38
94 54 0.5 38
93 54 0.5 38
94 53 0.5 38
95 55 0.5 38
92 52 0.5 38
92 53 0.5 38
92 54 0.5 38
96 54 0.5 38
48 95 0.5 24
47 95 0.5 24
46 94 0.5 24
47 94 0.5 24
47 93 0.5 24
46 90 0.5 24
48 90 0.5 24
48 91 0.5 24
47 90 0.5 24
49 91 0.5 24
48 92 0.5 24
47 92 0.5 24
45 90 0.5 24
42 92 0.5 24
42 93 0.5 24
42 95 0.5 24
42 94 0.5 24
44 95 0.5 24
43 95 0.5 24
44 94 0.5 24
45 93 0.5 24
45 94 0.5 24
41 95 0.5 24
41 94 0.5 24
8 56 0.5 31
7 56 0.5 31
9 57 0.5 31
9 56 0.5 31
4 58 0.5 31
3 58 0.5 31
3 59 0.5 31
4 59 0.5 31
2 59 0.5 31
2 61 0.5 31
2 60 0.5 31
3 62 0.5 31
4 61 0.5 31
3 61 0.5 31
5 58 0.5 31
5 57 0.5 31
5 56 0.5 31
5 61 0.5 31
6 56 0.5 31
6 55 0.5 31
9 52 0.5 31
9 53 0.5 31
9 54 0.5 31
9 55 0.5 31
8 55 0.5 31
7 55 0.5 31
4 63 0.5 31
3 63 0.5 31
1 61 0.5 31
1 62 0.5 31
1 63 0.5 31
51 24 0.5 13
49 23 0.5 13
49 22 0.5 13
49 24 0.5 13
50 23 0.5 13
50 24 0.5 13
51 23 0.5 13
49 19 0.5 13
49 20 0.5 13
49 21 0.5 13
48 24 0.5 13
47 25 0.5 13
47 24 0.5 13
50 45 0.5 10
51 45 0.5 10
51 44 0.5 10
50 46 0.5 10
50 47 0.5 10
51 47 0.5 10
52 47 0.5 10
48 47 0.5 10
49 47 0.5 10
51 43 0.5 10
63 34 0.5 18
64 34 0.5 18
62 34 0.5 18
60 32 0.5 18
61 32 0.5 18
59 32 0.5 18
62 33 0.5 18
61 33 0.5 18
59 29 0.5 18
59 30 0.5 18
59 31 0.5 18
61 34 0.5 18
65 34 0.5 18
65 33 0.5 18
65 35 0.5 18
58 31 0.5 18
58 32 0.5 18
61 35 0.5 18
53 75 0.5 19
52 74 0.5 19
52 73 0.5 19
53 74 0.5 19
51 73 0.5 19
53 76 0.5 19
54 77 0.5 19
53 77 0.5 19
52 72 0.5 19
57 77 0.5 19
56 77 0.5 19
55 77 0.5 19
58 79 0.5 19
57 79 0.5 19
57 78 0.5 19
56 78 0.5 19
54 78 0.5 19
55 78 0.5 19
55 79 0.5 19
83 14 0.5 16
83 15 0.5 16
84 15 0.5 16
84 14 0.5 16
85 15 0.5 16
86 15 0.5 16
86 14 0.5 16
82 13 0.5 16
81 13 0.5 16
81 14 0.5 16
80 13 0.5 16
83 13 0.5 16
79 15 0.5 16
79 14 0.5 16
79 13 0.5 16
78 13 0.5 16
64 89 0.5 16
65 89 0.5 16
63 89 0.5 16
62 89 0.5 16
63 90 0.5 16
69 90 0.5 16
69 89 0.5 16
66 90 0.5 16
67 90 0.5 16
68 90 0.5 16
66 89 0.5 16
68 89 0.5 16
70 90 0.5 16
62 90 0.5 16
61 90 0.5 16
60 90 0.5 16
53 70 0.5 3
53 69 0.5 3
53 68 0.5 3
15 9 0.5 44
16 10 0.5 44
15 10 0.5 44
16 11 0.5 44
14 10 0.5 44
13 9 0.5 44
14 9 0.5 44
12 9 0.5 44
12 10 0.5 44
16 6 0.5 44
15 6 0.5 44
16 8 0.5 44
15 8 0.5 44
15 7 0.5 44
16 9 0.5 44
15 5 0.5 44
16 5 0.5 44
17 5 0.5 44
16 4 0.5 44
16 3 0.5 44
15 4 0.5 44
14 3 0.5 44
15 3 0.5 44
13 3 0.5 44
17 9 0.5 44
18 8 0.5 44
18 10 0.5 44
18 9 0.5 44
12 3 0.5 44
12 2 0.5 44
11 2 0.5 44
11 3 0.5 44
10 1 0.5 44
11 1 0.5 44
9 1 0.5 44
16 0 0.5 44
16 1 0.5 44
15 2 0.5 44
16 2 0.5 44
15 0 0.5 44
14 0 0.5 44
14 99 0.5 44
13 0 0.5 44
9 0 0.5 44
9 91 0.5 8
10 91 0.5 8
9 90 0.5 8
10 90 0.5 8
11 91 0.5 8
11 90 0.5 8
12 90 0.5 8
11 92 0.5 8
8 77 0.5 14
10 76 0.5 14
10 77 0.5 14
9 77 0.5 14
10 80 0.5 14
9 80 0.5 14
9 79 0.5 14
9 78 0.5 14
9 81 0.5 14
10 78 0.5 14
11 78 0.5 14
12 78 0.5 14
7 76 0.5 14
8 76 0.5 14
70 49 0.5 34
71 49 0.5 34
69 49 0.5 34
69 50 0.5 34
69 51 0.5 34
69 52 0.5 34
68 53 0.5 34
68 54 0.5 34
68 52 0.5 34
69 55 0.5 34
68 55 0.5 34
67 51 0.5 34
68 51 0.5 34
69 48 0.5 34
69 47 0.5 34
69 46 0.5 34
68 46 0.5 34
64 60 0.5 34
65 60 0.5 34
65 62 0.5 34
65 61 0.5 34
66 61 0.5 34
63 60 0.5 34
67 61 0.5 34
68 61 0.5 34
69 61 0.5 34
70 58 0.5 34
70 57 0.5 34
70 56 0.5 34
69 56 0.5 34
70 60 0.5 34
69 60 0.5 34
70 59 0.5 34
71 56 0.5 34
87 23 0.5 41
87 24 0.5 41
86 25 0.5 41
87 25 0.5 41
85 25 0.5 41
88 25 0.5 41
88 24 0.5 41
86 24 0.5 41
90 24 0.5 41
89 24 0.5 41
85 21 0.5 41
85 22 0.5 41
85 23 0.5 41
85 24 0.5 41
86 21 0.5 41
85 27 0.5 41
85 26 0.5 41
87 27 0.5 41
86 27 0.5 41
88 27 0.5 41
90 28 0.5 41
90 29 0.5 41
91 29 0.5 41
91 27 0.5 41
90 27 0.5 41
89 27 0.5 41
93 26 0.5 41
94 26 0.5 41
95 26 0.5 41
95 25 0.5 41
93 27 0.5 41
92 26 0.5 41
91 26 0.5 41
91 25 0.5 41
97 25 0.5 41
96 25 0.5 41
98 27 0.5 41
99 27 0.5 41
97 28 0.5 41
97 27 0.5 41
97 26 0.5 41
92 35 0.5 2
91 35 0.5 2
39 57 0.5 39
40 59 0.5 39
39 58 0.5 39
39 59 0.5 39
46 60 0.5 39
45 60 0.5 39
44 60 0.5 39
43 60 0.5 39
42 60 0.5 39
41 58 0.5 39
42 59 0.5 39
41 59 0.5 39
46 59 0.5 39
46 58 0.5 39
46 57 0.5 39
47 56 0.5 39
47 55 0.5 39
47 57 0.5 39
39 60 0.5 39
46 63 0.5 39
45 63 0.5 39
44 63 0.5 39
44 61 0.5 39
44 62 0.5 39
47 63 0.5 39
46 64 0.5 39
45 64 0.5 39
48 64 0.5 39
48 63 0.5 39
38 56 0.5 39
37 56 0.5 39
39 56 0.5 39
37 58 0.5 39
37 57 0.5 39
36 57 0.5 39
36 56 0.5 39
40 55 0.5 39
40 54 0.5 39
39 55 0.5 39
50 34 0.5 2
50 33 0.5 2
53 60 0.5 9
53 61 0.5 9
54 61 0.5 9
54 60 0.5 9
52 61 0.5 9
55 61 0.5 9
53 62 0.5 9
53 63 0.5 9
54 63 0.5 9
45 32 0.5 1
32 71 0.5 2
32 70 0.5 2
91 72 0.5 12
91 71 0.5 12
92 73 0.5 12
91 73 0.5 12
92 67 0.5 12
92 68 0.5 12
92 69 0.5 12
93 67 0.5 12
91 68 0.5 12
91 70 0.5 12
92 70 0.5 12
93 70 0.5 12
31 12 0.5 18
31 11 0.5 18
31 10 0.5 18
30 14 0.5 18
30 12 0.5 18
30 13 0.5 18
29 14 0.5 18
28 14 0.5 18
27 14 0.5 18
34 14 0.5 18
34 15 0.5 18
33 14 0.5 18
33 13 0.5 18
34 16 0.5 18
33 16 0.5 18
32 13 0.5 18
32 12 0.5 18
27 13 0.5 18
0 11 0.5 1
19 77 0.5 2
18 77 0.5 2
1 78 0.5 16
99 81 0.5 16
0 79 0.5 16
99 79 0.5 16
99 80 0.5 16
0 78 0.5 16
98 82 0.5 16
99 82 0.5 16
99 83 0.5 16
0 83 0.5 16
0 84 0.5 16
98 80 0.5 16
0 85 0.5 16
0 86 0.5 16
99 87 0.5 16
0 87 0.5 16
97 40 0.5 4
96 41 0.5 4
96 42 0.5 4
97 41 0.5 4
23 91 0.5 7
23 92 0.5 7
21 89 0.5 7
21 88 0.5 7
22 91 0.5 7
21 90 0.5 7
22 90 0.5 7
67 82 0.5 2
68 82 0.5 2
59 59 0.5 6
59 60 0.5 6
57 59 0.5 6
57 60 0.5 6
58 60 0.5 6
57 61 0.5 6
41 88 0.5 10
41 87 0.5 10
40 88 0.5 10
40 87 0.5 10
37 88 0.5 10
39 88 0.5 10
38 90 0.5 10
38 89 0.5 10
38 88 0.5 10
38 91 0.5 10
96 35 0.5 3
97 34 0.5 3
96 34 0.5 3
84 8 0.5 2
84 9 0.5 2
80 65 0.5 10
81 65 0.5 10
82 65 0.5 10
77 66 0.5 10
77 65 0.5 10
77 67 0.5 10
79 66 0.5 10
80 66 0.5 10
78 66 0.5 10
76 65 0.5 10
36 0 0.5 2
36 99 0.5 2
96 13 0.5 6
96 12 0.5 6
97 13 0.5 6
95 14 0.5 6
96 14 0.5 6
94 14 0.5 6
58 41 0.5 1
28 18 0.5 2
29 18 0.5 2
55 99 0.5 4
54 0 0.5 4
55 0 0.5 4
53 0 0.5 4
98 94 0.5 7
99 93 0.5 7
99 94 0.5 7
98 96 0.5 7
99 96 0.5 7
98 95 0.5 7
0 96 0.5 7
86 40 0.5 1
31 84 0.5 5
30 85 0.5 5
30 84 0.5 5
28 84 0.5 5
29 84 0.5 5
40 6 0.5 4
41 6 0.5 4
41 5 0.5 4
41 4 0.5 4
35 79 0.5 5
36 79 0.5 5
38 79 0.5 5
37 79 0.5 5
35 78 0.5 5
73 82 0.5 1
20 39 0.5 1
7 95 0.5 1
27 77 0.5 1
16 93 0.5 1
41 81 0.5 1
