67 71 0.5 27
69 71 0.5 27
69 72 0.5 27
68 71 0.5 27
67 70 0.5 27
66 71 0.5 27
69 74 0.5 27
70 73 0.5 27
69 73 0.5 27
65 71 0.5 27
65 72 0.5 27
65 74 0.5 27
65 73 0.5 27
64 72 0.5 27
63 69 0.5 27
63 71 0.5 27
63 72 0.5 27
62 72 0.5 27
63 70 0.5 27
62 73 0.5 27
73 71 0.5 27
73 72 0.5 27
73 73 0.5 27
74 73 0.5 27
72 73 0.5 27
71 74 0.5 27
71 73 0.5 27
1 24 0.5 74
0 24 0.5 74
0 23 0.5 74
6 27 0.5 74
6 28 0.5 74
7 27 0.5 74
5 28 0.5 74
8 27 0.5 74
3 26 0.5 74
3 27 0.5 74
4 27 0.5 74
5 27 0.5 74
2 26 0.5 74
3 28 0.5 74
9 27 0.5 74
10 27 0.5 74
8 26 0.5 74
7 26 0.5 74
12 29 0.5 74
11 29 0.5 74
11 28 0.5 74
11 26 0.5 74
11 27 0.5 74
12 25 0.5 74
12 26 0.5 74
13 30 0.5 74
13 29 0.5 74
3 25 0.5 74
2 25 0.5 74
2 24 0.5 74
16 30 0.5 74
15 30 0.5 74
15 29 0.5 74
14 30 0.5 74
14 31 0.5 74
12 35 0.5 74
12 36 0.5 74
11 39 0.5 74
11 38 0.5 74
11 37 0.5 74
11 36 0.5 74
13 35 0.5 74
13 36 0.5 74
16 32 0.5 74
15 32 0.5 74
16 33 0.5 74
14 32 0.5 74
15 31 0.5 74
17 33 0.5 74
14 33 0.5 74
13 33 0.5 74
13 34 0.5 74
18 34 0.5 74
17 34 0.5 74
17 35 0.5 74
19 34 0.5 74
20 34 0.5 74
21 34 0.5 74
7 29 0.5 74
6 29 0.5 74
7 41 0.5 74
6 41 0.5 74
8 40 0.5 74
9 40 0.5 74
9 41 0.5 74
10 41 0.5 74
8 41 0.5 74
7 40 0.5 74
7 39 0.5 74
7 38 0.5 74
8 38 0.5 74
9 38 0.5 74
10 39 0.5 74
9 39 0.5 74
14 71 0.5 10
13 71 0.5 10
13 69 0.5 10
12 69 0.5 10
13 70 0.5 10
11 72 0.5 10
12 72 0.5 10
10 72 0.5 10
13 72 0.5 10
9 72 0.5 10
96 46 0.5 16
97 46 0.5 16
98 46 0.5 16
95 46 0.5 16
2 46 0.5 16
1 46 0.5 16
1 47 0.5 16
0 47 0.5 16
99 46 0.5 16
0 46 0.5 16
99 45 0.5 16
2 47 0.5 16
96 45 0.5 16
2 49 0.5 16
2 48 0.5 16
3 48 0.5 16
71 27 0.5 47
69 27 0.5 47
70 27 0.5 47
72 27 0.5 47
74 27 0.5 47
73 27 0.5 47
74 26 0.5 47
73 28 0.5 47
73 29 0.5 47
66 27 0.5 47
66 26 0.5 47
68 27 0.5 47
67 27 0.5 47
67 26 0.5 47
67 25 0.5 47
74 25 0.5 47
65 23 0.5 47
67 24 0.5 47
66 24 0.5 47
65 24 0.5 47
66 25 0.5 47
64 23 0.5 47
67 23 0.5 47
60 21 0.5 47
60 19 0.5 47
61 19 0.5 47
61 21 0.5 47
61 20 0.5 47
62 22 0.5 47
62 21 0.5 47
63 21 0.5 47
64 21 0.5 47
64 20 0.5 47
63 19 0.5 47
64 19 0.5 47
65 19 0.5 47
60 22 0.5 47
65 21 0.5 47
66 21 0.5 47
69 21 0.5 47
68 21 0.5 47
67 21 0.5 47
59 18 0.5 47
57 18 0.5 47
58 18 0.5 47
59 19 0.5 47
65 22 0.5 47
22 58 0.5 39
22 57 0.5 39
20 58 0.5 39
20 59 0.5 39
21 58 0.5 39
19 55 0.5 39
20 57 0.5 39
20 55 0.5 39
20 56 0.5 39
21 63 0.5 39
22 63 0.5 39
20 63 0.5 39
19 64 0.5 39
20 64 0.5 39
21 64 0.5 39
22 61 0.5 39
21 61 0.5 39
20 62 0.5 39
20 61 0.5 39
19 60 0.5 39
19 61 0.5 39
23 63 0.5 39
23 62 0.5 39
23 64 0.5 39
24 63 0.5 39
23 61 0.5 39
24 61 0.5 39
25 64 0.5 39
26 64 0.5 39
24 64 0.5 39
25 63 0.5 39
25 60 0.5 39
24 60 0.5 39
23 58 0.5 39
24 58 0.5 39
24 59 0.5 39
23 59 0.5 39
19 54 0.5 39
18 60 0.5 39
74 41 0.5 31
75 41 0.5 31
75 42 0.5 31
73 40 0.5 31
72 40 0.5 31
73 41 0.5 31
73 39 0.5 31
75 40 0.5 31
76 40 0.5 31
77 40 0.5 31
78 40 0.5 31
79 40 0.5 31
77 41 0.5 31
80 40 0.5 31
80 41 0.5 31
79 41 0.5 31
79 42 0.5 31
81 40 0.5 31
81 39 0.5 31
71 42 0.5 31
71 43 0.5 31
70 43 0.5 31
72 42 0.5 31
73 44 0.5 31
73 43 0.5 31
72 44 0.5 31
71 44 0.5 31
74 44 0.5 31
73 45 0.5 31
71 41 0.5 31
72 41 0.5 31
34 71 0.5 6
35 71 0.5 6
36 71 0.5 6
36 72 0.5 6
33 71 0.5 6
33 70 0.5 6
88 85 0.5 43
88 86 0.5 43
88 84 0.5 43
90 85 0.5 43
90 86 0.5 43
90 84 0.5 43
89 86 0.5 43
90 83 0.5 43
88 83 0.5 43
89 83 0.5 43
88 81 0.5 43
88 82 0.5 43
89 81 0.5 43
87 83 0.5 43
87 82 0.5 43
90 91 0.5 43
91 91 0.5 43
89 91 0.5 43
89 90 0.5 43
90 92 0.5 43
87 89 0.5 43
88 89 0.5 43
88 88 0.5 43
89 89 0.5 43
88 87 0.5 43
89 87 0.5 43
92 91 0.5 43
85 80 0.5 43
85 79 0.5 43
84 78 0.5 43
85 78 0.5 43
85 81 0.5 43
85 82 0.5 43
84 81 0.5 43
86 82 0.5 43
86 86 0.5 43
86 85 0.5 43
85 85 0.5 43
84 83 0.5 43
85 83 0.5 43
84 84 0.5 43
84 85 0.5 43
83 83 0.5 43
38 21 0.5 55
38 20 0.5 55
37 20 0.5 55
34 21 0.5 55
34 20 0.5 55
35 20 0.5 55
36 20 0.5 55
33 21 0.5 55
32 21 0.5 55
32 22 0.5 55
32 20 0.5 55
30 23 0.5 55
30 24 0.5 55
32 23 0.5 55
31 23 0.5 55
31 21 0.5 55
29 23 0.5 55
38 22 0.5 55
38 23 0.5 55
33 29 0.5 55
34 28 0.5 55
33 28 0.5 55
32 28 0.5 55
32 24 0.5 55
32 26 0.5 55
32 25 0.5 55
32 27 0.5 55
33 27 0.5 55
31 25 0.5 55
41 27 0.5 55
41 26 0.5 55
39 26 0.5 55
40 26 0.5 55
42 26 0.5 55
39 27 0.5 55
39 28 0.5 55
38 27 0.5 55
39 25 0.5 55
39 24 0.5 55
39 23 0.5 55
41 11 0.5 55
41 12 0.5 55
42 12 0.5 55
39 14 0.5 55
40 14 0.5 55
40 15 0.5 55
41 14 0.5 55
41 13 0.5 55
40 21 0.5 55
40 19 0.5 55
39 20 0.5 55
40 20 0.5 55
40 18 0.5 55
40 17 0.5 55
40 16 0.5 55
24 46 0.5 38
23 46 0.5 38
23 47 0.5 38
25 47 0.5 38
25 46 0.5 38
26 47 0.5 38
25 48 0.5 38
28 47 0.5 38
28 46 0.5 38
27 47 0.5 38
27 48 0.5 38
27 49 0.5 38
26 48 0.5 38
24 45 0.5 38
23 45 0.5 38
30 43 0.5 38
31 43 0.5 38
29 43 0.5 38
30 42 0.5 38
29 45 0.5 38
29 44 0.5 38
28 45 0.5 38
27 45 0.5 38
35 41 0.5 38
35 42 0.5 38
36 41 0.5 38
32 42 0.5 38
33 42 0.5 38
34 42 0.5 38
32 43 0.5 38
32 44 0.5 38
31 44 0.5 38
34 40 0.5 38
35 40 0.5 38
33 40 0.5 38
33 39 0.5 38
32 39 0.5 38
34 39 0.5 38
83 2 0.5 60
83 3 0.5 60
82 2 0.5 60
82 1 0.5 60
80 2 0.5 60
81 3 0.5 60
80 3 0.5 60
81 2 0.5 60
82 0 0.5 60
86 3 0.5 60
86 4 0.5 60
85 3 0.5 60
84 3 0.5 60
84 4 0.5 60
90 2 0.5 60
89 2 0.5 60
89 1 0.5 60
88 1 0.5 60
87 1 0.5 60
87 2 0.5 60
86 2 0.5 60
86 0 0.5 60
85 0 0.5 60
84 0 0.5 60
83 0 0.5 60
85 99 0.5 60
85 98 0.5 60
83 99 0.5 60
83 98 0.5 60
85 95 0.5 60
85 96 0.5 60
85 97 0.5 60
84 95 0.5 60
84 94 0.5 60
82 93 0.5 60
83 93 0.5 60
83 95 0.5 60
83 94 0.5 60
92 5 0.5 60
91 5 0.5 60
90 5 0.5 60
94 3 0.5 60
94 4 0.5 60
94 2 0.5 60
95 2 0.5 60
92 4 0.5 60
93 4 0.5 60
95 1 0.5 60
90 4 0.5 60
90 3 0.5 60
95 0 0.5 60
89 4 0.5 60
96 1 0.5 60
97 1 0.5 60
92 6 0.5 60
96 2 0.5 60
88 6 0.5 60
88 5 0.5 60
88 4 0.5 60
92 7 0.5 60
43 49 0.5 6
43 48 0.5 6
43 46 0.5 6
43 47 0.5 6
42 45 0.5 6
42 46 0.5 6
27 2 0.5 30
26 2 0.5 30
27 3 0.5 30
26 3 0.5 30
27 1 0.5 30
26 0 0.5 30
26 1 0.5 30
25 0 0.5 30
24 0 0.5 30
27 0 0.5 30
26 99 0.5 30
25 99 0.5 30
24 99 0.5 30
28 2 0.5 30
23 8 0.5 30
23 7 0.5 30
24 6 0.5 30
24 7 0.5 30
25 5 0.5 30
24 5 0.5 30
25 4 0.5 30
26 4 0.5 30
28 5 0.5 30
29 6 0.5 30
28 6 0.5 30
30 6 0.5 30
31 6 0.5 30
27 4 0.5 30
27 5 0.5 30
26 5 0.5 30
88 55 0.5 38
89 55 0.5 38
90 55 0.5 38
90 54 0.5 38
87 55 0.5 38
91 54 0.5 38
88 54 0.5 38
85 57 0.5 38
85 56 0.5 38
86 56 0.5 38
85 60 0.5 38
85 58 0.5 38
85 59 0.5 38
86 55 0.5 38
91 53 0.5 38
89 57 0.5 38
89 56 0.5 38
89 58 0.5 38
90 58 0.5 38
91 58 0.5 38
88 57 0.5 38
90 53 0.5 38
90 51 0.5 38
90 52 0.5 38
91 52 0.5 38
88 51 0.5 38
89 51 0.5 38
85 61 0.5 38
85 62 0.5 38
95 53 0.5 38
94 53 0.5 38
93 53 0.5 38
94 52 0.5 38
95 54 0.5 38
92 51 0.5 38
92 52 0.5 38
92 53 0.5 38
96 53 0.5 38
48 96 0.5 24
47 96 0.5 24
46 95 0.5 24
47 95 0.5 24
47 94 0.5 24
46 91 0.5 24
48 91 0.5 24
48 92 0.5 24
47 91 0.5 24
49 92 0.5 24
48 93 0.5 24
47 93 0.5 24
45 91 0.5 24
42 93 0.5 24
42 94 0.5 24
42 96 0.5 24
42 95 0.5 24
44 96 0.5 24
43 96 0.5 24
44 95 0.5 24
45 94 0.5 24
45 95 0.5 24
41 96 0.5 24
41 95 0.5 24
7 56 0.5 31
6 56 0.5 31
8 57 0.5 31
8 56 0.5 31
3 58 0.5 31
2 58 0.5 31
2 59 0.5 31
3 59 0.5 31
1 59 0.5 31
1 61 0.5 31
1 60 0.5 31
2 62 0.5 31
3 61 0.5 31
2 61 0.5 31
4 58 0.5 31
4 57 0.5 31
4 56 0.5 31
4 61 0.5 31
5 56 0.5 31
5 55 0.5 31
8 52 0.5 31
8 53 0.5 31
8 54 0.5 31
8 55 0.5 31
7 55 0.5 31
6 55 0.5 31
3 63 0.5 31
2 63 0.5 31
0 61 0.5 31
0 62 0.5 31
0 63 0.5 31
52 24 0.5 13
50 23 0.5 13
50 22 0.5 13
50 24 0.5 13
51 23 0.5 13
51 24 0.5 13
52 23 0.5 13
50 19 0.5 13
50 20 0.5 13
50 21 0.5 13
49 24 0.5 13
48 25 0.5 13
48 24 0.5 13
50 46 0.5 10
51 46 0.5 10
51 45 0.5 10
50 47 0.5 10
50 48 0.5 10
51 48 0.5 10
52 48 0.5 10
48 48 0.5 10
49 48 0.5 10
51 44 0.5 10
63 33 0.5 18
64 33 0.5 18
62 33 0.5 18
60 31 0.5 18
61 31 0.5 18
59 31 0.5 18
62 32 0.5 18
61 32 0.5 18
59 28 0.5 18
59 29 0.5 18
59 30 0.5 18
61 33 0.5 18
65 33 0.5 18
65 32 0.5 18
65 34 0.5 18
58 30 0.5 18
58 31 0.5 18
61 34 0.5 18
53 74 0.5 19
52 73 0.5 19
52 72 0.5 19
53 73 0.5 19
51 72 0.5 19
53 75 0.5 19
54 76 0.5 19
53 76 0.5 19
52 71 0.5 19
57 76 0.5 19
56 76 0.5 19
55 76 0.5 19
58 78 0.5 19
57 78 0.5 19
57 77 0.5 19
56 77 0.5 19
54 77 0.5 19
55 77 0.5 19
55 78 0.5 19
82 14 0.5 16
82 15 0.5 16
83 15 0.5 16
83 14 0.5 16
84 15 0.5 16
85 15 0.5 16
85 14 0.5 16
81 13 0.5 16
80 13 0.5 16
80 14 0.5 16
79 13 0.5 16
82 13 0.5 16
78 15 0.5 16
78 14 0.5 16
78 13 0.5 16
77 13 0.5 16
64 90 0.5 16
65 90 0.5 16
63 90 0.5 16
62 90 0.5 16
63 91 0.5 16
69 91 0.5 16
69 90 0.5 16
66 91 0.5 16
67 91 0.5 16
68 91 0.5 16
66 90 0.5 16
68 90 0.5 16
70 91 0.5 16
62 91 0.5 16
61 91 0.5 16
60 91 0.5 16
54 70 0.5 3
54 69 0.5 3
54 68 0.5 3
16 9 0.5 44
17 10 0.5 44
16 10 0.5 44
17 11 0.5 44
15 10 0.5 44
14 9 0.5 44
15 9 0.5 44
13 9 0.5 44
13 10 0.5 44
17 6 0.5 44
16 6 0.5 44
17 8 0.5 44
16 8 0.5 44
16 7 0.5 44
17 9 0.5 44
16 5 0.5 44
17 5 0.5 44
18 5 0.5 44
17 4 0.5 44
17 3 0.5 44
16 4 0.5 44
15 3 0.5 44
16 3 0.5 44
14 3 0.5 44
18 9 0.5 44
19 8 0.5 44
19 10 0.5 44
19 9 0.5 44
13 3 0.5 44
13 2 0.5 44
12 2 0.5 44
12 3 0.5 44
11 1 0.5 44
12 1 0.5 44
10 1 0.5 44
17 0 0.5 44
17 1 0.5 44
16 2 0.5 44
17 2 0.5 44
16 0 0.5 44
15 0 0.5 44
15 99 0.5 44
14 0 0.5 44
10 0 0.5 44
9 90 0.5 8
10 90 0.5 8
9 89 0.5 8
10 89 0.5 8
11 90 0.5 8
11 89 0.5 8
12 89 0.5 8
11 91 0.5 8
7 77 0.5 14
9 76 0.5 14
9 77 0.5 14
8 77 0.5 14
9 80 0.5 14
8 80 0.5 14
8 79 0.5 14
8 78 0.5 14
8 81 0.5 14
9 78 0.5 14
10 78 0.5 14
11 78 0.5 14
6 76 0.5 14
7 76 0.5 14
71 49 0.5 34
72 49 0.5 34
70 49 0.5 34
70 50 0.5 34
70 51 0.5 34
70 52 0.5 34
69 53 0.5 34
69 54 0.5 34
69 52 0.5 34
70 55 0.5 34
69 55 0.5 34
68 51 0.5 34
69 51 0.5 34
70 48 0.5 34
70 47 0.5 34
70 46 0.5 34
69 46 0.5 34
65 60 0.5 34
66 60 0.5 34
66 62 0.5 34
66 61 0.5 34
67 61 0.5 34
64 60 0.5 34
68 61 0.5 34
69 61 0.5 34
70 61 0.5 34
71 58 0.5 34
71 57 0.5 34
71 56 0.5 34
70 56 0.5 34
71 60 0.5 34
70 60 0.5 34
71 59 0.5 34
72 56 0.5 34
87 24 0.5 41
87 25 0.5 41
86 26 0.5 41
87 26 0.5 41
85 26 0.5 41
88 26 0.5 41
88 25 0.5 41
86 25 0.5 41
90 25 0.5 41
89 25 0.5 41
85 22 0.5 41
85 23 0.5 41
85 24 0.5 41
85 25 0.5 41
86 22 0.5 41
85 28 0.5 41
85 27 0.5 41
87 28 0.5 41
86 28 0.5 41
88 28 0.5 41
90 29 0.5 41
90 30 0.5 41
91 30 0.5 41
91 28 0.5 41
90 28 0.5 41
89 28 0.5 41
93 27 0.5 41
94 27 0.5 41
95 27 0.5 41
95 26 0.5 41
93 28 0.5 41
92 27 0.5 41
91 27 0.5 41
91 26 0.5 41
97 26 0.5 41
96 26 0.5 41
98 28 0.5 41
99 28 0.5 41
97 29 0.5 41
97 28 0.5 41
97 27 0.5 41
93 35 0.5 2
92 35 0.5 2
39 58 0.5 39
40 60 0.5 39
39 59 0.5 39
39 60 0.5 39
46 61 0.5 39
45 61 0.5 39
44 61 0.5 39
43 61 0.5 39
42 61 0.5 39
41 59 0.5 39
42 60 0.5 39
41 60 0.5 39
46 60 0.5 39
46 59 0.5 39
46 58 0.5 39
47 57 0.5 39
47 56 0.5 39
47 58 0.5 39
39 61 0.5 39
46 64 0.5 39
45 64 0.5 39
44 64 0.5 39
44 62 0.5 39
44 63 0.5 39
47 64 0.5 39
46 65 0.5 39
45 65 0.5 39
48 65 0.5 39
48 64 0.5 39
38 57 0.5 39
37 57 0.5 39
39 57 0.5 39
37 59 0.5 39
37 58 0.5 39
36 58 0.5 39
36 57 0.5 39
40 56 0.5 39
40 55 0.5 39
39 56 0.5 39
50 35 0.5 2
50 34 0.5 2
53 59 0.5 9
53 60 0.5 9
54 60 0.5 9
54 59 0.5 9
52 60 0.5 9
55 60 0.5 9
53 61 0.5 9
53 62 0.5 9
54 62 0.5 9
44 32 0.5 1
91 72 0.5 12
91 71 0.5 12
92 73 0.5 12
91 73 0.5 12
92 67 0.5 12
92 68 0.5 12
92 69 0.5 12
93 67 0.5 12
91 68 0.5 12
91 70 0.5 12
92 70 0.5 12
93 70 0.5 12
32 12 0.5 18
32 11 0.5 18
32 10 0.5 18
31 14 0.5 18
31 12 0.5 18
31 13 0.5 18
30 14 0.5 18
29 14 0.5 18
28 14 0.5 18
35 14 0.5 18
35 15 0.5 18
34 14 0.5 18
34 13 0.5 18
35 16 0.5 18
34 16 0.5 18
33 13 0.5 18
33 12 0.5 18
28 13 0.5 18
1 11 0.5 1
19 78 0.5 2
18 78 0.5 2
2 78 0.5 16
0 81 0.5 16
1 79 0.5 16
0 79 0.5 16
0 80 0.5 16
1 78 0.5 16
99 82 0.5 16
0 82 0.5 16
0 83 0.5 16
1 83 0.5 16
1 84 0.5 16
99 80 0.5 16
1 85 0.5 16
1 86 0.5 16
0 87 0.5 16
1 87 0.5 16
96 40 0.5 4
95 41 0.5 4
95 42 0.5 4
96 41 0.5 4
24 91 0.5 7
24 92 0.5 7
22 89 0.5 7
22 88 0.5 7
23 91 0.5 7
22 90 0.5 7
23 90 0.5 7
66 82 0.5 2
67 82 0.5 2
60 59 0.5 6
60 60 0.5 6
58 59 0.5 6
58 60 0.5 6
59 60 0.5 6
58 61 0.5 6
41 89 0.5 10
41 88 0.5 10
40 89 0.5 10
40 88 0.5 10
37 89 0.5 10
39 89 0.5 10
38 91 0.5 10
38 90 0.5 10
38 89 0.5 10
38 92 0.5 10
96 36 0.5 3
97 35 0.5 3
96 35 0.5 3
84 9 0.5 2
84 10 0.5 2
81 65 0.5 10
82 65 0.5 10
83 65 0.5 10
78 66 0.5 10
78 65 0.5 10
78 67 0.5 10
80 66 0.5 10
81 66 0.5 10
79 66 0.5 10
77 65 0.5 10
35 0 0.5 2
35 99 0.5 2
96 14 0.5 6
96 13 0.5 6
97 14 0.5 6
95 15 0.5 6
96 15 0.5 6
94 15 0.5 6
58 42 0.5 1
27 18 0.5 2
28 18 0.5 2
55 98 0.5 4
54 99 0.5 4
55 99 0.5 4
53 99 0.5 4
98 95 0.5 7
99 94 0.5 7
99 95 0.5 7
98 97 0.5 7
99 97 0.5 7
98 96 0.5 7
0 97 0.5 7
86 41 0.5 1
32 84 0.5 5
31 85 0.5 5
31 84 0.5 5
29 84 0.5 5
30 84 0.5 5
40 7 0.5 4
41 7 0.5 4
41 6 0.5 4
41 5 0.5 4
36 79 0.5 5
37 79 0.5 5
39 79 0.5 5
38 79 0.5 5
36 78 0.5 5
74 82 0.5 1
20 38 0.5 1
7 94 0.5 1
27 76 0.5 1
16 94 0.5 1
40 81 0.5 1
