67 70 0.5 27
69 70 0.5 27
69 71 0.5 27
68 70 0.5 27
67 69 0.5 27
66 70 0.5 27
69 73 0.5 27
70 72 0.5 27
69 72 0.5 27
65 70 0.5 27
65 71 0.5 27
65 73 0.5 27
65 72 0.5 27
64 71 0.5 27
63 68 0.5 27
63 70 0.5 27
63 71 0.5 27
62 71 0.5 27
63 69 0.5 27
62 72 0.5 27
73 70 0.5 27
73 71 0.5 27
73 72 0.5 27
74 72 0.5 27
72 72 0.5 27
71 73 0.5 27
71 72 0.5 27
0 24 0.5 74
99 24 0.5 74
99 23 0.5 74
5 27 0.5 74
5 28 0.5 74
6 27 0.5 74
4 28 0.5 74
7 27 0.5 74
2 26 0.5 74
2 27 0.5 74
3 27 0.5 74
4 27 0.5 74
1 26 0.5 74
2 28 0.5 74
8 27 0.5 74
9 27 0.5 74
7 26 0.5 74
6 26 0.5 74
11 29 0.5 74
10 29 0.5 74
10 28 0.5 74
10 26 0.5 74
10 27 0.5 74
11 25 0.5 74
11 26 0.5 74
12 30 0.5 74
12 29 0.5 74
2 25 0.5 74
1 25 0.5 74
1 24 0.5 74
15 30 0.5 74
14 30 0.5 74
14 29 0.5 74
13 30 0.5 74
13 31 0.5 74
11 35 0.5 74
11 36 0.5 74
10 39 0.5 74
10 38 0.5 74
10 37 0.5 74
10 36 0.5 74
12 35 0.5 74
12 36 0.5 74
15 32 0.5 74
14 32 0.5 74
15 33 0.5 74
13 32 0.5 74
14 31 0.5 74
16 33 0.5 74
13 33 0.5 74
12 33 0.5 74
12 34 0.5 74
17 34 0.5 74
16 34 0.5 74
16 35 0.5 74
18 34 0.5 74
19 34 0.5 74
20 34 0.5 74
6 29 0.5 74
5 29 0.5 74
6 41 0.5 74
5 41 0.5 74
7 40 0.5 74
8 40 0.5 74
8 41 0.5 74
9 41 0.5 74
7 41 0.5 74
6 40 0.5 74
6 39 0.5 74
6 38 0.5 74
7 38 0.5 74
8 38 0.5 74
9 39 0.5 74
8 39 0.5 74
14 72 0.5 10
13 72 0.5 10
13 70 0.5 10
12 70 0.5 10
13 71 0.5 10
11 73 0.5 10
12 73 0.5 10
10 73 0.5 10
13 73 0.5 10
9 73 0.5 10
95 46 0.5 16
96 46 0.5 16
97 46 0.5 16
94 46 0.5 16
1 46 0.5 16
0 46 0.5 16
0 47 0.5 16
99 47 0.5 16
98 46 0.5 16
99 46 0.5 16
98 45 0.5 16
1 47 0.5 16
95 45 0.5 16
1 49 0.5 16
1 48 0.5 16
2 48 0.5 16
71 28 0.5 47
69 28 0.5 47
70 28 0.5 47
72 28 0.5 47
74 28 0.5 47
73 28 0.5 47
74 27 0.5 47
73 29 0.5 47
73 30 0.5 47
66 28 0.5 47
66 27 0.5 47
68 28 0.5 47
67 28 0.5 47
67 27 0.5 47
67 26 0.5 47
74 26 0.5 47
65 24 0.5 47
67 25 0.5 47
66 25 0.5 47
65 25 0.5 47
66 26 0.5 47
64 24 0.5 47
67 24 0.5 47
60 22 0.5 47
60 20 0.5 47
61 20 0.5 47
61 22 0.5 47
61 21 0.5 47
62 23 0.5 47
62 22 0.5 47
63 22 0.5 47
64 22 0.5 47
64 21 0.5 47
63 20 0.5 47
64 20 0.5 47
65 20 0.5 47
60 23 0.5 47
65 22 0.5 47
66 22 0.5 47
69 22 0.5 47
68 22 0.5 47
67 22 0.5 47
59 19 0.5 47
57 19 0.5 47
58 19 0.5 47
59 20 0.5 47
65 23 0.5 47
23 58 0.5 39
23 57 0.5 39
21 58 0.5 39
21 59 0.5 39
22 58 0.5 39
20 55 0.5 39
21 57 0.5 39
21 55 0.5 39
21 56 0.5 39
22 63 0.5 39
23 63 0.5 39
21 63 0.5 39
20 64 0.5 39
21 64 0.5 39
22 64 0.5 39
23 61 0.5 39
22 61 0.5 39
21 62 0.5 39
21 61 0.5 39
20 60 0.5 39
20 61 0.5 39
24 63 0.5 39
24 62 0.5 39
24 64 0.5 39
25 63 0.5 39
24 61 0.5 39
25 61 0.5 39
26 64 0.5 39
27 64 0.5 39
25 64 0.5 39
26 63 0.5 39
26 60 0.5 39
25 60 0.5 39
24 58 0.5 39
25 58 0.5 39
25 59 0.5 39
24 59 0.5 39
20 54 0.5 39
19 60 0.5 39
74 42 0.5 65
75 42 0.5 65
75 43 0.5 65
73 41 0.5 65
72 41 0.5 65
73 42 0.5 65
73 40 0.5 65
75 41 0.5 65
76 41 0.5 65
77 41 0.5 65
78 41 0.5 65
79 41 0.5 65
77 42 0.5 65
80 41 0.5 65
80 42 0.5 65
79 42 0.5 65
79 43 0.5 65
81 41 0.5 65
81 40 0.5 65
71 43 0.5 65
71 44 0.5 65
70 44 0.5 65
72 43 0.5 65
73 45 0.5 65
73 44 0.5 65
72 45 0.5 65
71 45 0.5 65
74 45 0.5 65
73 46 0.5 65
71 42 0.5 65
72 42 0.5 65
71 48 0.5 65
72 48 0.5 65
70 48 0.5 65
70 49 0.5 65
70 50 0.5 65
70 51 0.5 65
69 52 0.5 65
69 53 0.5 65
69 51 0.5 65
70 54 0.5 65
69 54 0.5 65
68 50 0.5 65
69 50 0.5 65
70 47 0.5 65
70 46 0.5 65
70 45 0.5 65
69 45 0.5 65
65 59 0.5 65
66 59 0.5 65
66 61 0.5 65
66 60 0.5 65
67 60 0.5 65
64 59 0.5 65
68 60 0.5 65
69 60 0.5 65
70 60 0.5 65
71 57 0.5 65
71 56 0.5 65
71 55 0.5 65
70 55 0.5 65
71 59 0.5 65
70 59 0.5 65
71 58 0.5 65
72 55 0.5 65
34 70 0.5 6
35 70 0.5 6
36 70 0.5 6
36 71 0.5 6
33 70 0.5 6
33 69 0.5 6
88 86 0.5 43
88 87 0.5 43
88 85 0.5 43
90 86 0.5 43
90 87 0.5 43
90 85 0.5 43
89 87 0.5 43
90 84 0.5 43
88 84 0.5 43
89 84 0.5 43
88 82 0.5 43
88 83 0.5 43
89 82 0.5 43
87 84 0.5 43
87 83 0.5 43
90 92 0.5 43
91 92 0.5 43
89 92 0.5 43
89 91 0.5 43
90 93 0.5 43
87 90 0.5 43
88 90 0.5 43
88 89 0.5 43
89 90 0.5 43
88 88 0.5 43
89 88 0.5 43
92 92 0.5 43
85 81 0.5 43
85 80 0.5 43
84 79 0.5 43
85 79 0.5 43
85 82 0.5 43
85 83 0.5 43
84 82 0.5 43
86 83 0.5 43
86 87 0.5 43
86 86 0.5 43
85 86 0.5 43
84 84 0.5 43
85 84 0.5 43
84 85 0.5 43
84 86 0.5 43
83 84 0.5 43
37 21 0.5 55
37 20 0.5 55
36 20 0.5 55
33 21 0.5 55
33 20 0.5 55
34 20 0.5 55
35 20 0.5 55
32 21 0.5 55
31 21 0.5 55
31 22 0.5 55
31 20 0.5 55
29 23 0.5 55
29 24 0.5 55
31 23 0.5 55
30 23 0.5 55
30 21 0.5 55
28 23 0.5 55
37 22 0.5 55
37 23 0.5 55
32 29 0.5 55
33 28 0.5 55
32 28 0.5 55
31 28 0.5 55
31 24 0.5 55
31 26 0.5 55
31 25 0.5 55
31 27 0.5 55
32 27 0.5 55
30 25 0.5 55
40 27 0.5 55
40 26 0.5 55
38 26 0.5 55
39 26 0.5 55
41 26 0.5 55
38 27 0.5 55
38 28 0.5 55
37 27 0.5 55
38 25 0.5 55
38 24 0.5 55
38 23 0.5 55
40 11 0.5 55
40 12 0.5 55
41 12 0.5 55
38 14 0.5 55
39 14 0.5 55
39 15 0.5 55
40 14 0.5 55
40 13 0.5 55
39 21 0.5 55
39 19 0.5 55
38 20 0.5 55
39 20 0.5 55
39 18 0.5 55
39 17 0.5 55
39 16 0.5 55
23 46 0.5 38
22 46 0.5 38
22 47 0.5 38
24 47 0.5 38
24 46 0.5 38
25 47 0.5 38
24 48 0.5 38
27 47 0.5 38
27 46 0.5 38
26 47 0.5 38
26 48 0.5 38
26 49 0.5 38
25 48 0.5 38
23 45 0.5 38
22 45 0.5 38
29 43 0.5 38
30 43 0.5 38
28 43 0.5 38
29 42 0.5 38
28 45 0.5 38
28 44 0.5 38
27 45 0.5 38
26 45 0.5 38
34 41 0.5 38
34 42 0.5 38
35 41 0.5 38
31 42 0.5 38
32 42 0.5 38
33 42 0.5 38
31 43 0.5 38
31 44 0.5 38
30 44 0.5 38
33 40 0.5 38
34 40 0.5 38
32 40 0.5 38
32 39 0.5 38
31 39 0.5 38
33 39 0.5 38
83 3 0.5 60
83 4 0.5 60
82 3 0.5 60
82 2 0.5 60
80 3 0.5 60
81 4 0.5 60
80 4 0.5 60
81 3 0.5 60
82 1 0.5 60
86 4 0.5 60
86 5 0.5 60
85 4 0.5 60
84 4 0.5 60
84 5 0.5 60
90 3 0.5 60
89 3 0.5 60
89 2 0.5 60
88 2 0.5 60
87 2 0.5 60
87 3 0.5 60
86 3 0.5 60
86 1 0.5 60
85 1 0.5 60
84 1 0.5 60
83 1 0.5 60
85 0 0.5 60
85 99 0.5 60
83 0 0.5 60
83 99 0.5 60
85 96 0.5 60
85 97 0.5 60
85 98 0.5 60
84 96 0.5 60
84 95 0.5 60
82 94 0.5 60
83 94 0.5 60
83 96 0.5 60
83 95 0.5 60
92 6 0.5 60
91 6 0.5 60
90 6 0.5 60
94 4 0.5 60
94 5 0.5 60
94 3 0.5 60
95 3 0.5 60
92 5 0.5 60
93 5 0.5 60
95 2 0.5 60
90 5 0.5 60
90 4 0.5 60
95 1 0.5 60
89 5 0.5 60
96 2 0.5 60
97 2 0.5 60
92 7 0.5 60
96 3 0.5 60
88 7 0.5 60
88 6 0.5 60
88 5 0.5 60
92 8 0.5 60
43 50 0.5 6
43 49 0.5 6
43 47 0.5 6
43 48 0.5 6
42 46 0.5 6
42 47 0.5 6
27 3 0.5 30
26 3 0.5 30
27 4 0.5 30
26 4 0.5 30
27 2 0.5 30
26 1 0.5 30
26 2 0.5 30
25 1 0.5 30
24 1 0.5 30
27 1 0.5 30
26 0 0.5 30
25 0 0.5 30
24 0 0.5 30
28 3 0.5 30
23 9 0.5 30
23 8 0.5 30
24 7 0.5 30
24 8 0.5 30
25 6 0.5 30
24 6 0.5 30
25 5 0.5 30
26 5 0.5 30
28 6 0.5 30
29 7 0.5 30
28 7 0.5 30
30 7 0.5 30
31 7 0.5 30
27 5 0.5 30
27 6 0.5 30
26 6 0.5 30
89 55 0.5 38
90 55 0.5 38
91 55 0.5 38
91 54 0.5 38
88 55 0.5 38
92 54 0.5 38
89 54 0.5 38
86 57 0.5 38
86 56 0.5 38
87 56 0.5 38
86 60 0.5 38
86 58 0.5 38
86 59 0.5 38
87 55 0.5 38
92 53 0.5 38
90 57 0.5 38
90 56 0.5 38
90 58 0.5 38
91 58 0.5 38
92 58 0.5 38
89 57 0.5 38
91 53 0.5 38
91 51 0.5 38
91 52 0.5 38
92 52 0.5 38
89 51 0.5 38
90 51 0.5 38
86 61 0.5 38
86 62 0.5 38
96 53 0.5 38
95 53 0.5 38
94 53 0.5 38
95 52 0.5 38
96 54 0.5 38
93 51 0.5 38
93 52 0.5 38
93 53 0.5 38
97 53 0.5 38
47 96 0.5 24
46 96 0.5 24
45 95 0.5 24
46 95 0.5 24
46 94 0.5 24
45 91 0.5 24
47 91 0.5 24
47 92 0.5 24
46 91 0.5 24
48 92 0.5 24
47 93 0.5 24
46 93 0.5 24
44 91 0.5 24
41 93 0.5 24
41 94 0.5 24
41 96 0.5 24
41 95 0.5 24
43 96 0.5 24
42 96 0.5 24
43 95 0.5 24
44 94 0.5 24
44 95 0.5 24
40 96 0.5 24
40 95 0.5 24
8 56 0.5 31
7 56 0.5 31
9 57 0.5 31
9 56 0.5 31
4 58 0.5 31
3 58 0.5 31
3 59 0.5 31
4 59 0.5 31
2 59 0.5 31
2 61 0.5 31
2 60 0.5 31
3 62 0.5 31
4 61 0.5 31
3 61 0.5 31
5 58 0.5 31
5 57 0.5 31
5 56 0.5 31
5 61 0.5 31
6 56 0.5 31
6 55 0.5 31
9 52 0.5 31
9 53 0.5 31
9 54 0.5 31
9 55 0.5 31
8 55 0.5 31
7 55 0.5 31
4 63 0.5 31
3 63 0.5 31
1 61 0.5 31
1 62 0.5 31
1 63 0.5 31
53 24 0.5 13
51 23 0.5 13
51 22 0.5 13
51 24 0.5 13
52 23 0.5 13
52 24 0.5 13
53 23 0.5 13
51 19 0.5 13
51 20 0.5 13
51 21 0.5 13
50 24 0.5 13
49 25 0.5 13
49 24 0.5 13
49 46 0.5 10
50 46 0.5 10
50 45 0.5 10
49 47 0.5 10
49 48 0.5 10
50 48 0.5 10
51 48 0.5 10
47 48 0.5 10
48 48 0.5 10
50 44 0.5 10
63 32 0.5 18
64 32 0.5 18
62 32 0.5 18
60 30 0.5 18
61 30 0.5 18
59 30 0.5 18
62 31 0.5 18
61 31 0.5 18
59 27 0.5 18
59 28 0.5 18
59 29 0.5 18
61 32 0.5 18
65 32 0.5 18
65 31 0.5 18
65 33 0.5 18
58 29 0.5 18
58 30 0.5 18
61 33 0.5 18
53 75 0.5 19
52 74 0.5 19
52 73 0.5 19
53 74 0.5 19
51 73 0.5 19
53 76 0.5 19
54 77 0.5 19
53 77 0.5 19
52 72 0.5 19
57 77 0.5 19
56 77 0.5 19
55 77 0.5 19
58 79 0.5 19
57 79 0.5 19
57 78 0.5 19
56 78 0.5 19
54 78 0.5 19
55 78 0.5 19
55 79 0.5 19
82 15 0.5 16
82 16 0.5 16
83 16 0.5 16
83 15 0.5 16
84 16 0.5 16
85 16 0.5 16
85 15 0.5 16
81 14 0.5 16
80 14 0.5 16
80 15 0.5 16
79 14 0.5 16
82 14 0.5 16
78 16 0.5 16
78 15 0.5 16
78 14 0.5 16
77 14 0.5 16
64 91 0.5 16
65 91 0.5 16
63 91 0.5 16
62 91 0.5 16
63 92 0.5 16
69 92 0.5 16
69 91 0.5 16
66 92 0.5 16
67 92 0.5 16
68 92 0.5 16
66 91 0.5 16
68 91 0.5 16
70 92 0.5 16
62 92 0.5 16
61 92 0.5 16
60 92 0.5 16
53 70 0.5 3
53 69 0.5 3
53 68 0.5 3
15 9 0.5 44
16 10 0.5 44
15 10 0.5 44
16 11 0.5 44
14 10 0.5 44
13 9 0.5 44
14 9 0.5 44
12 9 0.5 44
12 10 0.5 44
16 6 0.5 44
15 6 0.5 44
16 8 0.5 44
15 8 0.5 44
15 7 0.5 44
16 9 0.5 44
15 5 0.5 44
16 5 0.5 44
17 5 0.5 44
16 4 0.5 44
16 3 0.5 44
15 4 0.5 44
14 3 0.5 44
15 3 0.5 44
13 3 0.5 44
17 9 0.5 44
18 8 0.5 44
18 10 0.5 44
18 9 0.5 44
12 3 0.5 44
12 2 0.5 44
11 2 0.5 44
11 3 0.5 44
10 1 0.5 44
11 1 0.5 44
9 1 0.5 44
16 0 0.5 44
16 1 0.5 44
15 2 0.5 44
16 2 0.5 44
15 0 0.5 44
14 0 0.5 44
14 99 0.5 44
13 0 0.5 44
9 0 0.5 44
9 91 0.5 8
10 91 0.5 8
9 90 0.5 8
10 90 0.5 8
11 91 0.5 8
11 90 0.5 8
12 90 0.5 8
11 92 0.5 8
6 77 0.5 14
8 76 0.5 14
8 77 0.5 14
7 77 0.5 14
8 80 0.5 14
7 80 0.5 14
7 79 0.5 14
7 78 0.5 14
7 81 0.5 14
8 78 0.5 14
9 78 0.5 14
10 78 0.5 14
5 76 0.5 14
6 76 0.5 14
87 24 0.5 41
87 25 0.5 41
86 26 0.5 41
87 26 0.5 41
85 26 0.5 41
88 26 0.5 41
88 25 0.5 41
86 25 0.5 41
90 25 0.5 41
89 25 0.5 41
85 22 0.5 41
85 23 0.5 41
85 24 0.5 41
85 25 0.5 41
86 22 0.5 41
85 28 0.5 41
85 27 0.5 41
87 28 0.5 41
86 28 0.5 41
88 28 0.5 41
90 29 0.5 41
90 30 0.5 41
91 30 0.5 41
91 28 0.5 41
90 28 0.5 41
89 28 0.5 41
93 27 0.5 41
94 27 0.5 41
95 27 0.5 41
95 26 0.5 41
93 28 0.5 41
92 27 0.5 41
91 27 0.5 41
91 26 0.5 41
97 26 0.5 41
96 26 0.5 41
98 28 0.5 41
99 28 0.5 41
97 29 0.5 41
97 28 0.5 41
97 27 0.5 41
92 35 0.5 2
91 35 0.5 2
39 57 0.5 39
40 59 0.5 39
39 58 0.5 39
39 59 0.5 39
46 60 0.5 39
45 60 0.5 39
44 60 0.5 39
43 60 0.5 39
42 60 0.5 39
41 58 0.5 39
42 59 0.5 39
41 59 0.5 39
46 59 0.5 39
46 58 0.5 39
46 57 0.5 39
47 56 0.5 39
47 55 0.5 39
47 57 0.5 39
39 60 0.5 39
46 63 0.5 39
45 63 0.5 39
44 63 0.5 39
44 61 0.5 39
44 62 0.5 39
47 63 0.5 39
46 64 0.5 39
45 64 0.5 39
48 64 0.5 39
48 63 0.5 39
38 56 0.5 39
37 56 0.5 39
39 56 0.5 39
37 58 0.5 39
37 57 0.5 39
36 57 0.5 39
36 56 0.5 39
40 55 0.5 39
40 54 0.5 39
39 55 0.5 39
50 34 0.5 2
50 33 0.5 2
53 58 0.5 9
53 59 0.5 9
54 59 0.5 9
54 58 0.5 9
52 59 0.5 9
55 59 0.5 9
53 60 0.5 9
53 61 0.5 9
54 61 0.5 9
45 32 0.5 1
92 72 0.5 12
92 71 0.5 12
93 73 0.5 12
92 73 0.5 12
93 67 0.5 12
93 68 0.5 12
93 69 0.5 12
94 67 0.5 12
92 68 0.5 12
92 70 0.5 12
93 70 0.5 12
94 70 0.5 12
31 12 0.5 18
31 11 0.5 18
31 10 0.5 18
30 14 0.5 18
30 12 0.5 18
30 13 0.5 18
29 14 0.5 18
28 14 0.5 18
27 14 0.5 18
34 14 0.5 18
34 15 0.5 18
33 14 0.5 18
33 13 0.5 18
34 16 0.5 18
33 16 0.5 18
32 13 0.5 18
32 12 0.5 18
27 13 0.5 18
2 11 0.5 1
20 78 0.5 2
19 78 0.5 2
2 79 0.5 16
0 82 0.5 16
1 80 0.5 16
0 80 0.5 16
0 81 0.5 16
1 79 0.5 16
99 83 0.5 16
0 83 0.5 16
0 84 0.5 16
1 84 0.5 16
1 85 0.5 16
99 81 0.5 16
1 86 0.5 16
1 87 0.5 16
0 88 0.5 16
1 88 0.5 16
95 40 0.5 4
94 41 0.5 4
94 42 0.5 4
95 41 0.5 4
25 91 0.5 7
25 92 0.5 7
23 89 0.5 7
23 88 0.5 7
24 91 0.5 7
23 90 0.5 7
24 90 0.5 7
65 82 0.5 2
66 82 0.5 2
59 59 0.5 6
59 60 0.5 6
57 59 0.5 6
57 60 0.5 6
58 60 0.5 6
57 61 0.5 6
41 88 0.5 10
41 87 0.5 10
40 88 0.5 10
40 87 0.5 10
37 88 0.5 10
39 88 0.5 10
38 90 0.5 10
38 89 0.5 10
38 88 0.5 10
38 91 0.5 10
96 35 0.5 3
97 34 0.5 3
96 34 0.5 3
85 9 0.5 2
85 10 0.5 2
82 65 0.5 10
83 65 0.5 10
84 65 0.5 10
79 66 0.5 10
79 65 0.5 10
79 67 0.5 10
81 66 0.5 10
82 66 0.5 10
80 66 0.5 10
78 65 0.5 10
36 0 0.5 2
36 99 0.5 2
96 15 0.5 6
96 14 0.5 6
97 15 0.5 6
95 16 0.5 6
96 16 0.5 6
94 16 0.5 6
58 43 0.5 1
27 17 0.5 2
28 17 0.5 2
55 99 0.5 4
54 0 0.5 4
55 0 0.5 4
53 0 0.5 4
97 95 0.5 7
98 94 0.5 7
98 95 0.5 7
97 97 0.5 7
98 97 0.5 7
97 96 0.5 7
99 97 0.5 7
86 40 0.5 1
33 84 0.5 5
32 85 0.5 5
32 84 0.5 5
30 84 0.5 5
31 84 0.5 5
41 7 0.5 4
42 7 0.5 4
42 6 0.5 4
42 5 0.5 4
36 80 0.5 6
37 80 0.5 6
39 80 0.5 6
38 80 0.5 6
36 79 0.5 6
40 80 0.5 6
75 82 0.5 1
20 39 0.5 1
7 95 0.5 1
27 75 0.5 1
17 94 0.5 1
