67 71 0.5 27
69 71 0.5 27
69 72 0.5 27
68 71 0.5 27
67 70 0.5 27
66 71 0.5 27
69 74 0.5 27
70 73 0.5 27
69 73 0.5 27
65 71 0.5 27
65 72 0.5 27
65 74 0.5 27
65 73 0.5 27
64 72 0.5 27
63 69 0.5 27
63 71 0.5 27
63 72 0.5 27
62 72 0.5 27
63 70 0.5 27
62 73 0.5 27
73 71 0.5 27
73 72 0.5 27
73 73 0.5 27
74 73 0.5 27
72 73 0.5 27
71 74 0.5 27
71 73 0.5 27
1 24 0.5 74
0 24 0.5 74
0 23 0.5 74
6 27 0.5 74
6 28 0.5 74
7 27 0.5 74
5 28 0.5 74
8 27 0.5 74
3 26 0.5 74
3 27 0.5 74
4 27 0.5 74
5 27 0.5 74
2 26 0.5 74
3 28 0.5 74
9 27 0.5 74
10 27 0.5 74
8 26 0.5 74
7 26 0.5 74
12 29 0.5 74
11 29 0.5 74
11 28 0.5 74
11 26 0.5 74
11 27 0.5 74
12 25 0.5 74
12 26 0.5 74
13 30 0.5 74
13 29 0.5 74
3 25 0.5 74
2 25 0.5 74
2 24 0.5 74
16 30 0.5 74
15 30 0.5 74
15 29 0.5 74
14 30 0.5 74
14 31 0.5 74
12 35 0.5 74
12 36 0.5 74
11 39 0.5 74
11 38 0.5 74
11 37 0.5 74
11 36 0.5 74
13 35 0.5 74
13 36 0.5 74
16 32 0.5 74
15 32 0.5 74
16 33 0.5 74
14 32 0.5 74
15 31 0.5 74
17 33 0.5 74
14 33 0.5 74
13 33 0.5 74
13 34 0.5 74
18 34 0.5 74
17 34 0.5 74
17 35 0.5 74
19 34 0.5 74
20 34 0.5 74
21 34 0.5 74
7 29 0.5 74
6 29 0.5 74
7 41 0.5 74
6 41 0.5 74
8 40 0.5 74
9 40 0.5 74
9 41 0.5 74
10 41 0.5 74
8 41 0.5 74
7 40 0.5 74
7 39 0.5 74
7 38 0.5 74
8 38 0.5 74
9 38 0.5 74
10 39 0.5 74
9 39 0.5 74
13 72 0.5 10
12 72 0.5 10
12 70 0.5 10
11 70 0.5 10
12 71 0.5 10
10 73 0.5 10
11 73 0.5 10
9 73 0.5 10
12 73 0.5 10
8 73 0.5 10
95 45 0.5 16
96 45 0.5 16
97 45 0.5 16
94 45 0.5 16
1 45 0.5 16
0 45 0.5 16
0 46 0.5 16
99 46 0.5 16
98 45 0.5 16
99 45 0.5 16
98 44 0.5 16
1 46 0.5 16
95 44 0.5 16
1 48 0.5 16
1 47 0.5 16
2 47 0.5 16
71 27 0.5 47
69 27 0.5 47
70 27 0.5 47
72 27 0.5 47
74 27 0.5 47
73 27 0.5 47
74 26 0.5 47
73 28 0.5 47
73 29 0.5 47
66 27 0.5 47
66 26 0.5 47
68 27 0.5 47
67 27 0.5 47
67 26 0.5 47
67 25 0.5 47
74 25 0.5 47
65 23 0.5 47
67 24 0.5 47
66 24 0.5 47
65 24 0.5 47
66 25 0.5 47
64 23 0.5 47
67 23 0.5 47
60 21 0.5 47
60 19 0.5 47
61 19 0.5 47
61 21 0.5 47
61 20 0.5 47
62 22 0.5 47
62 21 0.5 47
63 21 0.5 47
64 21 0.5 47
64 20 0.5 47
63 19 0.5 47
64 19 0.5 47
65 19 0.5 47
60 22 0.5 47
65 21 0.5 47
66 21 0.5 47
69 21 0.5 47
68 21 0.5 47
67 21 0.5 47
59 18 0.5 47
57 18 0.5 47
58 18 0.5 47
59 19 0.5 47
65 22 0.5 47
23 59 0.5 39
23 58 0.5 39
21 59 0.5 39
21 60 0.5 39
22 59 0.5 39
20 56 0.5 39
21 58 0.5 39
21 56 0.5 39
21 57 0.5 39
22 64 0.5 39
23 64 0.5 39
21 64 0.5 39
20 65 0.5 39
21 65 0.5 39
22 65 0.5 39
23 62 0.5 39
22 62 0.5 39
21 63 0.5 39
21 62 0.5 39
20 61 0.5 39
20 62 0.5 39
24 64 0.5 39
24 63 0.5 39
24 65 0.5 39
25 64 0.5 39
24 62 0.5 39
25 62 0.5 39
26 65 0.5 39
27 65 0.5 39
25 65 0.5 39
26 64 0.5 39
26 61 0.5 39
25 61 0.5 39
24 59 0.5 39
25 59 0.5 39
25 60 0.5 39
24 60 0.5 39
20 55 0.5 39
19 61 0.5 39
74 41 0.5 65
75 41 0.5 65
75 42 0.5 65
73 40 0.5 65
72 40 0.5 65
73 41 0.5 65
73 39 0.5 65
75 40 0.5 65
76 40 0.5 65
77 40 0.5 65
78 40 0.5 65
79 40 0.5 65
77 41 0.5 65
80 40 0.5 65
80 41 0.5 65
79 41 0.5 65
79 42 0.5 65
81 40 0.5 65
81 39 0.5 65
71 42 0.5 65
71 43 0.5 65
70 43 0.5 65
72 42 0.5 65
73 44 0.5 65
73 43 0.5 65
72 44 0.5 65
71 44 0.5 65
74 44 0.5 65
73 45 0.5 65
71 41 0.5 65
72 41 0.5 65
71 47 0.5 65
72 47 0.5 65
70 47 0.5 65
70 48 0.5 65
70 49 0.5 65
70 50 0.5 65
69 51 0.5 65
69 52 0.5 65
69 50 0.5 65
70 53 0.5 65
69 53 0.5 65
68 49 0.5 65
69 49 0.5 65
70 46 0.5 65
70 45 0.5 65
70 44 0.5 65
69 44 0.5 65
65 58 0.5 65
66 58 0.5 65
66 60 0.5 65
66 59 0.5 65
67 59 0.5 65
64 58 0.5 65
68 59 0.5 65
69 59 0.5 65
70 59 0.5 65
71 56 0.5 65
71 55 0.5 65
71 54 0.5 65
70 54 0.5 65
71 58 0.5 65
70 58 0.5 65
71 57 0.5 65
72 54 0.5 65
34 71 0.5 6
35 71 0.5 6
36 71 0.5 6
36 72 0.5 6
33 71 0.5 6
33 70 0.5 6
88 87 0.5 43
88 88 0.5 43
88 86 0.5 43
90 87 0.5 43
90 88 0.5 43
90 86 0.5 43
89 88 0.5 43
90 85 0.5 43
88 85 0.5 43
89 85 0.5 43
88 83 0.5 43
88 84 0.5 43
89 83 0.5 43
87 85 0.5 43
87 84 0.5 43
90 93 0.5 43
91 93 0.5 43
89 93 0.5 43
89 92 0.5 43
90 94 0.5 43
87 91 0.5 43
88 91 0.5 43
88 90 0.5 43
89 91 0.5 43
88 89 0.5 43
89 89 0.5 43
92 93 0.5 43
85 82 0.5 43
85 81 0.5 43
84 80 0.5 43
85 80 0.5 43
85 83 0.5 43
85 84 0.5 43
84 83 0.5 43
86 84 0.5 43
86 88 0.5 43
86 87 0.5 43
85 87 0.5 43
84 85 0.5 43
85 85 0.5 43
84 86 0.5 43
84 87 0.5 43
83 85 0.5 43
37 20 0.5 55
37 19 0.5 55
36 19 0.5 55
33 20 0.5 55
33 19 0.5 55
34 19 0.5 55
35 19 0.5 55
32 20 0.5 55
31 20 0.5 55
31 21 0.5 55
31 19 0.5 55
29 22 0.5 55
29 23 0.5 55
31 22 0.5 55
30 22 0.5 55
30 20 0.5 55
28 22 0.5 55
37 21 0.5 55
37 22 0.5 55
32 28 0.5 55
33 27 0.5 55
32 27 0.5 55
31 27 0.5 55
31 23 0.5 55
31 25 0.5 55
31 24 0.5 55
31 26 0.5 55
32 26 0.5 55
30 24 0.5 55
40 26 0.5 55
40 25 0.5 55
38 25 0.5 55
39 25 0.5 55
41 25 0.5 55
38 26 0.5 55
38 27 0.5 55
37 26 0.5 55
38 24 0.5 55
38 23 0.5 55
38 22 0.5 55
40 10 0.5 55
40 11 0.5 55
41 11 0.5 55
38 13 0.5 55
39 13 0.5 55
39 14 0.5 55
40 13 0.5 55
40 12 0.5 55
39 20 0.5 55
39 18 0.5 55
38 19 0.5 55
39 19 0.5 55
39 17 0.5 55
39 16 0.5 55
39 15 0.5 55
23 47 0.5 38
22 47 0.5 38
22 48 0.5 38
24 48 0.5 38
24 47 0.5 38
25 48 0.5 38
24 49 0.5 38
27 48 0.5 38
27 47 0.5 38
26 48 0.5 38
26 49 0.5 38
26 50 0.5 38
25 49 0.5 38
23 46 0.5 38
22 46 0.5 38
29 44 0.5 38
30 44 0.5 38
28 44 0.5 38
29 43 0.5 38
28 46 0.5 38
28 45 0.5 38
27 46 0.5 38
26 46 0.5 38
34 42 0.5 38
34 43 0.5 38
35 42 0.5 38
31 43 0.5 38
32 43 0.5 38
33 43 0.5 38
31 44 0.5 38
31 45 0.5 38
30 45 0.5 38
33 41 0.5 38
34 41 0.5 38
32 41 0.5 38
32 40 0.5 38
31 40 0.5 38
33 40 0.5 38
82 3 0.5 60
82 4 0.5 60
81 3 0.5 60
81 2 0.5 60
79 3 0.5 60
80 4 0.5 60
79 4 0.5 60
80 3 0.5 60
81 1 0.5 60
85 4 0.5 60
85 5 0.5 60
84 4 0.5 60
83 4 0.5 60
83 5 0.5 60
89 3 0.5 60
88 3 0.5 60
88 2 0.5 60
87 2 0.5 60
86 2 0.5 60
86 3 0.5 60
85 3 0.5 60
85 1 0.5 60
84 1 0.5 60
83 1 0.5 60
82 1 0.5 60
84 0 0.5 60
84 99 0.5 60
82 0 0.5 60
82 99 0.5 60
84 96 0.5 60
84 97 0.5 60
84 98 0.5 60
83 96 0.5 60
83 95 0.5 60
81 94 0.5 60
82 94 0.5 60
82 96 0.5 60
82 95 0.5 60
91 6 0.5 60
90 6 0.5 60
89 6 0.5 60
93 4 0.5 60
93 5 0.5 60
93 3 0.5 60
94 3 0.5 60
91 5 0.5 60
92 5 0.5 60
94 2 0.5 60
89 5 0.5 60
89 4 0.5 60
94 1 0.5 60
88 5 0.5 60
95 2 0.5 60
96 2 0.5 60
91 7 0.5 60
95 3 0.5 60
87 7 0.5 60
87 6 0.5 60
87 5 0.5 60
91 8 0.5 60
44 50 0.5 6
44 49 0.5 6
44 47 0.5 6
44 48 0.5 6
43 46 0.5 6
43 47 0.5 6
27 4 0.5 30
26 4 0.5 30
27 5 0.5 30
26 5 0.5 30
27 3 0.5 30
26 2 0.5 30
26 3 0.5 30
25 2 0.5 30
24 2 0.5 30
27 2 0.5 30
26 1 0.5 30
25 1 0.5 30
24 1 0.5 30
28 4 0.5 30
23 10 0.5 30
23 9 0.5 30
24 8 0.5 30
24 9 0.5 30
25 7 0.5 30
24 7 0.5 30
25 6 0.5 30
26 6 0.5 30
28 7 0.5 30
29 8 0.5 30
28 8 0.5 30
30 8 0.5 30
31 8 0.5 30
27 6 0.5 30
27 7 0.5 30
26 7 0.5 30
88 55 0.5 38
89 55 0.5 38
90 55 0.5 38
90 54 0.5 38
87 55 0.5 38
91 54 0.5 38
88 54 0.5 38
85 57 0.5 38
85 56 0.5 38
86 56 0.5 38
85 60 0.5 38
85 58 0.5 38
85 59 0.5 38
86 55 0.5 38
91 53 0.5 38
89 57 0.5 38
89 56 0.5 38
89 58 0.5 38
90 58 0.5 38
91 58 0.5 38
88 57 0.5 38
90 53 0.5 38
90 51 0.5 38
90 52 0.5 38
91 52 0.5 38
88 51 0.5 38
89 51 0.5 38
85 61 0.5 38
85 62 0.5 38
95 53 0.5 38
94 53 0.5 38
93 53 0.5 38
94 52 0.5 38
95 54 0.5 38
92 51 0.5 38
92 52 0.5 38
92 53 0.5 38
96 53 0.5 38
47 95 0.5 24
46 95 0.5 24
45 94 0.5 24
46 94 0.5 24
46 93 0.5 24
45 90 0.5 24
47 90 0.5 24
47 91 0.5 24
46 90 0.5 24
48 91 0.5 24
47 92 0.5 24
46 92 0.5 24
44 90 0.5 24
41 92 0.5 24
41 93 0.5 24
41 95 0.5 24
41 94 0.5 24
43 95 0.5 24
42 95 0.5 24
43 94 0.5 24
44 93 0.5 24
44 94 0.5 24
40 95 0.5 24
40 94 0.5 24
9 56 0.5 31
8 56 0.5 31
10 57 0.5 31
10 56 0.5 31
5 58 0.5 31
4 58 0.5 31
4 59 0.5 31
5 59 0.5 31
3 59 0.5 31
3 61 0.5 31
3 60 0.5 31
4 62 0.5 31
5 61 0.5 31
4 61 0.5 31
6 58 0.5 31
6 57 0.5 31
6 56 0.5 31
6 61 0.5 31
7 56 0.5 31
7 55 0.5 31
10 52 0.5 31
10 53 0.5 31
10 54 0.5 31
10 55 0.5 31
9 55 0.5 31
8 55 0.5 31
5 63 0.5 31
4 63 0.5 31
2 61 0.5 31
2 62 0.5 31
2 63 0.5 31
53 25 0.5 13
51 24 0.5 13
51 23 0.5 13
51 25 0.5 13
52 24 0.5 13
52 25 0.5 13
53 24 0.5 13
51 20 0.5 13
51 21 0.5 13
51 22 0.5 13
50 25 0.5 13
49 26 0.5 13
49 25 0.5 13
48 46 0.5 10
49 46 0.5 10
49 45 0.5 10
48 47 0.5 10
48 48 0.5 10
49 48 0.5 10
50 48 0.5 10
46 48 0.5 10
47 48 0.5 10
49 44 0.5 10
64 32 0.5 18
65 32 0.5 18
63 32 0.5 18
61 30 0.5 18
62 30 0.5 18
60 30 0.5 18
63 31 0.5 18
62 31 0.5 18
60 27 0.5 18
60 28 0.5 18
60 29 0.5 18
62 32 0.5 18
66 32 0.5 18
66 31 0.5 18
66 33 0.5 18
59 29 0.5 18
59 30 0.5 18
62 33 0.5 18
53 74 0.5 19
52 73 0.5 19
52 72 0.5 19
53 73 0.5 19
51 72 0.5 19
53 75 0.5 19
54 76 0.5 19
53 76 0.5 19
52 71 0.5 19
57 76 0.5 19
56 76 0.5 19
55 76 0.5 19
58 78 0.5 19
57 78 0.5 19
57 77 0.5 19
56 77 0.5 19
54 77 0.5 19
55 77 0.5 19
55 78 0.5 19
82 16 0.5 16
82 17 0.5 16
83 17 0.5 16
83 16 0.5 16
84 17 0.5 16
85 17 0.5 16
85 16 0.5 16
81 15 0.5 16
80 15 0.5 16
80 16 0.5 16
79 15 0.5 16
82 15 0.5 16
78 17 0.5 16
78 16 0.5 16
78 15 0.5 16
77 15 0.5 16
64 92 0.5 16
65 92 0.5 16
63 92 0.5 16
62 92 0.5 16
63 93 0.5 16
69 93 0.5 16
69 92 0.5 16
66 93 0.5 16
67 93 0.5 16
68 93 0.5 16
66 92 0.5 16
68 92 0.5 16
70 93 0.5 16
62 93 0.5 16
61 93 0.5 16
60 93 0.5 16
53 69 0.5 3
53 68 0.5 3
53 67 0.5 3
15 10 0.5 44
16 11 0.5 44
15 11 0.5 44
16 12 0.5 44
14 11 0.5 44
13 10 0.5 44
14 10 0.5 44
12 10 0.5 44
12 11 0.5 44
16 7 0.5 44
15 7 0.5 44
16 9 0.5 44
15 9 0.5 44
15 8 0.5 44
16 10 0.5 44
15 6 0.5 44
16 6 0.5 44
17 6 0.5 44
16 5 0.5 44
16 4 0.5 44
15 5 0.5 44
14 4 0.5 44
15 4 0.5 44
13 4 0.5 44
17 10 0.5 44
18 9 0.5 44
18 11 0.5 44
18 10 0.5 44
12 4 0.5 44
12 3 0.5 44
11 3 0.5 44
11 4 0.5 44
10 2 0.5 44
11 2 0.5 44
9 2 0.5 44
16 1 0.5 44
16 2 0.5 44
15 3 0.5 44
16 3 0.5 44
15 1 0.5 44
14 1 0.5 44
14 0 0.5 44
13 1 0.5 44
9 1 0.5 44
9 92 0.5 8
10 92 0.5 8
9 91 0.5 8
10 91 0.5 8
11 92 0.5 8
11 91 0.5 8
12 91 0.5 8
11 93 0.5 8
5 77 0.5 14
7 76 0.5 14
7 77 0.5 14
6 77 0.5 14
7 80 0.5 14
6 80 0.5 14
6 79 0.5 14
6 78 0.5 14
6 81 0.5 14
7 78 0.5 14
8 78 0.5 14
9 78 0.5 14
4 76 0.5 14
5 76 0.5 14
86 24 0.5 41
86 25 0.5 41
85 26 0.5 41
86 26 0.5 41
84 26 0.5 41
87 26 0.5 41
87 25 0.5 41
85 25 0.5 41
89 25 0.5 41
88 25 0.5 41
84 22 0.5 41
84 23 0.5 41
84 24 0.5 41
84 25 0.5 41
85 22 0.5 41
84 28 0.5 41
84 27 0.5 41
86 28 0.5 41
85 28 0.5 41
87 28 0.5 41
89 29 0.5 41
89 30 0.5 41
90 30 0.5 41
90 28 0.5 41
89 28 0.5 41
88 28 0.5 41
92 27 0.5 41
93 27 0.5 41
94 27 0.5 41
94 26 0.5 41
92 28 0.5 41
91 27 0.5 41
90 27 0.5 41
90 26 0.5 41
96 26 0.5 41
95 26 0.5 41
97 28 0.5 41
98 28 0.5 41
96 29 0.5 41
96 28 0.5 41
96 27 0.5 41
91 35 0.5 2
90 35 0.5 2
39 58 0.5 39
40 60 0.5 39
39 59 0.5 39
39 60 0.5 39
46 61 0.5 39
45 61 0.5 39
44 61 0.5 39
43 61 0.5 39
42 61 0.5 39
41 59 0.5 39
42 60 0.5 39
41 60 0.5 39
46 60 0.5 39
46 59 0.5 39
46 58 0.5 39
47 57 0.5 39
47 56 0.5 39
47 58 0.5 39
39 61 0.5 39
46 64 0.5 39
45 64 0.5 39
44 64 0.5 39
44 62 0.5 39
44 63 0.5 39
47 64 0.5 39
46 65 0.5 39
45 65 0.5 39
48 65 0.5 39
48 64 0.5 39
38 57 0.5 39
37 57 0.5 39
39 57 0.5 39
37 59 0.5 39
37 58 0.5 39
36 58 0.5 39
36 57 0.5 39
40 56 0.5 39
40 55 0.5 39
39 56 0.5 39
51 34 0.5 2
51 33 0.5 2
54 58 0.5 15
54 59 0.5 15
55 59 0.5 15
55 58 0.5 15
53 59 0.5 15
56 59 0.5 15
54 60 0.5 15
54 61 0.5 15
55 61 0.5 15
59 59 0.5 15
59 60 0.5 15
57 59 0.5 15
57 60 0.5 15
58 60 0.5 15
57 61 0.5 15
45 31 0.5 1
91 72 0.5 12
91 71 0.5 12
92 73 0.5 12
91 73 0.5 12
92 67 0.5 12
92 68 0.5 12
92 69 0.5 12
93 67 0.5 12
91 68 0.5 12
91 70 0.5 12
92 70 0.5 12
93 70 0.5 12
31 13 0.5 18
31 12 0.5 18
31 11 0.5 18
30 15 0.5 18
30 13 0.5 18
30 14 0.5 18
29 15 0.5 18
28 15 0.5 18
27 15 0.5 18
34 15 0.5 18
34 16 0.5 18
33 15 0.5 18
33 14 0.5 18
34 17 0.5 18
33 17 0.5 18
32 14 0.5 18
32 13 0.5 18
27 14 0.5 18
1 11 0.5 1
20 79 0.5 2
19 79 0.5 2
2 80 0.5 16
0 83 0.5 16
1 81 0.5 16
0 81 0.5 16
0 82 0.5 16
1 80 0.5 16
99 84 0.5 16
0 84 0.5 16
0 85 0.5 16
1 85 0.5 16
1 86 0.5 16
99 82 0.5 16
1 87 0.5 16
1 88 0.5 16
0 89 0.5 16
1 89 0.5 16
96 40 0.5 4
95 41 0.5 4
95 42 0.5 4
96 41 0.5 4
25 92 0.5 7
25 93 0.5 7
23 90 0.5 7
23 89 0.5 7
24 92 0.5 7
23 91 0.5 7
24 91 0.5 7
66 82 0.5 2
67 82 0.5 2
41 87 0.5 10
41 86 0.5 10
40 87 0.5 10
40 86 0.5 10
37 87 0.5 10
39 87 0.5 10
38 89 0.5 10
38 88 0.5 10
38 87 0.5 10
38 90 0.5 10
97 35 0.5 3
98 34 0.5 3
97 34 0.5 3
84 9 0.5 2
84 10 0.5 2
83 65 0.5 10
84 65 0.5 10
85 65 0.5 10
80 66 0.5 10
80 65 0.5 10
80 67 0.5 10
82 66 0.5 10
83 66 0.5 10
81 66 0.5 10
79 65 0.5 10
36 1 0.5 2
36 0 0.5 2
95 15 0.5 6
95 14 0.5 6
96 15 0.5 6
94 16 0.5 6
95 16 0.5 6
93 16 0.5 6
58 42 0.5 1
26 17 0.5 2
27 17 0.5 2
54 99 0.5 4
53 0 0.5 4
54 0 0.5 4
52 0 0.5 4
97 94 0.5 7
98 93 0.5 7
98 94 0.5 7
97 96 0.5 7
98 96 0.5 7
97 95 0.5 7
99 96 0.5 7
87 40 0.5 1
32 84 0.5 5
31 85 0.5 5
31 84 0.5 5
29 84 0.5 5
30 84 0.5 5
42 7 0.5 4
43 7 0.5 4
43 6 0.5 4
43 5 0.5 4
35 80 0.5 6
36 80 0.5 6
38 80 0.5 6
37 80 0.5 6
35 79 0.5 6
39 80 0.5 6
74 82 0.5 1
19 39 0.5 1
7 94 0.5 1
26 75 0.5 1
17 93 0.5 1
