67 70 0.5 27
69 70 0.5 27
69 71 0.5 27
68 70 0.5 27
67 69 0.5 27
66 70 0.5 27
69 73 0.5 27
70 72 0.5 27
69 72 0.5 27
65 70 0.5 27
65 71 0.5 27
65 73 0.5 27
65 72 0.5 27
64 71 0.5 27
63 68 0.5 27
63 70 0.5 27
63 71 0.5 27
62 71 0.5 27
63 69 0.5 27
62 72 0.5 27
73 70 0.5 27
73 71 0.5 27
73 72 0.5 27
74 72 0.5 27
72 72 0.5 27
71 73 0.5 27
71 72 0.5 27
1 23 0.5 74
0 23 0.5 74
0 22 0.5 74
6 26 0.5 74
6 27 0.5 74
7 26 0.5 74
5 27 0.5 74
8 26 0.5 74
3 25 0.5 74
3 26 0.5 74
4 26 0.5 74
5 26 0.5 74
2 25 0.5 74
3 27 0.5 74
9 26 0.5 74
10 26 0.5 74
8 25 0.5 74
7 25 0.5 74
12 28 0.5 74
11 28 0.5 74
11 27 0.5 74
11 25 0.5 74
11 26 0.5 74
12 24 0.5 74
12 25 0.5 74
13 29 0.5 74
13 28 0.5 74
3 24 0.5 74
2 24 0.5 74
2 23 0.5 74
16 29 0.5 74
15 29 0.5 74
15 28 0.5 74
14 29 0.5 74
14 30 0.5 74
12 34 0.5 74
12 35 0.5 74
11 38 0.5 74
11 37 0.5 74
11 36 0.5 74
11 35 0.5 74
13 34 0.5 74
13 35 0.5 74
16 31 0.5 74
15 31 0.5 74
16 32 0.5 74
14 31 0.5 74
15 30 0.5 74
17 32 0.5 74
14 32 0.5 74
13 32 0.5 74
13 33 0.5 74
18 33 0.5 74
17 33 0.5 74
17 34 0.5 74
19 33 0.5 74
20 33 0.5 74
21 33 0.5 74
7 28 0.5 74
6 28 0.5 74
7 40 0.5 74
6 40 0.5 74
8 39 0.5 74
9 39 0.5 74
9 40 0.5 74
10 40 0.5 74
8 40 0.5 74
7 39 0.5 74
7 38 0.5 74
7 37 0.5 74
8 37 0.5 74
9 37 0.5 74
10 38 0.5 74
9 38 0.5 74
13 73 0.5 10
12 73 0.5 10
12 71 0.5 10
11 71 0.5 10
12 72 0.5 10
10 74 0.5 10
11 74 0.5 10
9 74 0.5 10
12 74 0.5 10
8 74 0.5 10
95 44 0.5 20
96 44 0.5 20
97 44 0.5 20
94 44 0.5 20
1 44 0.5 20
0 44 0.5 20
0 45 0.5 20
99 45 0.5 20
98 44 0.5 20
99 44 0.5 20
98 43 0.5 20
1 45 0.5 20
95 43 0.5 20
1 47 0.5 20
1 46 0.5 20
2 46 0.5 20
96 40 0.5 20
95 41 0.5 20
95 42 0.5 20
96 41 0.5 20
71 28 0.5 47
69 28 0.5 47
70 28 0.5 47
72 28 0.5 47
74 28 0.5 47
73 28 0.5 47
74 27 0.5 47
73 29 0.5 47
73 30 0.5 47
66 28 0.5 47
66 27 0.5 47
68 28 0.5 47
67 28 0.5 47
67 27 0.5 47
67 26 0.5 47
74 26 0.5 47
65 24 0.5 47
67 25 0.5 47
66 25 0.5 47
65 25 0.5 47
66 26 0.5 47
64 24 0.5 47
67 24 0.5 47
60 22 0.5 47
60 20 0.5 47
61 20 0.5 47
61 22 0.5 47
61 21 0.5 47
62 23 0.5 47
62 22 0.5 47
63 22 0.5 47
64 22 0.5 47
64 21 0.5 47
63 20 0.5 47
64 20 0.5 47
65 20 0.5 47
60 23 0.5 47
65 22 0.5 47
66 22 0.5 47
69 22 0.5 47
68 22 0.5 47
67 22 0.5 47
59 19 0.5 47
57 19 0.5 47
58 19 0.5 47
59 20 0.5 47
65 23 0.5 47
22 59 0.5 39
22 58 0.5 39
20 59 0.5 39
20 60 0.5 39
21 59 0.5 39
19 56 0.5 39
20 58 0.5 39
20 56 0.5 39
20 57 0.5 39
21 64 0.5 39
22 64 0.5 39
20 64 0.5 39
19 65 0.5 39
20 65 0.5 39
21 65 0.5 39
22 62 0.5 39
21 62 0.5 39
20 63 0.5 39
20 62 0.5 39
19 61 0.5 39
19 62 0.5 39
23 64 0.5 39
23 63 0.5 39
23 65 0.5 39
24 64 0.5 39
23 62 0.5 39
24 62 0.5 39
25 65 0.5 39
26 65 0.5 39
24 65 0.5 39
25 64 0.5 39
25 61 0.5 39
24 61 0.5 39
23 59 0.5 39
24 59 0.5 39
24 60 0.5 39
23 60 0.5 39
19 55 0.5 39
18 61 0.5 39
74 42 0.5 65
75 42 0.5 65
75 43 0.5 65
73 41 0.5 65
72 41 0.5 65
73 42 0.5 65
73 40 0.5 65
75 41 0.5 65
76 41 0.5 65
77 41 0.5 65
78 41 0.5 65
79 41 0.5 65
77 42 0.5 65
80 41 0.5 65
80 42 0.5 65
79 42 0.5 65
79 43 0.5 65
81 41 0.5 65
81 40 0.5 65
71 43 0.5 65
71 44 0.5 65
70 44 0.5 65
72 43 0.5 65
73 45 0.5 65
73 44 0.5 65
72 45 0.5 65
71 45 0.5 65
74 45 0.5 65
73 46 0.5 65
71 42 0.5 65
72 42 0.5 65
71 48 0.5 65
72 48 0.5 65
70 48 0.5 65
70 49 0.5 65
70 50 0.5 65
70 51 0.5 65
69 52 0.5 65
69 53 0.5 65
69 51 0.5 65
70 54 0.5 65
69 54 0.5 65
68 50 0.5 65
69 50 0.5 65
70 47 0.5 65
70 46 0.5 65
70 45 0.5 65
69 45 0.5 65
65 59 0.5 65
66 59 0.5 65
66 61 0.5 65
66 60 0.5 65
67 60 0.5 65
64 59 0.5 65
68 60 0.5 65
69 60 0.5 65
70 60 0.5 65
71 57 0.5 65
71 56 0.5 65
71 55 0.5 65
70 55 0.5 65
71 59 0.5 65
70 59 0.5 65
71 58 0.5 65
72 55 0.5 65
34 70 0.5 6
35 70 0.5 6
36 70 0.5 6
36 71 0.5 6
33 70 0.5 6
33 69 0.5 6
88 86 0.5 43
88 87 0.5 43
88 85 0.5 43
90 86 0.5 43
90 87 0.5 43
90 85 0.5 43
89 87 0.5 43
90 84 0.5 43
88 84 0.5 43
89 84 0.5 43
88 82 0.5 43
88 83 0.5 43
89 82 0.5 43
87 84 0.5 43
87 83 0.5 43
90 92 0.5 43
91 92 0.5 43
89 92 0.5 43
89 91 0.5 43
90 93 0.5 43
87 90 0.5 43
88 90 0.5 43
88 89 0.5 43
89 90 0.5 43
88 88 0.5 43
89 88 0.5 43
92 92 0.5 43
85 81 0.5 43
85 80 0.5 43
84 79 0.5 43
85 79 0.5 43
85 82 0.5 43
85 83 0.5 43
84 82 0.5 43
86 83 0.5 43
86 87 0.5 43
86 86 0.5 43
85 86 0.5 43
84 84 0.5 43
85 84 0.5 43
84 85 0.5 43
84 86 0.5 43
83 84 0.5 43
38 20 0.5 55
38 19 0.5 55
37 19 0.5 55
34 20 0.5 55
34 19 0.5 55
35 19 0.5 55
36 19 0.5 55
33 20 0.5 55
32 20 0.5 55
32 21 0.5 55
32 19 0.5 55
30 22 0.5 55
30 23 0.5 55
32 22 0.5 55
31 22 0.5 55
31 20 0.5 55
29 22 0.5 55
38 21 0.5 55
38 22 0.5 55
33 28 0.5 55
34 27 0.5 55
33 27 0.5 55
32 27 0.5 55
32 23 0.5 55
32 25 0.5 55
32 24 0.5 55
32 26 0.5 55
33 26 0.5 55
31 24 0.5 55
41 26 0.5 55
41 25 0.5 55
39 25 0.5 55
40 25 0.5 55
42 25 0.5 55
39 26 0.5 55
39 27 0.5 55
38 26 0.5 55
39 24 0.5 55
39 23 0.5 55
39 22 0.5 55
41 10 0.5 55
41 11 0.5 55
42 11 0.5 55
39 13 0.5 55
40 13 0.5 55
40 14 0.5 55
41 13 0.5 55
41 12 0.5 55
40 20 0.5 55
40 18 0.5 55
39 19 0.5 55
40 19 0.5 55
40 17 0.5 55
40 16 0.5 55
40 15 0.5 55
23 46 0.5 38
22 46 0.5 38
22 47 0.5 38
24 47 0.5 38
24 46 0.5 38
25 47 0.5 38
24 48 0.5 38
27 47 0.5 38
27 46 0.5 38
26 47 0.5 38
26 48 0.5 38
26 49 0.5 38
25 48 0.5 38
23 45 0.5 38
22 45 0.5 38
29 43 0.5 38
30 43 0.5 38
28 43 0.5 38
29 42 0.5 38
28 45 0.5 38
28 44 0.5 38
27 45 0.5 38
26 45 0.5 38
34 41 0.5 38
34 42 0.5 38
35 41 0.5 38
31 42 0.5 38
32 42 0.5 38
33 42 0.5 38
31 43 0.5 38
31 44 0.5 38
30 44 0.5 38
33 40 0.5 38
34 40 0.5 38
32 40 0.5 38
32 39 0.5 38
31 39 0.5 38
33 39 0.5 38
82 4 0.5 60
82 5 0.5 60
81 4 0.5 60
81 3 0.5 60
79 4 0.5 60
80 5 0.5 60
79 5 0.5 60
80 4 0.5 60
81 2 0.5 60
85 5 0.5 60
85 6 0.5 60
84 5 0.5 60
83 5 0.5 60
83 6 0.5 60
89 4 0.5 60
88 4 0.5 60
88 3 0.5 60
87 3 0.5 60
86 3 0.5 60
86 4 0.5 60
85 4 0.5 60
85 2 0.5 60
84 2 0.5 60
83 2 0.5 60
82 2 0.5 60
84 1 0.5 60
84 0 0.5 60
82 1 0.5 60
82 0 0.5 60
84 97 0.5 60
84 98 0.5 60
84 99 0.5 60
83 97 0.5 60
83 96 0.5 60
81 95 0.5 60
82 95 0.5 60
82 97 0.5 60
82 96 0.5 60
91 7 0.5 60
90 7 0.5 60
89 7 0.5 60
93 5 0.5 60
93 6 0.5 60
93 4 0.5 60
94 4 0.5 60
91 6 0.5 60
92 6 0.5 60
94 3 0.5 60
89 6 0.5 60
89 5 0.5 60
94 2 0.5 60
88 6 0.5 60
95 3 0.5 60
96 3 0.5 60
91 8 0.5 60
95 4 0.5 60
87 8 0.5 60
87 7 0.5 60
87 6 0.5 60
91 9 0.5 60
45 50 0.5 16
45 49 0.5 16
45 47 0.5 16
45 48 0.5 16
44 46 0.5 16
44 47 0.5 16
48 46 0.5 16
49 46 0.5 16
49 45 0.5 16
48 47 0.5 16
48 48 0.5 16
49 48 0.5 16
50 48 0.5 16
46 48 0.5 16
47 48 0.5 16
49 44 0.5 16
26 4 0.5 30
25 4 0.5 30
26 5 0.5 30
25 5 0.5 30
26 3 0.5 30
25 2 0.5 30
25 3 0.5 30
24 2 0.5 30
23 2 0.5 30
26 2 0.5 30
25 1 0.5 30
24 1 0.5 30
23 1 0.5 30
27 4 0.5 30
22 10 0.5 30
22 9 0.5 30
23 8 0.5 30
23 9 0.5 30
24 7 0.5 30
23 7 0.5 30
24 6 0.5 30
25 6 0.5 30
27 7 0.5 30
28 8 0.5 30
27 8 0.5 30
29 8 0.5 30
30 8 0.5 30
26 6 0.5 30
26 7 0.5 30
25 7 0.5 30
87 55 0.5 38
88 55 0.5 38
89 55 0.5 38
89 54 0.5 38
86 55 0.5 38
90 54 0.5 38
87 54 0.5 38
84 57 0.5 38
84 56 0.5 38
85 56 0.5 38
84 60 0.5 38
84 58 0.5 38
84 59 0.5 38
85 55 0.5 38
90 53 0.5 38
88 57 0.5 38
88 56 0.5 38
88 58 0.5 38
89 58 0.5 38
90 58 0.5 38
87 57 0.5 38
89 53 0.5 38
89 51 0.5 38
89 52 0.5 38
90 52 0.5 38
87 51 0.5 38
88 51 0.5 38
84 61 0.5 38
84 62 0.5 38
94 53 0.5 38
93 53 0.5 38
92 53 0.5 38
93 52 0.5 38
94 54 0.5 38
91 51 0.5 38
91 52 0.5 38
91 53 0.5 38
95 53 0.5 38
48 95 0.5 24
47 95 0.5 24
46 94 0.5 24
47 94 0.5 24
47 93 0.5 24
46 90 0.5 24
48 90 0.5 24
48 91 0.5 24
47 90 0.5 24
49 91 0.5 24
48 92 0.5 24
47 92 0.5 24
45 90 0.5 24
42 92 0.5 24
42 93 0.5 24
42 95 0.5 24
42 94 0.5 24
44 95 0.5 24
43 95 0.5 24
44 94 0.5 24
45 93 0.5 24
45 94 0.5 24
41 95 0.5 24
41 94 0.5 24
9 57 0.5 31
8 57 0.5 31
10 58 0.5 31
10 57 0.5 31
5 59 0.5 31
4 59 0.5 31
4 60 0.5 31
5 60 0.5 31
3 60 0.5 31
3 62 0.5 31
3 61 0.5 31
4 63 0.5 31
5 62 0.5 31
4 62 0.5 31
6 59 0.5 31
6 58 0.5 31
6 57 0.5 31
6 62 0.5 31
7 57 0.5 31
7 56 0.5 31
10 53 0.5 31
10 54 0.5 31
10 55 0.5 31
10 56 0.5 31
9 56 0.5 31
8 56 0.5 31
5 64 0.5 31
4 64 0.5 31
2 62 0.5 31
2 63 0.5 31
2 64 0.5 31
54 25 0.5 13
52 24 0.5 13
52 23 0.5 13
52 25 0.5 13
53 24 0.5 13
53 25 0.5 13
54 24 0.5 13
52 20 0.5 13
52 21 0.5 13
52 22 0.5 13
51 25 0.5 13
50 26 0.5 13
50 25 0.5 13
65 32 0.5 18
66 32 0.5 18
64 32 0.5 18
62 30 0.5 18
63 30 0.5 18
61 30 0.5 18
64 31 0.5 18
63 31 0.5 18
61 27 0.5 18
61 28 0.5 18
61 29 0.5 18
63 32 0.5 18
67 32 0.5 18
67 31 0.5 18
67 33 0.5 18
60 29 0.5 18
60 30 0.5 18
63 33 0.5 18
53 75 0.5 19
52 74 0.5 19
52 73 0.5 19
53 74 0.5 19
51 73 0.5 19
53 76 0.5 19
54 77 0.5 19
53 77 0.5 19
52 72 0.5 19
57 77 0.5 19
56 77 0.5 19
55 77 0.5 19
58 79 0.5 19
57 79 0.5 19
57 78 0.5 19
56 78 0.5 19
54 78 0.5 19
55 78 0.5 19
55 79 0.5 19
81 16 0.5 16
81 17 0.5 16
82 17 0.5 16
82 16 0.5 16
83 17 0.5 16
84 17 0.5 16
84 16 0.5 16
80 15 0.5 16
79 15 0.5 16
79 16 0.5 16
78 15 0.5 16
81 15 0.5 16
77 17 0.5 16
77 16 0.5 16
77 15 0.5 16
76 15 0.5 16
63 92 0.5 16
64 92 0.5 16
62 92 0.5 16
61 92 0.5 16
62 93 0.5 16
68 93 0.5 16
68 92 0.5 16
65 93 0.5 16
66 93 0.5 16
67 93 0.5 16
65 92 0.5 16
67 92 0.5 16
69 93 0.5 16
61 93 0.5 16
60 93 0.5 16
59 93 0.5 16
53 70 0.5 3
53 69 0.5 3
53 68 0.5 3
14 10 0.5 44
15 11 0.5 44
14 11 0.5 44
15 12 0.5 44
13 11 0.5 44
12 10 0.5 44
13 10 0.5 44
11 10 0.5 44
11 11 0.5 44
15 7 0.5 44
14 7 0.5 44
15 9 0.5 44
14 9 0.5 44
14 8 0.5 44
15 10 0.5 44
14 6 0.5 44
15 6 0.5 44
16 6 0.5 44
15 5 0.5 44
15 4 0.5 44
14 5 0.5 44
13 4 0.5 44
14 4 0.5 44
12 4 0.5 44
16 10 0.5 44
17 9 0.5 44
17 11 0.5 44
17 10 0.5 44
11 4 0.5 44
11 3 0.5 44
10 3 0.5 44
10 4 0.5 44
9 2 0.5 44
10 2 0.5 44
8 2 0.5 44
15 1 0.5 44
15 2 0.5 44
14 3 0.5 44
15 3 0.5 44
14 1 0.5 44
13 1 0.5 44
13 0 0.5 44
12 1 0.5 44
8 1 0.5 44
10 92 0.5 8
11 92 0.5 8
10 91 0.5 8
11 91 0.5 8
12 92 0.5 8
12 91 0.5 8
13 91 0.5 8
12 93 0.5 8
5 78 0.5 14
7 77 0.5 14
7 78 0.5 14
6 78 0.5 14
7 81 0.5 14
6 81 0.5 14
6 80 0.5 14
6 79 0.5 14
6 82 0.5 14
7 79 0.5 14
8 79 0.5 14
9 79 0.5 14
4 77 0.5 14
5 77 0.5 14
87 24 0.5 41
87 25 0.5 41
86 26 0.5 41
87 26 0.5 41
85 26 0.5 41
88 26 0.5 41
88 25 0.5 41
86 25 0.5 41
90 25 0.5 41
89 25 0.5 41
85 22 0.5 41
85 23 0.5 41
85 24 0.5 41
85 25 0.5 41
86 22 0.5 41
85 28 0.5 41
85 27 0.5 41
87 28 0.5 41
86 28 0.5 41
88 28 0.5 41
90 29 0.5 41
90 30 0.5 41
91 30 0.5 41
91 28 0.5 41
90 28 0.5 41
89 28 0.5 41
93 27 0.5 41
94 27 0.5 41
95 27 0.5 41
95 26 0.5 41
93 28 0.5 41
92 27 0.5 41
91 27 0.5 41
91 26 0.5 41
97 26 0.5 41
96 26 0.5 41
98 28 0.5 41
99 28 0.5 41
97 29 0.5 41
97 28 0.5 41
97 27 0.5 41
91 34 0.5 2
90 34 0.5 2
38 58 0.5 39
39 60 0.5 39
38 59 0.5 39
38 60 0.5 39
45 61 0.5 39
44 61 0.5 39
43 61 0.5 39
42 61 0.5 39
41 61 0.5 39
40 59 0.5 39
41 60 0.5 39
40 60 0.5 39
45 60 0.5 39
45 59 0.5 39
45 58 0.5 39
46 57 0.5 39
46 56 0.5 39
46 58 0.5 39
38 61 0.5 39
45 64 0.5 39
44 64 0.5 39
43 64 0.5 39
43 62 0.5 39
43 63 0.5 39
46 64 0.5 39
45 65 0.5 39
44 65 0.5 39
47 65 0.5 39
47 64 0.5 39
37 57 0.5 39
36 57 0.5 39
38 57 0.5 39
36 59 0.5 39
36 58 0.5 39
35 58 0.5 39
35 57 0.5 39
39 56 0.5 39
39 55 0.5 39
38 56 0.5 39
50 34 0.5 2
50 33 0.5 2
54 57 0.5 15
54 58 0.5 15
55 58 0.5 15
55 57 0.5 15
53 58 0.5 15
56 58 0.5 15
54 59 0.5 15
54 60 0.5 15
55 60 0.5 15
59 58 0.5 15
59 59 0.5 15
57 58 0.5 15
57 59 0.5 15
58 59 0.5 15
57 60 0.5 15
45 32 0.5 1
92 72 0.5 12
92 71 0.5 12
93 73 0.5 12
92 73 0.5 12
93 67 0.5 12
93 68 0.5 12
93 69 0.5 12
94 67 0.5 12
92 68 0.5 12
92 70 0.5 12
93 70 0.5 12
94 70 0.5 12
32 13 0.5 18
32 12 0.5 18
32 11 0.5 18
31 15 0.5 18
31 13 0.5 18
31 14 0.5 18
30 15 0.5 18
29 15 0.5 18
28 15 0.5 18
35 15 0.5 18
35 16 0.5 18
34 15 0.5 18
34 14 0.5 18
35 17 0.5 18
34 17 0.5 18
33 14 0.5 18
33 13 0.5 18
28 14 0.5 18
0 11 0.5 1
21 79 0.5 2
20 79 0.5 2
2 79 0.5 16
0 82 0.5 16
1 80 0.5 16
0 80 0.5 16
0 81 0.5 16
1 79 0.5 16
99 83 0.5 16
0 83 0.5 16
0 84 0.5 16
1 84 0.5 16
1 85 0.5 16
99 81 0.5 16
1 86 0.5 16
1 87 0.5 16
0 88 0.5 16
1 88 0.5 16
25 93 0.5 7
25 94 0.5 7
23 91 0.5 7
23 90 0.5 7
24 93 0.5 7
23 92 0.5 7
24 92 0.5 7
67 82 0.5 2
68 82 0.5 2
40 87 0.5 10
40 86 0.5 10
39 87 0.5 10
39 86 0.5 10
36 87 0.5 10
38 87 0.5 10
37 89 0.5 10
37 88 0.5 10
37 87 0.5 10
37 90 0.5 10
97 34 0.5 3
98 33 0.5 3
97 33 0.5 3
84 10 0.5 2
84 11 0.5 2
82 65 0.5 10
83 65 0.5 10
84 65 0.5 10
79 66 0.5 10
79 65 0.5 10
79 67 0.5 10
81 66 0.5 10
82 66 0.5 10
80 66 0.5 10
78 65 0.5 10
35 1 0.5 2
35 0 0.5 2
96 15 0.5 6
96 14 0.5 6
97 15 0.5 6
95 16 0.5 6
96 16 0.5 6
94 16 0.5 6
59 42 0.5 1
25 17 0.5 2
26 17 0.5 2
54 0 0.5 4
53 1 0.5 4
54 1 0.5 4
52 1 0.5 4
96 94 0.5 7
97 93 0.5 7
97 94 0.5 7
96 96 0.5 7
97 96 0.5 7
96 95 0.5 7
98 96 0.5 7
86 40 0.5 1
32 83 0.5 5
31 84 0.5 5
31 83 0.5 5
29 83 0.5 5
30 83 0.5 5
42 8 0.5 4
43 8 0.5 4
43 7 0.5 4
43 6 0.5 4
36 80 0.5 6
37 80 0.5 6
39 80 0.5 6
38 80 0.5 6
36 79 0.5 6
40 80 0.5 6
74 81 0.5 1
18 39 0.5 1
7 93 0.5 1
25 75 0.5 1
17 94 0.5 1
