66 70 0.5 27
68 70 0.5 27
68 71 0.5 27
67 70 0.5 27
66 69 0.5 27
65 70 0.5 27
68 73 0.5 27
69 72 0.5 27
68 72 0.5 27
64 70 0.5 27
64 71 0.5 27
64 73 0.5 27
64 72 0.5 27
63 71 0.5 27
62 68 0.5 27
62 70 0.5 27
62 71 0.5 27
61 71 0.5 27
62 69 0.5 27
61 72 0.5 27
72 70 0.5 27
72 71 0.5 27
72 72 0.5 27
73 72 0.5 27
71 72 0.5 27
70 73 0.5 27
70 72 0.5 27
0 23 0.5 74
99 23 0.5 74
99 22 0.5 74
5 26 0.5 74
5 27 0.5 74
6 26 0.5 74
4 27 0.5 74
7 26 0.5 74
2 25 0.5 74
2 26 0.5 74
3 26 0.5 74
4 26 0.5 74
1 25 0.5 74
2 27 0.5 74
8 26 0.5 74
9 26 0.5 74
7 25 0.5 74
6 25 0.5 74
11 28 0.5 74
10 28 0.5 74
10 27 0.5 74
10 25 0.5 74
10 26 0.5 74
11 24 0.5 74
11 25 0.5 74
12 29 0.5 74
12 28 0.5 74
2 24 0.5 74
1 24 0.5 74
1 23 0.5 74
15 29 0.5 74
14 29 0.5 74
14 28 0.5 74
13 29 0.5 74
13 30 0.5 74
11 34 0.5 74
11 35 0.5 74
10 38 0.5 74
10 37 0.5 74
10 36 0.5 74
10 35 0.5 74
12 34 0.5 74
12 35 0.5 74
15 31 0.5 74
14 31 0.5 74
15 32 0.5 74
13 31 0.5 74
14 30 0.5 74
16 32 0.5 74
13 32 0.5 74
12 32 0.5 74
12 33 0.5 74
17 33 0.5 74
16 33 0.5 74
16 34 0.5 74
18 33 0.5 74
19 33 0.5 74
20 33 0.5 74
6 28 0.5 74
5 28 0.5 74
6 40 0.5 74
5 40 0.5 74
7 39 0.5 74
8 39 0.5 74
8 40 0.5 74
9 40 0.5 74
7 40 0.5 74
6 39 0.5 74
6 38 0.5 74
6 37 0.5 74
7 37 0.5 74
8 37 0.5 74
9 38 0.5 74
8 38 0.5 74
12 73 0.5 10
11 73 0.5 10
11 71 0.5 10
10 71 0.5 10
11 72 0.5 10
9 74 0.5 10
10 74 0.5 10
8 74 0.5 10
11 74 0.5 10
7 74 0.5 10
95 45 0.5 20
96 45 0.5 20
97 45 0.5 20
94 45 0.5 20
1 45 0.5 20
0 45 0.5 20
0 46 0.5 20
99 46 0.5 20
98 45 0.5 20
99 45 0.5 20
98 44 0.5 20
1 46 0.5 20
95 44 0.5 20
1 48 0.5 20
1 47 0.5 20
2 47 0.5 20
96 41 0.5 20
95 42 0.5 20
95 43 0.5 20
96 42 0.5 20
71 27 0.5 47
69 27 0.5 47
70 27 0.5 47
72 27 0.5 47
74 27 0.5 47
73 27 0.5 47
74 26 0.5 47
73 28 0.5 47
73 29 0.5 47
66 27 0.5 47
66 26 0.5 47
68 27 0.5 47
67 27 0.5 47
67 26 0.5 47
67 25 0.5 47
74 25 0.5 47
65 23 0.5 47
67 24 0.5 47
66 24 0.5 47
65 24 0.5 47
66 25 0.5 47
64 23 0.5 47
67 23 0.5 47
60 21 0.5 47
60 19 0.5 47
61 19 0.5 47
61 21 0.5 47
61 20 0.5 47
62 22 0.5 47
62 21 0.5 47
63 21 0.5 47
64 21 0.5 47
64 20 0.5 47
63 19 0.5 47
64 19 0.5 47
65 19 0.5 47
60 22 0.5 47
65 21 0.5 47
66 21 0.5 47
69 21 0.5 47
68 21 0.5 47
67 21 0.5 47
59 18 0.5 47
57 18 0.5 47
58 18 0.5 47
59 19 0.5 47
65 22 0.5 47
22 58 0.5 39
22 57 0.5 39
20 58 0.5 39
20 59 0.5 39
21 58 0.5 39
19 55 0.5 39
20 57 0.5 39
20 55 0.5 39
20 56 0.5 39
21 63 0.5 39
22 63 0.5 39
20 63 0.5 39
19 64 0.5 39
20 64 0.5 39
21 64 0.5 39
22 61 0.5 39
21 61 0.5 39
20 62 0.5 39
20 61 0.5 39
19 60 0.5 39
19 61 0.5 39
23 63 0.5 39
23 62 0.5 39
23 64 0.5 39
24 63 0.5 39
23 61 0.5 39
24 61 0.5 39
25 64 0.5 39
26 64 0.5 39
24 64 0.5 39
25 63 0.5 39
25 60 0.5 39
24 60 0.5 39
23 58 0.5 39
24 58 0.5 39
24 59 0.5 39
23 59 0.5 39
19 54 0.5 39
18 60 0.5 39
75 42 0.5 65
76 42 0.5 65
76 43 0.5 65
74 41 0.5 65
73 41 0.5 65
74 42 0.5 65
74 40 0.5 65
76 41 0.5 65
77 41 0.5 65
78 41 0.5 65
79 41 0.5 65
80 41 0.5 65
78 42 0.5 65
81 41 0.5 65
81 42 0.5 65
80 42 0.5 65
80 43 0.5 65
82 41 0.5 65
82 40 0.5 65
72 43 0.5 65
72 44 0.5 65
71 44 0.5 65
73 43 0.5 65
74 45 0.5 65
74 44 0.5 65
73 45 0.5 65
72 45 0.5 65
75 45 0.5 65
74 46 0.5 65
72 42 0.5 65
73 42 0.5 65
72 48 0.5 65
73 48 0.5 65
71 48 0.5 65
71 49 0.5 65
71 50 0.5 65
71 51 0.5 65
70 52 0.5 65
70 53 0.5 65
70 51 0.5 65
71 54 0.5 65
70 54 0.5 65
69 50 0.5 65
70 50 0.5 65
71 47 0.5 65
71 46 0.5 65
71 45 0.5 65
70 45 0.5 65
66 59 0.5 65
67 59 0.5 65
67 61 0.5 65
67 60 0.5 65
68 60 0.5 65
65 59 0.5 65
69 60 0.5 65
70 60 0.5 65
71 60 0.5 65
72 57 0.5 65
72 56 0.5 65
72 55 0.5 65
71 55 0.5 65
72 59 0.5 65
71 59 0.5 65
72 58 0.5 65
73 55 0.5 65
35 70 0.5 6
36 70 0.5 6
37 70 0.5 6
37 71 0.5 6
34 70 0.5 6
34 69 0.5 6
87 86 0.5 43
87 87 0.5 43
87 85 0.5 43
89 86 0.5 43
89 87 0.5 43
89 85 0.5 43
88 87 0.5 43
89 84 0.5 43
87 84 0.5 43
88 84 0.5 43
87 82 0.5 43
87 83 0.5 43
88 82 0.5 43
86 84 0.5 43
86 83 0.5 43
89 92 0.5 43
90 92 0.5 43
88 92 0.5 43
88 91 0.5 43
89 93 0.5 43
86 90 0.5 43
87 90 0.5 43
87 89 0.5 43
88 90 0.5 43
87 88 0.5 43
88 88 0.5 43
91 92 0.5 43
84 81 0.5 43
84 80 0.5 43
83 79 0.5 43
84 79 0.5 43
84 82 0.5 43
84 83 0.5 43
83 82 0.5 43
85 83 0.5 43
85 87 0.5 43
85 86 0.5 43
84 86 0.5 43
83 84 0.5 43
84 84 0.5 43
83 85 0.5 43
83 86 0.5 43
82 84 0.5 43
39 20 0.5 55
39 19 0.5 55
38 19 0.5 55
35 20 0.5 55
35 19 0.5 55
36 19 0.5 55
37 19 0.5 55
34 20 0.5 55
33 20 0.5 55
33 21 0.5 55
33 19 0.5 55
31 22 0.5 55
31 23 0.5 55
33 22 0.5 55
32 22 0.5 55
32 20 0.5 55
30 22 0.5 55
39 21 0.5 55
39 22 0.5 55
34 28 0.5 55
35 27 0.5 55
34 27 0.5 55
33 27 0.5 55
33 23 0.5 55
33 25 0.5 55
33 24 0.5 55
33 26 0.5 55
34 26 0.5 55
32 24 0.5 55
42 26 0.5 55
42 25 0.5 55
40 25 0.5 55
41 25 0.5 55
43 25 0.5 55
40 26 0.5 55
40 27 0.5 55
39 26 0.5 55
40 24 0.5 55
40 23 0.5 55
40 22 0.5 55
42 10 0.5 55
42 11 0.5 55
43 11 0.5 55
40 13 0.5 55
41 13 0.5 55
41 14 0.5 55
42 13 0.5 55
42 12 0.5 55
41 20 0.5 55
41 18 0.5 55
40 19 0.5 55
41 19 0.5 55
41 17 0.5 55
41 16 0.5 55
41 15 0.5 55
24 46 0.5 38
23 46 0.5 38
23 47 0.5 38
25 47 0.5 38
25 46 0.5 38
26 47 0.5 38
25 48 0.5 38
28 47 0.5 38
28 46 0.5 38
27 47 0.5 38
27 48 0.5 38
27 49 0.5 38
26 48 0.5 38
24 45 0.5 38
23 45 0.5 38
30 43 0.5 38
31 43 0.5 38
29 43 0.5 38
30 42 0.5 38
29 45 0.5 38
29 44 0.5 38
28 45 0.5 38
27 45 0.5 38
35 41 0.5 38
35 42 0.5 38
36 41 0.5 38
32 42 0.5 38
33 42 0.5 38
34 42 0.5 38
32 43 0.5 38
32 44 0.5 38
31 44 0.5 38
34 40 0.5 38
35 40 0.5 38
33 40 0.5 38
33 39 0.5 38
32 39 0.5 38
34 39 0.5 38
83 4 0.5 60
83 5 0.5 60
82 4 0.5 60
82 3 0.5 60
80 4 0.5 60
81 5 0.5 60
80 5 0.5 60
81 4 0.5 60
82 2 0.5 60
86 5 0.5 60
86 6 0.5 60
85 5 0.5 60
84 5 0.5 60
84 6 0.5 60
90 4 0.5 60
89 4 0.5 60
89 3 0.5 60
88 3 0.5 60
87 3 0.5 60
87 4 0.5 60
86 4 0.5 60
86 2 0.5 60
85 2 0.5 60
84 2 0.5 60
83 2 0.5 60
85 1 0.5 60
85 0 0.5 60
83 1 0.5 60
83 0 0.5 60
85 97 0.5 60
85 98 0.5 60
85 99 0.5 60
84 97 0.5 60
84 96 0.5 60
82 95 0.5 60
83 95 0.5 60
83 97 0.5 60
83 96 0.5 60
92 7 0.5 60
91 7 0.5 60
90 7 0.5 60
94 5 0.5 60
94 6 0.5 60
94 4 0.5 60
95 4 0.5 60
92 6 0.5 60
93 6 0.5 60
95 3 0.5 60
90 6 0.5 60
90 5 0.5 60
95 2 0.5 60
89 6 0.5 60
96 3 0.5 60
97 3 0.5 60
92 8 0.5 60
96 4 0.5 60
88 8 0.5 60
88 7 0.5 60
88 6 0.5 60
92 9 0.5 60
44 50 0.5 16
44 49 0.5 16
44 47 0.5 16
44 48 0.5 16
43 46 0.5 16
43 47 0.5 16
47 46 0.5 16
48 46 0.5 16
48 45 0.5 16
47 47 0.5 16
47 48 0.5 16
48 48 0.5 16
49 48 0.5 16
45 48 0.5 16
46 48 0.5 16
48 44 0.5 16
26 3 0.5 30
25 3 0.5 30
26 4 0.5 30
25 4 0.5 30
26 2 0.5 30
25 1 0.5 30
25 2 0.5 30
24 1 0.5 30
23 1 0.5 30
26 1 0.5 30
25 0 0.5 30
24 0 0.5 30
23 0 0.5 30
27 3 0.5 30
22 9 0.5 30
22 8 0.5 30
23 7 0.5 30
23 8 0.5 30
24 6 0.5 30
23 6 0.5 30
24 5 0.5 30
25 5 0.5 30
27 6 0.5 30
28 7 0.5 30
27 7 0.5 30
29 7 0.5 30
30 7 0.5 30
26 5 0.5 30
26 6 0.5 30
25 6 0.5 30
87 56 0.5 38
88 56 0.5 38
89 56 0.5 38
89 55 0.5 38
86 56 0.5 38
90 55 0.5 38
87 55 0.5 38
84 58 0.5 38
84 57 0.5 38
85 57 0.5 38
84 61 0.5 38
84 59 0.5 38
84 60 0.5 38
85 56 0.5 38
90 54 0.5 38
88 58 0.5 38
88 57 0.5 38
88 59 0.5 38
89 59 0.5 38
90 59 0.5 38
87 58 0.5 38
89 54 0.5 38
89 52 0.5 38
89 53 0.5 38
90 53 0.5 38
87 52 0.5 38
88 52 0.5 38
84 62 0.5 38
84 63 0.5 38
94 54 0.5 38
93 54 0.5 38
92 54 0.5 38
93 53 0.5 38
94 55 0.5 38
91 52 0.5 38
91 53 0.5 38
91 54 0.5 38
95 54 0.5 38
49 95 0.5 24
48 95 0.5 24
47 94 0.5 24
48 94 0.5 24
48 93 0.5 24
47 90 0.5 24
49 90 0.5 24
49 91 0.5 24
48 90 0.5 24
50 91 0.5 24
49 92 0.5 24
48 92 0.5 24
46 90 0.5 24
43 92 0.5 24
43 93 0.5 24
43 95 0.5 24
43 94 0.5 24
45 95 0.5 24
44 95 0.5 24
45 94 0.5 24
46 93 0.5 24
46 94 0.5 24
42 95 0.5 24
42 94 0.5 24
9 56 0.5 31
8 56 0.5 31
10 57 0.5 31
10 56 0.5 31
5 58 0.5 31
4 58 0.5 31
4 59 0.5 31
5 59 0.5 31
3 59 0.5 31
3 61 0.5 31
3 60 0.5 31
4 62 0.5 31
5 61 0.5 31
4 61 0.5 31
6 58 0.5 31
6 57 0.5 31
6 56 0.5 31
6 61 0.5 31
7 56 0.5 31
7 55 0.5 31
10 52 0.5 31
10 53 0.5 31
10 54 0.5 31
10 55 0.5 31
9 55 0.5 31
8 55 0.5 31
5 63 0.5 31
4 63 0.5 31
2 61 0.5 31
2 62 0.5 31
2 63 0.5 31
55 25 0.5 13
53 24 0.5 13
53 23 0.5 13
53 25 0.5 13
54 24 0.5 13
54 25 0.5 13
55 24 0.5 13
53 20 0.5 13
53 21 0.5 13
53 22 0.5 13
52 25 0.5 13
51 26 0.5 13
51 25 0.5 13
64 32 0.5 18
65 32 0.5 18
63 32 0.5 18
61 30 0.5 18
62 30 0.5 18
60 30 0.5 18
63 31 0.5 18
62 31 0.5 18
60 27 0.5 18
60 28 0.5 18
60 29 0.5 18
62 32 0.5 18
66 32 0.5 18
66 31 0.5 18
66 33 0.5 18
59 29 0.5 18
59 30 0.5 18
62 33 0.5 18
53 74 0.5 19
52 73 0.5 19
52 72 0.5 19
53 73 0.5 19
51 72 0.5 19
53 75 0.5 19
54 76 0.5 19
53 76 0.5 19
52 71 0.5 19
57 76 0.5 19
56 76 0.5 19
55 76 0.5 19
58 78 0.5 19
57 78 0.5 19
57 77 0.5 19
56 77 0.5 19
54 77 0.5 19
55 77 0.5 19
55 78 0.5 19
81 15 0.5 16
81 16 0.5 16
82 16 0.5 16
82 15 0.5 16
83 16 0.5 16
84 16 0.5 16
84 15 0.5 16
80 14 0.5 16
79 14 0.5 16
79 15 0.5 16
78 14 0.5 16
81 14 0.5 16
77 16 0.5 16
77 15 0.5 16
77 14 0.5 16
76 14 0.5 16
64 92 0.5 16
65 92 0.5 16
63 92 0.5 16
62 92 0.5 16
63 93 0.5 16
69 93 0.5 16
69 92 0.5 16
66 93 0.5 16
67 93 0.5 16
68 93 0.5 16
66 92 0.5 16
68 92 0.5 16
70 93 0.5 16
62 93 0.5 16
61 93 0.5 16
60 93 0.5 16
53 69 0.5 3
53 68 0.5 3
53 67 0.5 3
14 11 0.5 44
15 12 0.5 44
14 12 0.5 44
15 13 0.5 44
13 12 0.5 44
12 11 0.5 44
13 11 0.5 44
11 11 0.5 44
11 12 0.5 44
15 8 0.5 44
14 8 0.5 44
15 10 0.5 44
14 10 0.5 44
14 9 0.5 44
15 11 0.5 44
14 7 0.5 44
15 7 0.5 44
16 7 0.5 44
15 6 0.5 44
15 5 0.5 44
14 6 0.5 44
13 5 0.5 44
14 5 0.5 44
12 5 0.5 44
16 11 0.5 44
17 10 0.5 44
17 12 0.5 44
17 11 0.5 44
11 5 0.5 44
11 4 0.5 44
10 4 0.5 44
10 5 0.5 44
9 3 0.5 44
10 3 0.5 44
8 3 0.5 44
15 2 0.5 44
15 3 0.5 44
14 4 0.5 44
15 4 0.5 44
14 2 0.5 44
13 2 0.5 44
13 1 0.5 44
12 2 0.5 44
8 2 0.5 44
10 93 0.5 8
11 93 0.5 8
10 92 0.5 8
11 92 0.5 8
12 93 0.5 8
12 92 0.5 8
13 92 0.5 8
12 94 0.5 8
5 79 0.5 14
7 78 0.5 14
7 79 0.5 14
6 79 0.5 14
7 82 0.5 14
6 82 0.5 14
6 81 0.5 14
6 80 0.5 14
6 83 0.5 14
7 80 0.5 14
8 80 0.5 14
9 80 0.5 14
4 78 0.5 14
5 78 0.5 14
86 24 0.5 41
86 25 0.5 41
85 26 0.5 41
86 26 0.5 41
84 26 0.5 41
87 26 0.5 41
87 25 0.5 41
85 25 0.5 41
89 25 0.5 41
88 25 0.5 41
84 22 0.5 41
84 23 0.5 41
84 24 0.5 41
84 25 0.5 41
85 22 0.5 41
84 28 0.5 41
84 27 0.5 41
86 28 0.5 41
85 28 0.5 41
87 28 0.5 41
89 29 0.5 41
89 30 0.5 41
90 30 0.5 41
90 28 0.5 41
89 28 0.5 41
88 28 0.5 41
92 27 0.5 41
93 27 0.5 41
94 27 0.5 41
94 26 0.5 41
92 28 0.5 41
91 27 0.5 41
90 27 0.5 41
90 26 0.5 41
96 26 0.5 41
95 26 0.5 41
97 28 0.5 41
98 28 0.5 41
96 29 0.5 41
96 28 0.5 41
96 27 0.5 41
90 34 0.5 2
89 34 0.5 2
38 57 0.5 39
39 59 0.5 39
38 58 0.5 39
38 59 0.5 39
45 60 0.5 39
44 60 0.5 39
43 60 0.5 39
42 60 0.5 39
41 60 0.5 39
40 58 0.5 39
41 59 0.5 39
40 59 0.5 39
45 59 0.5 39
45 58 0.5 39
45 57 0.5 39
46 56 0.5 39
46 55 0.5 39
46 57 0.5 39
38 60 0.5 39
45 63 0.5 39
44 63 0.5 39
43 63 0.5 39
43 61 0.5 39
43 62 0.5 39
46 63 0.5 39
45 64 0.5 39
44 64 0.5 39
47 64 0.5 39
47 63 0.5 39
37 56 0.5 39
36 56 0.5 39
38 56 0.5 39
36 58 0.5 39
36 57 0.5 39
35 57 0.5 39
35 56 0.5 39
39 55 0.5 39
39 54 0.5 39
38 55 0.5 39
51 34 0.5 2
51 33 0.5 2
54 56 0.5 15
54 57 0.5 15
55 57 0.5 15
55 56 0.5 15
53 57 0.5 15
56 57 0.5 15
54 58 0.5 15
54 59 0.5 15
55 59 0.5 15
59 57 0.5 15
59 58 0.5 15
57 57 0.5 15
57 58 0.5 15
58 58 0.5 15
57 59 0.5 15
45 33 0.5 1
91 72 0.5 12
91 71 0.5 12
92 73 0.5 12
91 73 0.5 12
92 67 0.5 12
92 68 0.5 12
92 69 0.5 12
93 67 0.5 12
91 68 0.5 12
91 70 0.5 12
92 70 0.5 12
93 70 0.5 12
32 12 0.5 18
32 11 0.5 18
32 10 0.5 18
31 14 0.5 18
31 12 0.5 18
31 13 0.5 18
30 14 0.5 18
29 14 0.5 18
28 14 0.5 18
35 14 0.5 18
35 15 0.5 18
34 14 0.5 18
34 13 0.5 18
35 16 0.5 18
34 16 0.5 18
33 13 0.5 18
33 12 0.5 18
28 13 0.5 18
0 12 0.5 1
20 79 0.5 2
19 79 0.5 2
2 80 0.5 16
0 83 0.5 16
1 81 0.5 16
0 81 0.5 16
0 82 0.5 16
1 80 0.5 16
99 84 0.5 16
0 84 0.5 16
0 85 0.5 16
1 85 0.5 16
1 86 0.5 16
99 82 0.5 16
1 87 0.5 16
1 88 0.5 16
0 89 0.5 16
1 89 0.5 16
26 93 0.5 7
26 94 0.5 7
24 91 0.5 7
24 90 0.5 7
25 93 0.5 7
24 92 0.5 7
25 92 0.5 7
66 82 0.5 2
67 82 0.5 2
39 87 0.5 10
39 86 0.5 10
38 87 0.5 10
38 86 0.5 10
35 87 0.5 10
37 87 0.5 10
36 89 0.5 10
36 88 0.5 10
36 87 0.5 10
36 90 0.5 10
97 35 0.5 3
98 34 0.5 3
97 34 0.5 3
84 11 0.5 2
84 12 0.5 2
81 65 0.5 10
82 65 0.5 10
83 65 0.5 10
78 66 0.5 10
78 65 0.5 10
78 67 0.5 10
80 66 0.5 10
81 66 0.5 10
79 66 0.5 10
77 65 0.5 10
34 1 0.5 2
34 0 0.5 2
96 16 0.5 6
96 15 0.5 6
97 16 0.5 6
95 17 0.5 6
96 17 0.5 6
94 17 0.5 6
59 41 0.5 1
25 16 0.5 2
26 16 0.5 2
53 0 0.5 4
52 1 0.5 4
53 1 0.5 4
51 1 0.5 4
97 94 0.5 7
98 93 0.5 7
98 94 0.5 7
97 96 0.5 7
98 96 0.5 7
97 95 0.5 7
99 96 0.5 7
86 39 0.5 1
33 83 0.5 5
32 84 0.5 5
32 83 0.5 5
30 83 0.5 5
31 83 0.5 5
43 8 0.5 4
44 8 0.5 4
44 7 0.5 4
44 6 0.5 4
36 79 0.5 6
37 79 0.5 6
39 79 0.5 6
38 79 0.5 6
36 78 0.5 6
40 79 0.5 6
73 81 0.5 1
18 38 0.5 1
6 93 0.5 1
25 74 0.5 1
17 93 0.5 1
