66 71 0.5 27
68 71 0.5 27
68 72 0.5 27
67 71 0.5 27
66 70 0.5 27
65 71 0.5 27
68 74 0.5 27
69 73 0.5 27
68 73 0.5 27
64 71 0.5 27
64 72 0.5 27
64 74 0.5 27
64 73 0.5 27
63 72 0.5 27
62 69 0.5 27
62 71 0.5 27
62 72 0.5 27
61 72 0.5 27
62 70 0.5 27
61 73 0.5 27
72 71 0.5 27
72 72 0.5 27
72 73 0.5 27
73 73 0.5 27
71 73 0.5 27
70 74 0.5 27
70 73 0.5 27
0 24 0.5 74
99 24 0.5 74
99 23 0.5 74
5 27 0.5 74
5 28 0.5 74
6 27 0.5 74
4 28 0.5 74
7 27 0.5 74
2 26 0.5 74
2 27 0.5 74
3 27 0.5 74
4 27 0.5 74
1 26 0.5 74
2 28 0.5 74
8 27 0.5 74
9 27 0.5 74
7 26 0.5 74
6 26 0.5 74
11 29 0.5 74
10 29 0.5 74
10 28 0.5 74
10 26 0.5 74
10 27 0.5 74
11 25 0.5 74
11 26 0.5 74
12 30 0.5 74
12 29 0.5 74
2 25 0.5 74
1 25 0.5 74
1 24 0.5 74
15 30 0.5 74
14 30 0.5 74
14 29 0.5 74
13 30 0.5 74
13 31 0.5 74
11 35 0.5 74
11 36 0.5 74
10 39 0.5 74
10 38 0.5 74
10 37 0.5 74
10 36 0.5 74
12 35 0.5 74
12 36 0.5 74
15 32 0.5 74
14 32 0.5 74
15 33 0.5 74
13 32 0.5 74
14 31 0.5 74
16 33 0.5 74
13 33 0.5 74
12 33 0.5 74
12 34 0.5 74
17 34 0.5 74
16 34 0.5 74
16 35 0.5 74
18 34 0.5 74
19 34 0.5 74
20 34 0.5 74
6 29 0.5 74
5 29 0.5 74
6 41 0.5 74
5 41 0.5 74
7 40 0.5 74
8 40 0.5 74
8 41 0.5 74
9 41 0.5 74
7 41 0.5 74
6 40 0.5 74
6 39 0.5 74
6 38 0.5 74
7 38 0.5 74
8 38 0.5 74
9 39 0.5 74
8 39 0.5 74
13 73 0.5 10
12 73 0.5 10
12 71 0.5 10
11 71 0.5 10
12 72 0.5 10
10 74 0.5 10
11 74 0.5 10
9 74 0.5 10
12 74 0.5 10
8 74 0.5 10
94 45 0.5 20
95 45 0.5 20
96 45 0.5 20
93 45 0.5 20
0 45 0.5 20
99 45 0.5 20
99 46 0.5 20
98 46 0.5 20
97 45 0.5 20
98 45 0.5 20
97 44 0.5 20
0 46 0.5 20
94 44 0.5 20
0 48 0.5 20
0 47 0.5 20
1 47 0.5 20
95 41 0.5 20
94 42 0.5 20
94 43 0.5 20
95 42 0.5 20
72 27 0.5 47
70 27 0.5 47
71 27 0.5 47
73 27 0.5 47
75 27 0.5 47
74 27 0.5 47
75 26 0.5 47
74 28 0.5 47
74 29 0.5 47
67 27 0.5 47
67 26 0.5 47
69 27 0.5 47
68 27 0.5 47
68 26 0.5 47
68 25 0.5 47
75 25 0.5 47
66 23 0.5 47
68 24 0.5 47
67 24 0.5 47
66 24 0.5 47
67 25 0.5 47
65 23 0.5 47
68 23 0.5 47
61 21 0.5 47
61 19 0.5 47
62 19 0.5 47
62 21 0.5 47
62 20 0.5 47
63 22 0.5 47
63 21 0.5 47
64 21 0.5 47
65 21 0.5 47
65 20 0.5 47
64 19 0.5 47
65 19 0.5 47
66 19 0.5 47
61 22 0.5 47
66 21 0.5 47
67 21 0.5 47
70 21 0.5 47
69 21 0.5 47
68 21 0.5 47
60 18 0.5 47
58 18 0.5 47
59 18 0.5 47
60 19 0.5 47
66 22 0.5 47
22 57 0.5 39
22 56 0.5 39
20 57 0.5 39
20 58 0.5 39
21 57 0.5 39
19 54 0.5 39
20 56 0.5 39
20 54 0.5 39
20 55 0.5 39
21 62 0.5 39
22 62 0.5 39
20 62 0.5 39
19 63 0.5 39
20 63 0.5 39
21 63 0.5 39
22 60 0.5 39
21 60 0.5 39
20 61 0.5 39
20 60 0.5 39
19 59 0.5 39
19 60 0.5 39
23 62 0.5 39
23 61 0.5 39
23 63 0.5 39
24 62 0.5 39
23 60 0.5 39
24 60 0.5 39
25 63 0.5 39
26 63 0.5 39
24 63 0.5 39
25 62 0.5 39
25 59 0.5 39
24 59 0.5 39
23 57 0.5 39
24 57 0.5 39
24 58 0.5 39
23 58 0.5 39
19 53 0.5 39
18 59 0.5 39
76 42 0.5 65
77 42 0.5 65
77 43 0.5 65
75 41 0.5 65
74 41 0.5 65
75 42 0.5 65
75 40 0.5 65
77 41 0.5 65
78 41 0.5 65
79 41 0.5 65
80 41 0.5 65
81 41 0.5 65
79 42 0.5 65
82 41 0.5 65
82 42 0.5 65
81 42 0.5 65
81 43 0.5 65
83 41 0.5 65
83 40 0.5 65
73 43 0.5 65
73 44 0.5 65
72 44 0.5 65
74 43 0.5 65
75 45 0.5 65
75 44 0.5 65
74 45 0.5 65
73 45 0.5 65
76 45 0.5 65
75 46 0.5 65
73 42 0.5 65
74 42 0.5 65
73 48 0.5 65
74 48 0.5 65
72 48 0.5 65
72 49 0.5 65
72 50 0.5 65
72 51 0.5 65
71 52 0.5 65
71 53 0.5 65
71 51 0.5 65
72 54 0.5 65
71 54 0.5 65
70 50 0.5 65
71 50 0.5 65
72 47 0.5 65
72 46 0.5 65
72 45 0.5 65
71 45 0.5 65
67 59 0.5 65
68 59 0.5 65
68 61 0.5 65
68 60 0.5 65
69 60 0.5 65
66 59 0.5 65
70 60 0.5 65
71 60 0.5 65
72 60 0.5 65
73 57 0.5 65
73 56 0.5 65
73 55 0.5 65
72 55 0.5 65
73 59 0.5 65
72 59 0.5 65
73 58 0.5 65
74 55 0.5 65
35 69 0.5 6
36 69 0.5 6
37 69 0.5 6
37 70 0.5 6
34 69 0.5 6
34 68 0.5 6
87 85 0.5 43
87 86 0.5 43
87 84 0.5 43
89 85 0.5 43
89 86 0.5 43
89 84 0.5 43
88 86 0.5 43
89 83 0.5 43
87 83 0.5 43
88 83 0.5 43
87 81 0.5 43
87 82 0.5 43
88 81 0.5 43
86 83 0.5 43
86 82 0.5 43
89 91 0.5 43
90 91 0.5 43
88 91 0.5 43
88 90 0.5 43
89 92 0.5 43
86 89 0.5 43
87 89 0.5 43
87 88 0.5 43
88 89 0.5 43
87 87 0.5 43
88 87 0.5 43
91 91 0.5 43
84 80 0.5 43
84 79 0.5 43
83 78 0.5 43
84 78 0.5 43
84 81 0.5 43
84 82 0.5 43
83 81 0.5 43
85 82 0.5 43
85 86 0.5 43
85 85 0.5 43
84 85 0.5 43
83 83 0.5 43
84 83 0.5 43
83 84 0.5 43
83 85 0.5 43
82 83 0.5 43
39 19 0.5 55
39 18 0.5 55
38 18 0.5 55
35 19 0.5 55
35 18 0.5 55
36 18 0.5 55
37 18 0.5 55
34 19 0.5 55
33 19 0.5 55
33 20 0.5 55
33 18 0.5 55
31 21 0.5 55
31 22 0.5 55
33 21 0.5 55
32 21 0.5 55
32 19 0.5 55
30 21 0.5 55
39 20 0.5 55
39 21 0.5 55
34 27 0.5 55
35 26 0.5 55
34 26 0.5 55
33 26 0.5 55
33 22 0.5 55
33 24 0.5 55
33 23 0.5 55
33 25 0.5 55
34 25 0.5 55
32 23 0.5 55
42 25 0.5 55
42 24 0.5 55
40 24 0.5 55
41 24 0.5 55
43 24 0.5 55
40 25 0.5 55
40 26 0.5 55
39 25 0.5 55
40 23 0.5 55
40 22 0.5 55
40 21 0.5 55
42 9 0.5 55
42 10 0.5 55
43 10 0.5 55
40 12 0.5 55
41 12 0.5 55
41 13 0.5 55
42 12 0.5 55
42 11 0.5 55
41 19 0.5 55
41 17 0.5 55
40 18 0.5 55
41 18 0.5 55
41 16 0.5 55
41 15 0.5 55
41 14 0.5 55
25 46 0.5 38
24 46 0.5 38
24 47 0.5 38
26 47 0.5 38
26 46 0.5 38
27 47 0.5 38
26 48 0.5 38
29 47 0.5 38
29 46 0.5 38
28 47 0.5 38
28 48 0.5 38
28 49 0.5 38
27 48 0.5 38
25 45 0.5 38
24 45 0.5 38
31 43 0.5 38
32 43 0.5 38
30 43 0.5 38
31 42 0.5 38
30 45 0.5 38
30 44 0.5 38
29 45 0.5 38
28 45 0.5 38
36 41 0.5 38
36 42 0.5 38
37 41 0.5 38
33 42 0.5 38
34 42 0.5 38
35 42 0.5 38
33 43 0.5 38
33 44 0.5 38
32 44 0.5 38
35 40 0.5 38
36 40 0.5 38
34 40 0.5 38
34 39 0.5 38
33 39 0.5 38
35 39 0.5 38
84 4 0.5 60
84 5 0.5 60
83 4 0.5 60
83 3 0.5 60
81 4 0.5 60
82 5 0.5 60
81 5 0.5 60
82 4 0.5 60
83 2 0.5 60
87 5 0.5 60
87 6 0.5 60
86 5 0.5 60
85 5 0.5 60
85 6 0.5 60
91 4 0.5 60
90 4 0.5 60
90 3 0.5 60
89 3 0.5 60
88 3 0.5 60
88 4 0.5 60
87 4 0.5 60
87 2 0.5 60
86 2 0.5 60
85 2 0.5 60
84 2 0.5 60
86 1 0.5 60
86 0 0.5 60
84 1 0.5 60
84 0 0.5 60
86 97 0.5 60
86 98 0.5 60
86 99 0.5 60
85 97 0.5 60
85 96 0.5 60
83 95 0.5 60
84 95 0.5 60
84 97 0.5 60
84 96 0.5 60
93 7 0.5 60
92 7 0.5 60
91 7 0.5 60
95 5 0.5 60
95 6 0.5 60
95 4 0.5 60
96 4 0.5 60
93 6 0.5 60
94 6 0.5 60
96 3 0.5 60
91 6 0.5 60
91 5 0.5 60
96 2 0.5 60
90 6 0.5 60
97 3 0.5 60
98 3 0.5 60
93 8 0.5 60
97 4 0.5 60
89 8 0.5 60
89 7 0.5 60
89 6 0.5 60
93 9 0.5 60
44 49 0.5 16
44 48 0.5 16
44 46 0.5 16
44 47 0.5 16
43 45 0.5 16
43 46 0.5 16
47 45 0.5 16
48 45 0.5 16
48 44 0.5 16
47 46 0.5 16
47 47 0.5 16
48 47 0.5 16
49 47 0.5 16
45 47 0.5 16
46 47 0.5 16
48 43 0.5 16
27 3 0.5 30
26 3 0.5 30
27 4 0.5 30
26 4 0.5 30
27 2 0.5 30
26 1 0.5 30
26 2 0.5 30
25 1 0.5 30
24 1 0.5 30
27 1 0.5 30
26 0 0.5 30
25 0 0.5 30
24 0 0.5 30
28 3 0.5 30
23 9 0.5 30
23 8 0.5 30
24 7 0.5 30
24 8 0.5 30
25 6 0.5 30
24 6 0.5 30
25 5 0.5 30
26 5 0.5 30
28 6 0.5 30
29 7 0.5 30
28 7 0.5 30
30 7 0.5 30
31 7 0.5 30
27 5 0.5 30
27 6 0.5 30
26 6 0.5 30
88 56 0.5 38
89 56 0.5 38
90 56 0.5 38
90 55 0.5 38
87 56 0.5 38
91 55 0.5 38
88 55 0.5 38
85 58 0.5 38
85 57 0.5 38
86 57 0.5 38
85 61 0.5 38
85 59 0.5 38
85 60 0.5 38
86 56 0.5 38
91 54 0.5 38
89 58 0.5 38
89 57 0.5 38
89 59 0.5 38
90 59 0.5 38
91 59 0.5 38
88 58 0.5 38
90 54 0.5 38
90 52 0.5 38
90 53 0.5 38
91 53 0.5 38
88 52 0.5 38
89 52 0.5 38
85 62 0.5 38
85 63 0.5 38
95 54 0.5 38
94 54 0.5 38
93 54 0.5 38
94 53 0.5 38
95 55 0.5 38
92 52 0.5 38
92 53 0.5 38
92 54 0.5 38
96 54 0.5 38
49 94 0.5 24
48 94 0.5 24
47 93 0.5 24
48 93 0.5 24
48 92 0.5 24
47 89 0.5 24
49 89 0.5 24
49 90 0.5 24
48 89 0.5 24
50 90 0.5 24
49 91 0.5 24
48 91 0.5 24
46 89 0.5 24
43 91 0.5 24
43 92 0.5 24
43 94 0.5 24
43 93 0.5 24
45 94 0.5 24
44 94 0.5 24
45 93 0.5 24
46 92 0.5 24
46 93 0.5 24
42 94 0.5 24
42 93 0.5 24
8 56 0.5 31
7 56 0.5 31
9 57 0.5 31
9 56 0.5 31
4 58 0.5 31
3 58 0.5 31
3 59 0.5 31
4 59 0.5 31
2 59 0.5 31
2 61 0.5 31
2 60 0.5 31
3 62 0.5 31
4 61 0.5 31
3 61 0.5 31
5 58 0.5 31
5 57 0.5 31
5 56 0.5 31
5 61 0.5 31
6 56 0.5 31
6 55 0.5 31
9 52 0.5 31
9 53 0.5 31
9 54 0.5 31
9 55 0.5 31
8 55 0.5 31
7 55 0.5 31
4 63 0.5 31
3 63 0.5 31
1 61 0.5 31
1 62 0.5 31
1 63 0.5 31
55 26 0.5 13
53 25 0.5 13
53 24 0.5 13
53 26 0.5 13
54 25 0.5 13
54 26 0.5 13
55 25 0.5 13
53 21 0.5 13
53 22 0.5 13
53 23 0.5 13
52 26 0.5 13
51 27 0.5 13
51 26 0.5 13
64 33 0.5 18
65 33 0.5 18
63 33 0.5 18
61 31 0.5 18
62 31 0.5 18
60 31 0.5 18
63 32 0.5 18
62 32 0.5 18
60 28 0.5 18
60 29 0.5 18
60 30 0.5 18
62 33 0.5 18
66 33 0.5 18
66 32 0.5 18
66 34 0.5 18
59 30 0.5 18
59 31 0.5 18
62 34 0.5 18
53 75 0.5 19
52 74 0.5 19
52 73 0.5 19
53 74 0.5 19
51 73 0.5 19
53 76 0.5 19
54 77 0.5 19
53 77 0.5 19
52 72 0.5 19
57 77 0.5 19
56 77 0.5 19
55 77 0.5 19
58 79 0.5 19
57 79 0.5 19
57 78 0.5 19
56 78 0.5 19
54 78 0.5 19
55 78 0.5 19
55 79 0.5 19
80 15 0.5 16
80 16 0.5 16
81 16 0.5 16
81 15 0.5 16
82 16 0.5 16
83 16 0.5 16
83 15 0.5 16
79 14 0.5 16
78 14 0.5 16
78 15 0.5 16
77 14 0.5 16
80 14 0.5 16
76 16 0.5 16
76 15 0.5 16
76 14 0.5 16
75 14 0.5 16
64 93 0.5 16
65 93 0.5 16
63 93 0.5 16
62 93 0.5 16
63 94 0.5 16
69 94 0.5 16
69 93 0.5 16
66 94 0.5 16
67 94 0.5 16
68 94 0.5 16
66 93 0.5 16
68 93 0.5 16
70 94 0.5 16
62 94 0.5 16
61 94 0.5 16
60 94 0.5 16
54 69 0.5 3
54 68 0.5 3
54 67 0.5 3
13 11 0.5 44
14 12 0.5 44
13 12 0.5 44
14 13 0.5 44
12 12 0.5 44
11 11 0.5 44
12 11 0.5 44
10 11 0.5 44
10 12 0.5 44
14 8 0.5 44
13 8 0.5 44
14 10 0.5 44
13 10 0.5 44
13 9 0.5 44
14 11 0.5 44
13 7 0.5 44
14 7 0.5 44
15 7 0.5 44
14 6 0.5 44
14 5 0.5 44
13 6 0.5 44
12 5 0.5 44
13 5 0.5 44
11 5 0.5 44
15 11 0.5 44
16 10 0.5 44
16 12 0.5 44
16 11 0.5 44
10 5 0.5 44
10 4 0.5 44
9 4 0.5 44
9 5 0.5 44
8 3 0.5 44
9 3 0.5 44
7 3 0.5 44
14 2 0.5 44
14 3 0.5 44
13 4 0.5 44
14 4 0.5 44
13 2 0.5 44
12 2 0.5 44
12 1 0.5 44
11 2 0.5 44
7 2 0.5 44
11 93 0.5 8
12 93 0.5 8
11 92 0.5 8
12 92 0.5 8
13 93 0.5 8
13 92 0.5 8
14 92 0.5 8
13 94 0.5 8
6 79 0.5 14
8 78 0.5 14
8 79 0.5 14
7 79 0.5 14
8 82 0.5 14
7 82 0.5 14
7 81 0.5 14
7 80 0.5 14
7 83 0.5 14
8 80 0.5 14
9 80 0.5 14
10 80 0.5 14
5 78 0.5 14
6 78 0.5 14
86 25 0.5 41
86 26 0.5 41
85 27 0.5 41
86 27 0.5 41
84 27 0.5 41
87 27 0.5 41
87 26 0.5 41
85 26 0.5 41
89 26 0.5 41
88 26 0.5 41
84 23 0.5 41
84 24 0.5 41
84 25 0.5 41
84 26 0.5 41
85 23 0.5 41
84 29 0.5 41
84 28 0.5 41
86 29 0.5 41
85 29 0.5 41
87 29 0.5 41
89 30 0.5 41
89 31 0.5 41
90 31 0.5 41
90 29 0.5 41
89 29 0.5 41
88 29 0.5 41
92 28 0.5 41
93 28 0.5 41
94 28 0.5 41
94 27 0.5 41
92 29 0.5 41
91 28 0.5 41
90 28 0.5 41
90 27 0.5 41
96 27 0.5 41
95 27 0.5 41
97 29 0.5 41
98 29 0.5 41
96 30 0.5 41
96 29 0.5 41
96 28 0.5 41
90 35 0.5 2
89 35 0.5 2
37 57 0.5 39
38 59 0.5 39
37 58 0.5 39
37 59 0.5 39
44 60 0.5 39
43 60 0.5 39
42 60 0.5 39
41 60 0.5 39
40 60 0.5 39
39 58 0.5 39
40 59 0.5 39
39 59 0.5 39
44 59 0.5 39
44 58 0.5 39
44 57 0.5 39
45 56 0.5 39
45 55 0.5 39
45 57 0.5 39
37 60 0.5 39
44 63 0.5 39
43 63 0.5 39
42 63 0.5 39
42 61 0.5 39
42 62 0.5 39
45 63 0.5 39
44 64 0.5 39
43 64 0.5 39
46 64 0.5 39
46 63 0.5 39
36 56 0.5 39
35 56 0.5 39
37 56 0.5 39
35 58 0.5 39
35 57 0.5 39
34 57 0.5 39
34 56 0.5 39
38 55 0.5 39
38 54 0.5 39
37 55 0.5 39
51 35 0.5 2
51 34 0.5 2
54 55 0.5 15
54 56 0.5 15
55 56 0.5 15
55 55 0.5 15
53 56 0.5 15
56 56 0.5 15
54 57 0.5 15
54 58 0.5 15
55 58 0.5 15
59 56 0.5 15
59 57 0.5 15
57 56 0.5 15
57 57 0.5 15
58 57 0.5 15
57 58 0.5 15
44 33 0.5 1
91 73 0.5 12
91 72 0.5 12
92 74 0.5 12
91 74 0.5 12
92 68 0.5 12
92 69 0.5 12
92 70 0.5 12
93 68 0.5 12
91 69 0.5 12
91 71 0.5 12
92 71 0.5 12
93 71 0.5 12
31 12 0.5 18
31 11 0.5 18
31 10 0.5 18
30 14 0.5 18
30 12 0.5 18
30 13 0.5 18
29 14 0.5 18
28 14 0.5 18
27 14 0.5 18
34 14 0.5 18
34 15 0.5 18
33 14 0.5 18
33 13 0.5 18
34 16 0.5 18
33 16 0.5 18
32 13 0.5 18
32 12 0.5 18
27 13 0.5 18
0 11 0.5 1
19 79 0.5 2
18 79 0.5 2
2 81 0.5 16
0 84 0.5 16
1 82 0.5 16
0 82 0.5 16
0 83 0.5 16
1 81 0.5 16
99 85 0.5 16
0 85 0.5 16
0 86 0.5 16
1 86 0.5 16
1 87 0.5 16
99 83 0.5 16
1 88 0.5 16
1 89 0.5 16
0 90 0.5 16
1 90 0.5 16
26 94 0.5 7
26 95 0.5 7
24 92 0.5 7
24 91 0.5 7
25 94 0.5 7
24 93 0.5 7
25 93 0.5 7
66 81 0.5 2
67 81 0.5 2
38 87 0.5 10
38 86 0.5 10
37 87 0.5 10
37 86 0.5 10
34 87 0.5 10
36 87 0.5 10
35 89 0.5 10
35 88 0.5 10
35 87 0.5 10
35 90 0.5 10
97 34 0.5 3
98 33 0.5 3
97 33 0.5 3
84 12 0.5 2
84 13 0.5 2
82 65 0.5 10
83 65 0.5 10
84 65 0.5 10
79 66 0.5 10
79 65 0.5 10
79 67 0.5 10
81 66 0.5 10
82 66 0.5 10
80 66 0.5 10
78 65 0.5 10
34 0 0.5 2
34 99 0.5 2
96 15 0.5 6
96 14 0.5 6
97 15 0.5 6
95 16 0.5 6
96 16 0.5 6
94 16 0.5 6
58 41 0.5 1
25 17 0.5 2
26 17 0.5 2
53 99 0.5 4
52 0 0.5 4
53 0 0.5 4
51 0 0.5 4
98 94 0.5 7
99 93 0.5 7
99 94 0.5 7
98 96 0.5 7
99 96 0.5 7
98 95 0.5 7
0 96 0.5 7
86 38 0.5 1
33 82 0.5 5
32 83 0.5 5
32 82 0.5 5
30 82 0.5 5
31 82 0.5 5
43 7 0.5 4
44 7 0.5 4
44 6 0.5 4
44 5 0.5 4
35 79 0.5 6
36 79 0.5 6
38 79 0.5 6
37 79 0.5 6
35 78 0.5 6
39 79 0.5 6
74 81 0.5 1
18 39 0.5 1
6 92 0.5 1
26 74 0.5 1
18 93 0.5 1
