67 71 0.5 27
69 71 0.5 27
69 72 0.5 27
68 71 0.5 27
67 70 0.5 27
66 71 0.5 27
69 74 0.5 27
70 73 0.5 27
69 73 0.5 27
65 71 0.5 27
65 72 0.5 27
65 74 0.5 27
65 73 0.5 27
64 72 0.5 27
63 69 0.5 27
63 71 0.5 27
63 72 0.5 27
62 72 0.5 27
63 70 0.5 27
62 73 0.5 27
73 71 0.5 27
73 72 0.5 27
73 73 0.5 27
74 73 0.5 27
72 73 0.5 27
71 74 0.5 27
71 73 0.5 27
0 23 0.5 74
99 23 0.5 74
99 22 0.5 74
5 26 0.5 74
5 27 0.5 74
6 26 0.5 74
4 27 0.5 74
7 26 0.5 74
2 25 0.5 74
2 26 0.5 74
3 26 0.5 74
4 26 0.5 74
1 25 0.5 74
2 27 0.5 74
8 26 0.5 74
9 26 0.5 74
7 25 0.5 74
6 25 0.5 74
11 28 0.5 74
10 28 0.5 74
10 27 0.5 74
10 25 0.5 74
10 26 0.5 74
11 24 0.5 74
11 25 0.5 74
12 29 0.5 74
12 28 0.5 74
2 24 0.5 74
1 24 0.5 74
1 23 0.5 74
15 29 0.5 74
14 29 0.5 74
14 28 0.5 74
13 29 0.5 74
13 30 0.5 74
11 34 0.5 74
11 35 0.5 74
10 38 0.5 74
10 37 0.5 74
10 36 0.5 74
10 35 0.5 74
12 34 0.5 74
12 35 0.5 74
15 31 0.5 74
14 31 0.5 74
15 32 0.5 74
13 31 0.5 74
14 30 0.5 74
16 32 0.5 74
13 32 0.5 74
12 32 0.5 74
12 33 0.5 74
17 33 0.5 74
16 33 0.5 74
16 34 0.5 74
18 33 0.5 74
19 33 0.5 74
20 33 0.5 74
6 28 0.5 74
5 28 0.5 74
6 40 0.5 74
5 40 0.5 74
7 39 0.5 74
8 39 0.5 74
8 40 0.5 74
9 40 0.5 74
7 40 0.5 74
6 39 0.5 74
6 38 0.5 74
6 37 0.5 74
7 37 0.5 74
8 37 0.5 74
9 38 0.5 74
8 38 0.5 74
13 74 0.5 10
12 74 0.5 10
12 72 0.5 10
11 72 0.5 10
12 73 0.5 10
10 75 0.5 10
11 75 0.5 10
9 75 0.5 10
12 75 0.5 10
8 75 0.5 10
94 44 0.5 20
95 44 0.5 20
96 44 0.5 20
93 44 0.5 20
0 44 0.5 20
99 44 0.5 20
99 45 0.5 20
98 45 0.5 20
97 44 0.5 20
98 44 0.5 20
97 43 0.5 20
0 45 0.5 20
94 43 0.5 20
0 47 0.5 20
0 46 0.5 20
1 46 0.5 20
95 40 0.5 20
94 41 0.5 20
94 42 0.5 20
95 41 0.5 20
72 26 0.5 47
70 26 0.5 47
71 26 0.5 47
73 26 0.5 47
75 26 0.5 47
74 26 0.5 47
75 25 0.5 47
74 27 0.5 47
74 28 0.5 47
67 26 0.5 47
67 25 0.5 47
69 26 0.5 47
68 26 0.5 47
68 25 0.5 47
68 24 0.5 47
75 24 0.5 47
66 22 0.5 47
68 23 0.5 47
67 23 0.5 47
66 23 0.5 47
67 24 0.5 47
65 22 0.5 47
68 22 0.5 47
61 20 0.5 47
61 18 0.5 47
62 18 0.5 47
62 20 0.5 47
62 19 0.5 47
63 21 0.5 47
63 20 0.5 47
64 20 0.5 47
65 20 0.5 47
65 19 0.5 47
64 18 0.5 47
65 18 0.5 47
66 18 0.5 47
61 21 0.5 47
66 20 0.5 47
67 20 0.5 47
70 20 0.5 47
69 20 0.5 47
68 20 0.5 47
60 17 0.5 47
58 17 0.5 47
59 17 0.5 47
60 18 0.5 47
66 21 0.5 47
21 57 0.5 39
21 56 0.5 39
19 57 0.5 39
19 58 0.5 39
20 57 0.5 39
18 54 0.5 39
19 56 0.5 39
19 54 0.5 39
19 55 0.5 39
20 62 0.5 39
21 62 0.5 39
19 62 0.5 39
18 63 0.5 39
19 63 0.5 39
20 63 0.5 39
21 60 0.5 39
20 60 0.5 39
19 61 0.5 39
19 60 0.5 39
18 59 0.5 39
18 60 0.5 39
22 62 0.5 39
22 61 0.5 39
22 63 0.5 39
23 62 0.5 39
22 60 0.5 39
23 60 0.5 39
24 63 0.5 39
25 63 0.5 39
23 63 0.5 39
24 62 0.5 39
24 59 0.5 39
23 59 0.5 39
22 57 0.5 39
23 57 0.5 39
23 58 0.5 39
22 58 0.5 39
18 53 0.5 39
17 59 0.5 39
77 42 0.5 65
78 42 0.5 65
78 43 0.5 65
76 41 0.5 65
75 41 0.5 65
76 42 0.5 65
76 40 0.5 65
78 41 0.5 65
79 41 0.5 65
80 41 0.5 65
81 41 0.5 65
82 41 0.5 65
80 42 0.5 65
83 41 0.5 65
83 42 0.5 65
82 42 0.5 65
82 43 0.5 65
84 41 0.5 65
84 40 0.5 65
74 43 0.5 65
74 44 0.5 65
73 44 0.5 65
75 43 0.5 65
76 45 0.5 65
76 44 0.5 65
75 45 0.5 65
74 45 0.5 65
77 45 0.5 65
76 46 0.5 65
74 42 0.5 65
75 42 0.5 65
74 48 0.5 65
75 48 0.5 65
73 48 0.5 65
73 49 0.5 65
73 50 0.5 65
73 51 0.5 65
72 52 0.5 65
72 53 0.5 65
72 51 0.5 65
73 54 0.5 65
72 54 0.5 65
71 50 0.5 65
72 50 0.5 65
73 47 0.5 65
73 46 0.5 65
73 45 0.5 65
72 45 0.5 65
68 59 0.5 65
69 59 0.5 65
69 61 0.5 65
69 60 0.5 65
70 60 0.5 65
67 59 0.5 65
71 60 0.5 65
72 60 0.5 65
73 60 0.5 65
74 57 0.5 65
74 56 0.5 65
74 55 0.5 65
73 55 0.5 65
74 59 0.5 65
73 59 0.5 65
74 58 0.5 65
75 55 0.5 65
34 69 0.5 6
35 69 0.5 6
36 69 0.5 6
36 70 0.5 6
33 69 0.5 6
33 68 0.5 6
88 85 0.5 43
88 86 0.5 43
88 84 0.5 43
90 85 0.5 43
90 86 0.5 43
90 84 0.5 43
89 86 0.5 43
90 83 0.5 43
88 83 0.5 43
89 83 0.5 43
88 81 0.5 43
88 82 0.5 43
89 81 0.5 43
87 83 0.5 43
87 82 0.5 43
90 91 0.5 43
91 91 0.5 43
89 91 0.5 43
89 90 0.5 43
90 92 0.5 43
87 89 0.5 43
88 89 0.5 43
88 88 0.5 43
89 89 0.5 43
88 87 0.5 43
89 87 0.5 43
92 91 0.5 43
85 80 0.5 43
85 79 0.5 43
84 78 0.5 43
85 78 0.5 43
85 81 0.5 43
85 82 0.5 43
84 81 0.5 43
86 82 0.5 43
86 86 0.5 43
86 85 0.5 43
85 85 0.5 43
84 83 0.5 43
85 83 0.5 43
84 84 0.5 43
84 85 0.5 43
83 83 0.5 43
40 19 0.5 55
40 18 0.5 55
39 18 0.5 55
36 19 0.5 55
36 18 0.5 55
37 18 0.5 55
38 18 0.5 55
35 19 0.5 55
34 19 0.5 55
34 20 0.5 55
34 18 0.5 55
32 21 0.5 55
32 22 0.5 55
34 21 0.5 55
33 21 0.5 55
33 19 0.5 55
31 21 0.5 55
40 20 0.5 55
40 21 0.5 55
35 27 0.5 55
36 26 0.5 55
35 26 0.5 55
34 26 0.5 55
34 22 0.5 55
34 24 0.5 55
34 23 0.5 55
34 25 0.5 55
35 25 0.5 55
33 23 0.5 55
43 25 0.5 55
43 24 0.5 55
41 24 0.5 55
42 24 0.5 55
44 24 0.5 55
41 25 0.5 55
41 26 0.5 55
40 25 0.5 55
41 23 0.5 55
41 22 0.5 55
41 21 0.5 55
43 9 0.5 55
43 10 0.5 55
44 10 0.5 55
41 12 0.5 55
42 12 0.5 55
42 13 0.5 55
43 12 0.5 55
43 11 0.5 55
42 19 0.5 55
42 17 0.5 55
41 18 0.5 55
42 18 0.5 55
42 16 0.5 55
42 15 0.5 55
42 14 0.5 55
25 47 0.5 38
24 47 0.5 38
24 48 0.5 38
26 48 0.5 38
26 47 0.5 38
27 48 0.5 38
26 49 0.5 38
29 48 0.5 38
29 47 0.5 38
28 48 0.5 38
28 49 0.5 38
28 50 0.5 38
27 49 0.5 38
25 46 0.5 38
24 46 0.5 38
31 44 0.5 38
32 44 0.5 38
30 44 0.5 38
31 43 0.5 38
30 46 0.5 38
30 45 0.5 38
29 46 0.5 38
28 46 0.5 38
36 42 0.5 38
36 43 0.5 38
37 42 0.5 38
33 43 0.5 38
34 43 0.5 38
35 43 0.5 38
33 44 0.5 38
33 45 0.5 38
32 45 0.5 38
35 41 0.5 38
36 41 0.5 38
34 41 0.5 38
34 40 0.5 38
33 40 0.5 38
35 40 0.5 38
85 4 0.5 60
85 5 0.5 60
84 4 0.5 60
84 3 0.5 60
82 4 0.5 60
83 5 0.5 60
82 5 0.5 60
83 4 0.5 60
84 2 0.5 60
88 5 0.5 60
88 6 0.5 60
87 5 0.5 60
86 5 0.5 60
86 6 0.5 60
92 4 0.5 60
91 4 0.5 60
91 3 0.5 60
90 3 0.5 60
89 3 0.5 60
89 4 0.5 60
88 4 0.5 60
88 2 0.5 60
87 2 0.5 60
86 2 0.5 60
85 2 0.5 60
87 1 0.5 60
87 0 0.5 60
85 1 0.5 60
85 0 0.5 60
87 97 0.5 60
87 98 0.5 60
87 99 0.5 60
86 97 0.5 60
86 96 0.5 60
84 95 0.5 60
85 95 0.5 60
85 97 0.5 60
85 96 0.5 60
94 7 0.5 60
93 7 0.5 60
92 7 0.5 60
96 5 0.5 60
96 6 0.5 60
96 4 0.5 60
97 4 0.5 60
94 6 0.5 60
95 6 0.5 60
97 3 0.5 60
92 6 0.5 60
92 5 0.5 60
97 2 0.5 60
91 6 0.5 60
98 3 0.5 60
99 3 0.5 60
94 8 0.5 60
98 4 0.5 60
90 8 0.5 60
90 7 0.5 60
90 6 0.5 60
94 9 0.5 60
43 49 0.5 16
43 48 0.5 16
43 46 0.5 16
43 47 0.5 16
42 45 0.5 16
42 46 0.5 16
46 45 0.5 16
47 45 0.5 16
47 44 0.5 16
46 46 0.5 16
46 47 0.5 16
47 47 0.5 16
48 47 0.5 16
44 47 0.5 16
45 47 0.5 16
47 43 0.5 16
26 3 0.5 30
25 3 0.5 30
26 4 0.5 30
25 4 0.5 30
26 2 0.5 30
25 1 0.5 30
25 2 0.5 30
24 1 0.5 30
23 1 0.5 30
26 1 0.5 30
25 0 0.5 30
24 0 0.5 30
23 0 0.5 30
27 3 0.5 30
22 9 0.5 30
22 8 0.5 30
23 7 0.5 30
23 8 0.5 30
24 6 0.5 30
23 6 0.5 30
24 5 0.5 30
25 5 0.5 30
27 6 0.5 30
28 7 0.5 30
27 7 0.5 30
29 7 0.5 30
30 7 0.5 30
26 5 0.5 30
26 6 0.5 30
25 6 0.5 30
89 56 0.5 38
90 56 0.5 38
91 56 0.5 38
91 55 0.5 38
88 56 0.5 38
92 55 0.5 38
89 55 0.5 38
86 58 0.5 38
86 57 0.5 38
87 57 0.5 38
86 61 0.5 38
86 59 0.5 38
86 60 0.5 38
87 56 0.5 38
92 54 0.5 38
90 58 0.5 38
90 57 0.5 38
90 59 0.5 38
91 59 0.5 38
92 59 0.5 38
89 58 0.5 38
91 54 0.5 38
91 52 0.5 38
91 53 0.5 38
92 53 0.5 38
89 52 0.5 38
90 52 0.5 38
86 62 0.5 38
86 63 0.5 38
96 54 0.5 38
95 54 0.5 38
94 54 0.5 38
95 53 0.5 38
96 55 0.5 38
93 52 0.5 38
93 53 0.5 38
93 54 0.5 38
97 54 0.5 38
48 94 0.5 24
47 94 0.5 24
46 93 0.5 24
47 93 0.5 24
47 92 0.5 24
46 89 0.5 24
48 89 0.5 24
48 90 0.5 24
47 89 0.5 24
49 90 0.5 24
48 91 0.5 24
47 91 0.5 24
45 89 0.5 24
42 91 0.5 24
42 92 0.5 24
42 94 0.5 24
42 93 0.5 24
44 94 0.5 24
43 94 0.5 24
44 93 0.5 24
45 92 0.5 24
45 93 0.5 24
41 94 0.5 24
41 93 0.5 24
8 57 0.5 31
7 57 0.5 31
9 58 0.5 31
9 57 0.5 31
4 59 0.5 31
3 59 0.5 31
3 60 0.5 31
4 60 0.5 31
2 60 0.5 31
2 62 0.5 31
2 61 0.5 31
3 63 0.5 31
4 62 0.5 31
3 62 0.5 31
5 59 0.5 31
5 58 0.5 31
5 57 0.5 31
5 62 0.5 31
6 57 0.5 31
6 56 0.5 31
9 53 0.5 31
9 54 0.5 31
9 55 0.5 31
9 56 0.5 31
8 56 0.5 31
7 56 0.5 31
4 64 0.5 31
3 64 0.5 31
1 62 0.5 31
1 63 0.5 31
1 64 0.5 31
55 25 0.5 13
53 24 0.5 13
53 23 0.5 13
53 25 0.5 13
54 24 0.5 13
54 25 0.5 13
55 24 0.5 13
53 20 0.5 13
53 21 0.5 13
53 22 0.5 13
52 25 0.5 13
51 26 0.5 13
51 25 0.5 13
64 32 0.5 18
65 32 0.5 18
63 32 0.5 18
61 30 0.5 18
62 30 0.5 18
60 30 0.5 18
63 31 0.5 18
62 31 0.5 18
60 27 0.5 18
60 28 0.5 18
60 29 0.5 18
62 32 0.5 18
66 32 0.5 18
66 31 0.5 18
66 33 0.5 18
59 29 0.5 18
59 30 0.5 18
62 33 0.5 18
53 74 0.5 19
52 73 0.5 19
52 72 0.5 19
53 73 0.5 19
51 72 0.5 19
53 75 0.5 19
54 76 0.5 19
53 76 0.5 19
52 71 0.5 19
57 76 0.5 19
56 76 0.5 19
55 76 0.5 19
58 78 0.5 19
57 78 0.5 19
57 77 0.5 19
56 77 0.5 19
54 77 0.5 19
55 77 0.5 19
55 78 0.5 19
81 15 0.5 16
81 16 0.5 16
82 16 0.5 16
82 15 0.5 16
83 16 0.5 16
84 16 0.5 16
84 15 0.5 16
80 14 0.5 16
79 14 0.5 16
79 15 0.5 16
78 14 0.5 16
81 14 0.5 16
77 16 0.5 16
77 15 0.5 16
77 14 0.5 16
76 14 0.5 16
63 93 0.5 16
64 93 0.5 16
62 93 0.5 16
61 93 0.5 16
62 94 0.5 16
68 94 0.5 16
68 93 0.5 16
65 94 0.5 16
66 94 0.5 16
67 94 0.5 16
65 93 0.5 16
67 93 0.5 16
69 94 0.5 16
61 94 0.5 16
60 94 0.5 16
59 94 0.5 16
53 69 0.5 3
53 68 0.5 3
53 67 0.5 3
12 11 0.5 44
13 12 0.5 44
12 12 0.5 44
13 13 0.5 44
11 12 0.5 44
10 11 0.5 44
11 11 0.5 44
9 11 0.5 44
9 12 0.5 44
13 8 0.5 44
12 8 0.5 44
13 10 0.5 44
12 10 0.5 44
12 9 0.5 44
13 11 0.5 44
12 7 0.5 44
13 7 0.5 44
14 7 0.5 44
13 6 0.5 44
13 5 0.5 44
12 6 0.5 44
11 5 0.5 44
12 5 0.5 44
10 5 0.5 44
14 11 0.5 44
15 10 0.5 44
15 12 0.5 44
15 11 0.5 44
9 5 0.5 44
9 4 0.5 44
8 4 0.5 44
8 5 0.5 44
7 3 0.5 44
8 3 0.5 44
6 3 0.5 44
13 2 0.5 44
13 3 0.5 44
12 4 0.5 44
13 4 0.5 44
12 2 0.5 44
11 2 0.5 44
11 1 0.5 44
10 2 0.5 44
6 2 0.5 44
11 94 0.5 8
12 94 0.5 8
11 93 0.5 8
12 93 0.5 8
13 94 0.5 8
13 93 0.5 8
14 93 0.5 8
13 95 0.5 8
6 80 0.5 14
8 79 0.5 14
8 80 0.5 14
7 80 0.5 14
8 83 0.5 14
7 83 0.5 14
7 82 0.5 14
7 81 0.5 14
7 84 0.5 14
8 81 0.5 14
9 81 0.5 14
10 81 0.5 14
5 79 0.5 14
6 79 0.5 14
86 24 0.5 41
86 25 0.5 41
85 26 0.5 41
86 26 0.5 41
84 26 0.5 41
87 26 0.5 41
87 25 0.5 41
85 25 0.5 41
89 25 0.5 41
88 25 0.5 41
84 22 0.5 41
84 23 0.5 41
84 24 0.5 41
84 25 0.5 41
85 22 0.5 41
84 28 0.5 41
84 27 0.5 41
86 28 0.5 41
85 28 0.5 41
87 28 0.5 41
89 29 0.5 41
89 30 0.5 41
90 30 0.5 41
90 28 0.5 41
89 28 0.5 41
88 28 0.5 41
92 27 0.5 41
93 27 0.5 41
94 27 0.5 41
94 26 0.5 41
92 28 0.5 41
91 27 0.5 41
90 27 0.5 41
90 26 0.5 41
96 26 0.5 41
95 26 0.5 41
97 28 0.5 41
98 28 0.5 41
96 29 0.5 41
96 28 0.5 41
96 27 0.5 41
89 35 0.5 2
88 35 0.5 2
37 56 0.5 39
38 58 0.5 39
37 57 0.5 39
37 58 0.5 39
44 59 0.5 39
43 59 0.5 39
42 59 0.5 39
41 59 0.5 39
40 59 0.5 39
39 57 0.5 39
40 58 0.5 39
39 58 0.5 39
44 58 0.5 39
44 57 0.5 39
44 56 0.5 39
45 55 0.5 39
45 54 0.5 39
45 56 0.5 39
37 59 0.5 39
44 62 0.5 39
43 62 0.5 39
42 62 0.5 39
42 60 0.5 39
42 61 0.5 39
45 62 0.5 39
44 63 0.5 39
43 63 0.5 39
46 63 0.5 39
46 62 0.5 39
36 55 0.5 39
35 55 0.5 39
37 55 0.5 39
35 57 0.5 39
35 56 0.5 39
34 56 0.5 39
34 55 0.5 39
38 54 0.5 39
38 53 0.5 39
37 54 0.5 39
51 34 0.5 2
51 33 0.5 2
53 55 0.5 15
53 56 0.5 15
54 56 0.5 15
54 55 0.5 15
52 56 0.5 15
55 56 0.5 15
53 57 0.5 15
53 58 0.5 15
54 58 0.5 15
58 56 0.5 15
58 57 0.5 15
56 56 0.5 15
56 57 0.5 15
57 57 0.5 15
56 58 0.5 15
44 34 0.5 1
91 74 0.5 12
91 73 0.5 12
92 75 0.5 12
91 75 0.5 12
92 69 0.5 12
92 70 0.5 12
92 71 0.5 12
93 69 0.5 12
91 70 0.5 12
91 72 0.5 12
92 72 0.5 12
93 72 0.5 12
32 12 0.5 18
32 11 0.5 18
32 10 0.5 18
31 14 0.5 18
31 12 0.5 18
31 13 0.5 18
30 14 0.5 18
29 14 0.5 18
28 14 0.5 18
35 14 0.5 18
35 15 0.5 18
34 14 0.5 18
34 13 0.5 18
35 16 0.5 18
34 16 0.5 18
33 13 0.5 18
33 12 0.5 18
28 13 0.5 18
0 12 0.5 1
19 78 0.5 2
18 78 0.5 2
2 80 0.5 16
0 83 0.5 16
1 81 0.5 16
0 81 0.5 16
0 82 0.5 16
1 80 0.5 16
99 84 0.5 16
0 84 0.5 16
0 85 0.5 16
1 85 0.5 16
1 86 0.5 16
99 82 0.5 16
1 87 0.5 16
1 88 0.5 16
0 89 0.5 16
1 89 0.5 16
26 95 0.5 7
26 96 0.5 7
24 93 0.5 7
24 92 0.5 7
25 95 0.5 7
24 94 0.5 7
25 94 0.5 7
66 80 0.5 2
67 80 0.5 2
39 87 0.5 10
39 86 0.5 10
38 87 0.5 10
38 86 0.5 10
35 87 0.5 10
37 87 0.5 10
36 89 0.5 10
36 88 0.5 10
36 87 0.5 10
36 90 0.5 10
97 35 0.5 3
98 34 0.5 3
97 34 0.5 3
83 12 0.5 2
83 13 0.5 2
83 65 0.5 10
84 65 0.5 10
85 65 0.5 10
80 66 0.5 10
80 65 0.5 10
80 67 0.5 10
82 66 0.5 10
83 66 0.5 10
81 66 0.5 10
79 65 0.5 10
35 0 0.5 2
35 99 0.5 2
96 16 0.5 6
96 15 0.5 6
97 16 0.5 6
95 17 0.5 6
96 17 0.5 6
94 17 0.5 6
58 40 0.5 1
25 18 0.5 2
26 18 0.5 2
53 0 0.5 4
52 1 0.5 4
53 1 0.5 4
51 1 0.5 4
98 95 0.5 7
99 94 0.5 7
99 95 0.5 7
98 97 0.5 7
99 97 0.5 7
98 96 0.5 7
0 97 0.5 7
86 39 0.5 1
34 82 0.5 5
33 83 0.5 5
33 82 0.5 5
31 82 0.5 5
32 82 0.5 5
43 6 0.5 4
44 6 0.5 4
44 5 0.5 4
44 4 0.5 4
35 80 0.5 6
36 80 0.5 6
38 80 0.5 6
37 80 0.5 6
35 79 0.5 6
39 80 0.5 6
74 80 0.5 1
19 39 0.5 1
6 93 0.5 1
27 74 0.5 1
18 94 0.5 1
