66 71 0.5 27
68 71 0.5 27
68 72 0.5 27
67 71 0.5 27
66 70 0.5 27
65 71 0.5 27
68 74 0.5 27
69 73 0.5 27
68 73 0.5 27
64 71 0.5 27
64 72 0.5 27
64 74 0.5 27
64 73 0.5 27
63 72 0.5 27
62 69 0.5 27
62 71 0.5 27
62 72 0.5 27
61 72 0.5 27
62 70 0.5 27
61 73 0.5 27
72 71 0.5 27
72 72 0.5 27
72 73 0.5 27
73 73 0.5 27
71 73 0.5 27
70 74 0.5 27
70 73 0.5 27
99 23 0.5 74
98 23 0.5 74
98 22 0.5 74
4 26 0.5 74
4 27 0.5 74
5 26 0.5 74
3 27 0.5 74
6 26 0.5 74
1 25 0.5 74
1 26 0.5 74
2 26 0.5 74
3 26 0.5 74
0 25 0.5 74
1 27 0.5 74
7 26 0.5 74
8 26 0.5 74
6 25 0.5 74
5 25 0.5 74
10 28 0.5 74
9 28 0.5 74
9 27 0.5 74
9 25 0.5 74
9 26 0.5 74
10 24 0.5 74
10 25 0.5 74
11 29 0.5 74
11 28 0.5 74
1 24 0.5 74
0 24 0.5 74
0 23 0.5 74
14 29 0.5 74
13 29 0.5 74
13 28 0.5 74
12 29 0.5 74
12 30 0.5 74
10 34 0.5 74
10 35 0.5 74
9 38 0.5 74
9 37 0.5 74
9 36 0.5 74
9 35 0.5 74
11 34 0.5 74
11 35 0.5 74
14 31 0.5 74
13 31 0.5 74
14 32 0.5 74
12 31 0.5 74
13 30 0.5 74
15 32 0.5 74
12 32 0.5 74
11 32 0.5 74
11 33 0.5 74
16 33 0.5 74
15 33 0.5 74
15 34 0.5 74
17 33 0.5 74
18 33 0.5 74
19 33 0.5 74
5 28 0.5 74
4 28 0.5 74
5 40 0.5 74
4 40 0.5 74
6 39 0.5 74
7 39 0.5 74
7 40 0.5 74
8 40 0.5 74
6 40 0.5 74
5 39 0.5 74
5 38 0.5 74
5 37 0.5 74
6 37 0.5 74
7 37 0.5 74
8 38 0.5 74
7 38 0.5 74
12 74 0.5 10
11 74 0.5 10
11 72 0.5 10
10 72 0.5 10
11 73 0.5 10
9 75 0.5 10
10 75 0.5 10
8 75 0.5 10
11 75 0.5 10
7 75 0.5 10
94 45 0.5 20
95 45 0.5 20
96 45 0.5 20
93 45 0.5 20
0 45 0.5 20
99 45 0.5 20
99 46 0.5 20
98 46 0.5 20
97 45 0.5 20
98 45 0.5 20
97 44 0.5 20
0 46 0.5 20
94 44 0.5 20
0 48 0.5 20
0 47 0.5 20
1 47 0.5 20
95 41 0.5 20
94 42 0.5 20
94 43 0.5 20
95 42 0.5 20
71 26 0.5 47
69 26 0.5 47
70 26 0.5 47
72 26 0.5 47
74 26 0.5 47
73 26 0.5 47
74 25 0.5 47
73 27 0.5 47
73 28 0.5 47
66 26 0.5 47
66 25 0.5 47
68 26 0.5 47
67 26 0.5 47
67 25 0.5 47
67 24 0.5 47
74 24 0.5 47
65 22 0.5 47
67 23 0.5 47
66 23 0.5 47
65 23 0.5 47
66 24 0.5 47
64 22 0.5 47
67 22 0.5 47
60 20 0.5 47
60 18 0.5 47
61 18 0.5 47
61 20 0.5 47
61 19 0.5 47
62 21 0.5 47
62 20 0.5 47
63 20 0.5 47
64 20 0.5 47
64 19 0.5 47
63 18 0.5 47
64 18 0.5 47
65 18 0.5 47
60 21 0.5 47
65 20 0.5 47
66 20 0.5 47
69 20 0.5 47
68 20 0.5 47
67 20 0.5 47
59 17 0.5 47
57 17 0.5 47
58 17 0.5 47
59 18 0.5 47
65 21 0.5 47
20 57 0.5 39
20 56 0.5 39
18 57 0.5 39
18 58 0.5 39
19 57 0.5 39
17 54 0.5 39
18 56 0.5 39
18 54 0.5 39
18 55 0.5 39
19 62 0.5 39
20 62 0.5 39
18 62 0.5 39
17 63 0.5 39
18 63 0.5 39
19 63 0.5 39
20 60 0.5 39
19 60 0.5 39
18 61 0.5 39
18 60 0.5 39
17 59 0.5 39
17 60 0.5 39
21 62 0.5 39
21 61 0.5 39
21 63 0.5 39
22 62 0.5 39
21 60 0.5 39
22 60 0.5 39
23 63 0.5 39
24 63 0.5 39
22 63 0.5 39
23 62 0.5 39
23 59 0.5 39
22 59 0.5 39
21 57 0.5 39
22 57 0.5 39
22 58 0.5 39
21 58 0.5 39
17 53 0.5 39
16 59 0.5 39
77 43 0.5 65
78 43 0.5 65
78 44 0.5 65
76 42 0.5 65
75 42 0.5 65
76 43 0.5 65
76 41 0.5 65
78 42 0.5 65
79 42 0.5 65
80 42 0.5 65
81 42 0.5 65
82 42 0.5 65
80 43 0.5 65
83 42 0.5 65
83 43 0.5 65
82 43 0.5 65
82 44 0.5 65
84 42 0.5 65
84 41 0.5 65
74 44 0.5 65
74 45 0.5 65
73 45 0.5 65
75 44 0.5 65
76 46 0.5 65
76 45 0.5 65
75 46 0.5 65
74 46 0.5 65
77 46 0.5 65
76 47 0.5 65
74 43 0.5 65
75 43 0.5 65
74 49 0.5 65
75 49 0.5 65
73 49 0.5 65
73 50 0.5 65
73 51 0.5 65
73 52 0.5 65
72 53 0.5 65
72 54 0.5 65
72 52 0.5 65
73 55 0.5 65
72 55 0.5 65
71 51 0.5 65
72 51 0.5 65
73 48 0.5 65
73 47 0.5 65
73 46 0.5 65
72 46 0.5 65
68 60 0.5 65
69 60 0.5 65
69 62 0.5 65
69 61 0.5 65
70 61 0.5 65
67 60 0.5 65
71 61 0.5 65
72 61 0.5 65
73 61 0.5 65
74 58 0.5 65
74 57 0.5 65
74 56 0.5 65
73 56 0.5 65
74 60 0.5 65
73 60 0.5 65
74 59 0.5 65
75 56 0.5 65
34 70 0.5 6
35 70 0.5 6
36 70 0.5 6
36 71 0.5 6
33 70 0.5 6
33 69 0.5 6
89 85 0.5 43
89 86 0.5 43
89 84 0.5 43
91 85 0.5 43
91 86 0.5 43
91 84 0.5 43
90 86 0.5 43
91 83 0.5 43
89 83 0.5 43
90 83 0.5 43
89 81 0.5 43
89 82 0.5 43
90 81 0.5 43
88 83 0.5 43
88 82 0.5 43
91 91 0.5 43
92 91 0.5 43
90 91 0.5 43
90 90 0.5 43
91 92 0.5 43
88 89 0.5 43
89 89 0.5 43
89 88 0.5 43
90 89 0.5 43
89 87 0.5 43
90 87 0.5 43
93 91 0.5 43
86 80 0.5 43
86 79 0.5 43
85 78 0.5 43
86 78 0.5 43
86 81 0.5 43
86 82 0.5 43
85 81 0.5 43
87 82 0.5 43
87 86 0.5 43
87 85 0.5 43
86 85 0.5 43
85 83 0.5 43
86 83 0.5 43
85 84 0.5 43
85 85 0.5 43
84 83 0.5 43
40 18 0.5 73
40 17 0.5 73
39 17 0.5 73
36 18 0.5 73
36 17 0.5 73
37 17 0.5 73
38 17 0.5 73
35 18 0.5 73
34 18 0.5 73
34 19 0.5 73
34 17 0.5 73
32 20 0.5 73
32 21 0.5 73
34 20 0.5 73
33 20 0.5 73
33 18 0.5 73
31 20 0.5 73
40 19 0.5 73
40 20 0.5 73
35 26 0.5 73
36 25 0.5 73
35 25 0.5 73
34 25 0.5 73
34 21 0.5 73
34 23 0.5 73
34 22 0.5 73
34 24 0.5 73
35 24 0.5 73
33 22 0.5 73
43 24 0.5 73
43 23 0.5 73
41 23 0.5 73
42 23 0.5 73
44 23 0.5 73
41 24 0.5 73
41 25 0.5 73
40 24 0.5 73
41 22 0.5 73
41 21 0.5 73
41 20 0.5 73
43 8 0.5 73
43 9 0.5 73
44 9 0.5 73
41 11 0.5 73
42 11 0.5 73
42 12 0.5 73
43 11 0.5 73
43 10 0.5 73
42 18 0.5 73
42 16 0.5 73
41 17 0.5 73
42 17 0.5 73
42 15 0.5 73
42 14 0.5 73
42 13 0.5 73
32 12 0.5 73
32 11 0.5 73
32 10 0.5 73
31 14 0.5 73
31 12 0.5 73
31 13 0.5 73
30 14 0.5 73
29 14 0.5 73
28 14 0.5 73
35 14 0.5 73
35 15 0.5 73
34 14 0.5 73
34 13 0.5 73
35 16 0.5 73
34 16 0.5 73
33 13 0.5 73
33 12 0.5 73
28 13 0.5 73
24 47 0.5 38
23 47 0.5 38
23 48 0.5 38
25 48 0.5 38
25 47 0.5 38
26 48 0.5 38
25 49 0.5 38
28 48 0.5 38
28 47 0.5 38
27 48 0.5 38
27 49 0.5 38
27 50 0.5 38
26 49 0.5 38
24 46 0.5 38
23 46 0.5 38
30 44 0.5 38
31 44 0.5 38
29 44 0.5 38
30 43 0.5 38
29 46 0.5 38
29 45 0.5 38
28 46 0.5 38
27 46 0.5 38
35 42 0.5 38
35 43 0.5 38
36 42 0.5 38
32 43 0.5 38
33 43 0.5 38
34 43 0.5 38
32 44 0.5 38
32 45 0.5 38
31 45 0.5 38
34 41 0.5 38
35 41 0.5 38
33 41 0.5 38
33 40 0.5 38
32 40 0.5 38
34 40 0.5 38
86 4 0.5 60
86 5 0.5 60
85 4 0.5 60
85 3 0.5 60
83 4 0.5 60
84 5 0.5 60
83 5 0.5 60
84 4 0.5 60
85 2 0.5 60
89 5 0.5 60
89 6 0.5 60
88 5 0.5 60
87 5 0.5 60
87 6 0.5 60
93 4 0.5 60
92 4 0.5 60
92 3 0.5 60
91 3 0.5 60
90 3 0.5 60
90 4 0.5 60
89 4 0.5 60
89 2 0.5 60
88 2 0.5 60
87 2 0.5 60
86 2 0.5 60
88 1 0.5 60
88 0 0.5 60
86 1 0.5 60
86 0 0.5 60
88 97 0.5 60
88 98 0.5 60
88 99 0.5 60
87 97 0.5 60
87 96 0.5 60
85 95 0.5 60
86 95 0.5 60
86 97 0.5 60
86 96 0.5 60
95 7 0.5 60
94 7 0.5 60
93 7 0.5 60
97 5 0.5 60
97 6 0.5 60
97 4 0.5 60
98 4 0.5 60
95 6 0.5 60
96 6 0.5 60
98 3 0.5 60
93 6 0.5 60
93 5 0.5 60
98 2 0.5 60
92 6 0.5 60
99 3 0.5 60
0 3 0.5 60
95 8 0.5 60
99 4 0.5 60
91 8 0.5 60
91 7 0.5 60
91 6 0.5 60
95 9 0.5 60
43 50 0.5 16
43 49 0.5 16
43 47 0.5 16
43 48 0.5 16
42 46 0.5 16
42 47 0.5 16
46 46 0.5 16
47 46 0.5 16
47 45 0.5 16
46 47 0.5 16
46 48 0.5 16
47 48 0.5 16
48 48 0.5 16
44 48 0.5 16
45 48 0.5 16
47 44 0.5 16
27 3 0.5 30
26 3 0.5 30
27 4 0.5 30
26 4 0.5 30
27 2 0.5 30
26 1 0.5 30
26 2 0.5 30
25 1 0.5 30
24 1 0.5 30
27 1 0.5 30
26 0 0.5 30
25 0 0.5 30
24 0 0.5 30
28 3 0.5 30
23 9 0.5 30
23 8 0.5 30
24 7 0.5 30
24 8 0.5 30
25 6 0.5 30
24 6 0.5 30
25 5 0.5 30
26 5 0.5 30
28 6 0.5 30
29 7 0.5 30
28 7 0.5 30
30 7 0.5 30
31 7 0.5 30
27 5 0.5 30
27 6 0.5 30
26 6 0.5 30
90 56 0.5 38
91 56 0.5 38
92 56 0.5 38
92 55 0.5 38
89 56 0.5 38
93 55 0.5 38
90 55 0.5 38
87 58 0.5 38
87 57 0.5 38
88 57 0.5 38
87 61 0.5 38
87 59 0.5 38
87 60 0.5 38
88 56 0.5 38
93 54 0.5 38
91 58 0.5 38
91 57 0.5 38
91 59 0.5 38
92 59 0.5 38
93 59 0.5 38
90 58 0.5 38
92 54 0.5 38
92 52 0.5 38
92 53 0.5 38
93 53 0.5 38
90 52 0.5 38
91 52 0.5 38
87 62 0.5 38
87 63 0.5 38
97 54 0.5 38
96 54 0.5 38
95 54 0.5 38
96 53 0.5 38
97 55 0.5 38
94 52 0.5 38
94 53 0.5 38
94 54 0.5 38
98 54 0.5 38
49 94 0.5 24
48 94 0.5 24
47 93 0.5 24
48 93 0.5 24
48 92 0.5 24
47 89 0.5 24
49 89 0.5 24
49 90 0.5 24
48 89 0.5 24
50 90 0.5 24
49 91 0.5 24
48 91 0.5 24
46 89 0.5 24
43 91 0.5 24
43 92 0.5 24
43 94 0.5 24
43 93 0.5 24
45 94 0.5 24
44 94 0.5 24
45 93 0.5 24
46 92 0.5 24
46 93 0.5 24
42 94 0.5 24
42 93 0.5 24
9 57 0.5 31
8 57 0.5 31
10 58 0.5 31
10 57 0.5 31
5 59 0.5 31
4 59 0.5 31
4 60 0.5 31
5 60 0.5 31
3 60 0.5 31
3 62 0.5 31
3 61 0.5 31
4 63 0.5 31
5 62 0.5 31
4 62 0.5 31
6 59 0.5 31
6 58 0.5 31
6 57 0.5 31
6 62 0.5 31
7 57 0.5 31
7 56 0.5 31
10 53 0.5 31
10 54 0.5 31
10 55 0.5 31
10 56 0.5 31
9 56 0.5 31
8 56 0.5 31
5 64 0.5 31
4 64 0.5 31
2 62 0.5 31
2 63 0.5 31
2 64 0.5 31
55 24 0.5 13
53 23 0.5 13
53 22 0.5 13
53 24 0.5 13
54 23 0.5 13
54 24 0.5 13
55 23 0.5 13
53 19 0.5 13
53 20 0.5 13
53 21 0.5 13
52 24 0.5 13
51 25 0.5 13
51 24 0.5 13
63 32 0.5 18
64 32 0.5 18
62 32 0.5 18
60 30 0.5 18
61 30 0.5 18
59 30 0.5 18
62 31 0.5 18
61 31 0.5 18
59 27 0.5 18
59 28 0.5 18
59 29 0.5 18
61 32 0.5 18
65 32 0.5 18
65 31 0.5 18
65 33 0.5 18
58 29 0.5 18
58 30 0.5 18
61 33 0.5 18
54 74 0.5 19
53 73 0.5 19
53 72 0.5 19
54 73 0.5 19
52 72 0.5 19
54 75 0.5 19
55 76 0.5 19
54 76 0.5 19
53 71 0.5 19
58 76 0.5 19
57 76 0.5 19
56 76 0.5 19
59 78 0.5 19
58 78 0.5 19
58 77 0.5 19
57 77 0.5 19
55 77 0.5 19
56 77 0.5 19
56 78 0.5 19
82 15 0.5 18
82 16 0.5 18
83 16 0.5 18
83 15 0.5 18
84 16 0.5 18
85 16 0.5 18
85 15 0.5 18
81 14 0.5 18
80 14 0.5 18
80 15 0.5 18
79 14 0.5 18
82 14 0.5 18
78 16 0.5 18
78 15 0.5 18
78 14 0.5 18
77 14 0.5 18
82 12 0.5 18
82 13 0.5 18
64 93 0.5 16
65 93 0.5 16
63 93 0.5 16
62 93 0.5 16
63 94 0.5 16
69 94 0.5 16
69 93 0.5 16
66 94 0.5 16
67 94 0.5 16
68 94 0.5 16
66 93 0.5 16
68 93 0.5 16
70 94 0.5 16
62 94 0.5 16
61 94 0.5 16
60 94 0.5 16
54 69 0.5 3
54 68 0.5 3
54 67 0.5 3
12 10 0.5 44
13 11 0.5 44
12 11 0.5 44
13 12 0.5 44
11 11 0.5 44
10 10 0.5 44
11 10 0.5 44
9 10 0.5 44
9 11 0.5 44
13 7 0.5 44
12 7 0.5 44
13 9 0.5 44
12 9 0.5 44
12 8 0.5 44
13 10 0.5 44
12 6 0.5 44
13 6 0.5 44
14 6 0.5 44
13 5 0.5 44
13 4 0.5 44
12 5 0.5 44
11 4 0.5 44
12 4 0.5 44
10 4 0.5 44
14 10 0.5 44
15 9 0.5 44
15 11 0.5 44
15 10 0.5 44
9 4 0.5 44
9 3 0.5 44
8 3 0.5 44
8 4 0.5 44
7 2 0.5 44
8 2 0.5 44
6 2 0.5 44
13 1 0.5 44
13 2 0.5 44
12 3 0.5 44
13 3 0.5 44
12 1 0.5 44
11 1 0.5 44
11 0 0.5 44
10 1 0.5 44
6 1 0.5 44
12 94 0.5 8
13 94 0.5 8
12 93 0.5 8
13 93 0.5 8
14 94 0.5 8
14 93 0.5 8
15 93 0.5 8
14 95 0.5 8
6 81 0.5 14
8 80 0.5 14
8 81 0.5 14
7 81 0.5 14
8 84 0.5 14
7 84 0.5 14
7 83 0.5 14
7 82 0.5 14
7 85 0.5 14
8 82 0.5 14
9 82 0.5 14
10 82 0.5 14
5 80 0.5 14
6 80 0.5 14
85 24 0.5 41
85 25 0.5 41
84 26 0.5 41
85 26 0.5 41
83 26 0.5 41
86 26 0.5 41
86 25 0.5 41
84 25 0.5 41
88 25 0.5 41
87 25 0.5 41
83 22 0.5 41
83 23 0.5 41
83 24 0.5 41
83 25 0.5 41
84 22 0.5 41
83 28 0.5 41
83 27 0.5 41
85 28 0.5 41
84 28 0.5 41
86 28 0.5 41
88 29 0.5 41
88 30 0.5 41
89 30 0.5 41
89 28 0.5 41
88 28 0.5 41
87 28 0.5 41
91 27 0.5 41
92 27 0.5 41
93 27 0.5 41
93 26 0.5 41
91 28 0.5 41
90 27 0.5 41
89 27 0.5 41
89 26 0.5 41
95 26 0.5 41
94 26 0.5 41
96 28 0.5 41
97 28 0.5 41
95 29 0.5 41
95 28 0.5 41
95 27 0.5 41
88 35 0.5 2
87 35 0.5 2
38 56 0.5 39
39 58 0.5 39
38 57 0.5 39
38 58 0.5 39
45 59 0.5 39
44 59 0.5 39
43 59 0.5 39
42 59 0.5 39
41 59 0.5 39
40 57 0.5 39
41 58 0.5 39
40 58 0.5 39
45 58 0.5 39
45 57 0.5 39
45 56 0.5 39
46 55 0.5 39
46 54 0.5 39
46 56 0.5 39
38 59 0.5 39
45 62 0.5 39
44 62 0.5 39
43 62 0.5 39
43 60 0.5 39
43 61 0.5 39
46 62 0.5 39
45 63 0.5 39
44 63 0.5 39
47 63 0.5 39
47 62 0.5 39
37 55 0.5 39
36 55 0.5 39
38 55 0.5 39
36 57 0.5 39
36 56 0.5 39
35 56 0.5 39
35 55 0.5 39
39 54 0.5 39
39 53 0.5 39
38 54 0.5 39
52 34 0.5 2
52 33 0.5 2
54 55 0.5 15
54 56 0.5 15
55 56 0.5 15
55 55 0.5 15
53 56 0.5 15
56 56 0.5 15
54 57 0.5 15
54 58 0.5 15
55 58 0.5 15
59 56 0.5 15
59 57 0.5 15
57 56 0.5 15
57 57 0.5 15
58 57 0.5 15
57 58 0.5 15
44 33 0.5 1
90 74 0.5 12
90 73 0.5 12
91 75 0.5 12
90 75 0.5 12
91 69 0.5 12
91 70 0.5 12
91 71 0.5 12
92 69 0.5 12
90 70 0.5 12
90 72 0.5 12
91 72 0.5 12
92 72 0.5 12
0 13 0.5 1
18 78 0.5 2
17 78 0.5 2
2 79 0.5 16
0 82 0.5 16
1 80 0.5 16
0 80 0.5 16
0 81 0.5 16
1 79 0.5 16
99 83 0.5 16
0 83 0.5 16
0 84 0.5 16
1 84 0.5 16
1 85 0.5 16
99 81 0.5 16
1 86 0.5 16
1 87 0.5 16
0 88 0.5 16
1 88 0.5 16
25 95 0.5 7
25 96 0.5 7
23 93 0.5 7
23 92 0.5 7
24 95 0.5 7
23 94 0.5 7
24 94 0.5 7
66 79 0.5 2
67 79 0.5 2
39 86 0.5 10
39 85 0.5 10
38 86 0.5 10
38 85 0.5 10
35 86 0.5 10
37 86 0.5 10
36 88 0.5 10
36 87 0.5 10
36 86 0.5 10
36 89 0.5 10
96 35 0.5 3
97 34 0.5 3
96 34 0.5 3
83 65 0.5 10
84 65 0.5 10
85 65 0.5 10
80 66 0.5 10
80 65 0.5 10
80 67 0.5 10
82 66 0.5 10
83 66 0.5 10
81 66 0.5 10
79 65 0.5 10
35 99 0.5 2
35 98 0.5 2
95 16 0.5 6
95 15 0.5 6
96 16 0.5 6
94 17 0.5 6
95 17 0.5 6
93 17 0.5 6
58 41 0.5 1
24 18 0.5 2
25 18 0.5 2
54 0 0.5 4
53 1 0.5 4
54 1 0.5 4
52 1 0.5 4
97 95 0.5 7
98 94 0.5 7
98 95 0.5 7
97 97 0.5 7
98 97 0.5 7
97 96 0.5 7
99 97 0.5 7
87 39 0.5 1
34 81 0.5 11
33 82 0.5 11
33 81 0.5 11
31 81 0.5 11
32 81 0.5 11
34 80 0.5 11
35 80 0.5 11
37 80 0.5 11
36 80 0.5 11
34 79 0.5 11
38 80 0.5 11
44 6 0.5 4
45 6 0.5 4
45 5 0.5 4
45 4 0.5 4
74 80 0.5 1
20 39 0.5 1
6 94 0.5 1
28 74 0.5 1
17 94 0.5 1
