67 71 0.5 27
69 71 0.5 27
69 72 0.5 27
68 71 0.5 27
67 70 0.5 27
66 71 0.5 27
69 74 0.5 27
70 73 0.5 27
69 73 0.5 27
65 71 0.5 27
65 72 0.5 27
65 74 0.5 27
65 73 0.5 27
64 72 0.5 27
63 69 0.5 27
63 71 0.5 27
63 72 0.5 27
62 72 0.5 27
63 70 0.5 27
62 73 0.5 27
73 71 0.5 27
73 72 0.5 27
73 73 0.5 27
74 73 0.5 27
72 73 0.5 27
71 74 0.5 27
71 73 0.5 27
98 23 0.5 74
97 23 0.5 74
97 22 0.5 74
3 26 0.5 74
3 27 0.5 74
4 26 0.5 74
2 27 0.5 74
5 26 0.5 74
0 25 0.5 74
0 26 0.5 74
1 26 0.5 74
2 26 0.5 74
99 25 0.5 74
0 27 0.5 74
6 26 0.5 74
7 26 0.5 74
5 25 0.5 74
4 25 0.5 74
9 28 0.5 74
8 28 0.5 74
8 27 0.5 74
8 25 0.5 74
8 26 0.5 74
9 24 0.5 74
9 25 0.5 74
10 29 0.5 74
10 28 0.5 74
0 24 0.5 74
99 24 0.5 74
99 23 0.5 74
13 29 0.5 74
12 29 0.5 74
12 28 0.5 74
11 29 0.5 74
11 30 0.5 74
9 34 0.5 74
9 35 0.5 74
8 38 0.5 74
8 37 0.5 74
8 36 0.5 74
8 35 0.5 74
10 34 0.5 74
10 35 0.5 74
13 31 0.5 74
12 31 0.5 74
13 32 0.5 74
11 31 0.5 74
12 30 0.5 74
14 32 0.5 74
11 32 0.5 74
10 32 0.5 74
10 33 0.5 74
15 33 0.5 74
14 33 0.5 74
14 34 0.5 74
16 33 0.5 74
17 33 0.5 74
18 33 0.5 74
4 28 0.5 74
3 28 0.5 74
4 40 0.5 74
3 40 0.5 74
5 39 0.5 74
6 39 0.5 74
6 40 0.5 74
7 40 0.5 74
5 40 0.5 74
4 39 0.5 74
4 38 0.5 74
4 37 0.5 74
5 37 0.5 74
6 37 0.5 74
7 38 0.5 74
6 38 0.5 74
12 75 0.5 10
11 75 0.5 10
11 73 0.5 10
10 73 0.5 10
11 74 0.5 10
9 76 0.5 10
10 76 0.5 10
8 76 0.5 10
11 76 0.5 10
7 76 0.5 10
93 45 0.5 20
94 45 0.5 20
95 45 0.5 20
92 45 0.5 20
99 45 0.5 20
98 45 0.5 20
98 46 0.5 20
97 46 0.5 20
96 45 0.5 20
97 45 0.5 20
96 44 0.5 20
99 46 0.5 20
93 44 0.5 20
99 48 0.5 20
99 47 0.5 20
0 47 0.5 20
94 41 0.5 20
93 42 0.5 20
93 43 0.5 20
94 42 0.5 20
72 26 0.5 47
70 26 0.5 47
71 26 0.5 47
73 26 0.5 47
75 26 0.5 47
74 26 0.5 47
75 25 0.5 47
74 27 0.5 47
74 28 0.5 47
67 26 0.5 47
67 25 0.5 47
69 26 0.5 47
68 26 0.5 47
68 25 0.5 47
68 24 0.5 47
75 24 0.5 47
66 22 0.5 47
68 23 0.5 47
67 23 0.5 47
66 23 0.5 47
67 24 0.5 47
65 22 0.5 47
68 22 0.5 47
61 20 0.5 47
61 18 0.5 47
62 18 0.5 47
62 20 0.5 47
62 19 0.5 47
63 21 0.5 47
63 20 0.5 47
64 20 0.5 47
65 20 0.5 47
65 19 0.5 47
64 18 0.5 47
65 18 0.5 47
66 18 0.5 47
61 21 0.5 47
66 20 0.5 47
67 20 0.5 47
70 20 0.5 47
69 20 0.5 47
68 20 0.5 47
60 17 0.5 47
58 17 0.5 47
59 17 0.5 47
60 18 0.5 47
66 21 0.5 47
20 58 0.5 39
20 57 0.5 39
18 58 0.5 39
18 59 0.5 39
19 58 0.5 39
17 55 0.5 39
18 57 0.5 39
18 55 0.5 39
18 56 0.5 39
19 63 0.5 39
20 63 0.5 39
18 63 0.5 39
17 64 0.5 39
18 64 0.5 39
19 64 0.5 39
20 61 0.5 39
19 61 0.5 39
18 62 0.5 39
18 61 0.5 39
17 60 0.5 39
17 61 0.5 39
21 63 0.5 39
21 62 0.5 39
21 64 0.5 39
22 63 0.5 39
21 61 0.5 39
22 61 0.5 39
23 64 0.5 39
24 64 0.5 39
22 64 0.5 39
23 63 0.5 39
23 60 0.5 39
22 60 0.5 39
21 58 0.5 39
22 58 0.5 39
22 59 0.5 39
21 59 0.5 39
17 54 0.5 39
16 60 0.5 39
78 43 0.5 65
79 43 0.5 65
79 44 0.5 65
77 42 0.5 65
76 42 0.5 65
77 43 0.5 65
77 41 0.5 65
79 42 0.5 65
80 42 0.5 65
81 42 0.5 65
82 42 0.5 65
83 42 0.5 65
81 43 0.5 65
84 42 0.5 65
84 43 0.5 65
83 43 0.5 65
83 44 0.5 65
85 42 0.5 65
85 41 0.5 65
75 44 0.5 65
75 45 0.5 65
74 45 0.5 65
76 44 0.5 65
77 46 0.5 65
77 45 0.5 65
76 46 0.5 65
75 46 0.5 65
78 46 0.5 65
77 47 0.5 65
75 43 0.5 65
76 43 0.5 65
75 49 0.5 65
76 49 0.5 65
74 49 0.5 65
74 50 0.5 65
74 51 0.5 65
74 52 0.5 65
73 53 0.5 65
73 54 0.5 65
73 52 0.5 65
74 55 0.5 65
73 55 0.5 65
72 51 0.5 65
73 51 0.5 65
74 48 0.5 65
74 47 0.5 65
74 46 0.5 65
73 46 0.5 65
69 60 0.5 65
70 60 0.5 65
70 62 0.5 65
70 61 0.5 65
71 61 0.5 65
68 60 0.5 65
72 61 0.5 65
73 61 0.5 65
74 61 0.5 65
75 58 0.5 65
75 57 0.5 65
75 56 0.5 65
74 56 0.5 65
75 60 0.5 65
74 60 0.5 65
75 59 0.5 65
76 56 0.5 65
33 70 0.5 6
34 70 0.5 6
35 70 0.5 6
35 71 0.5 6
32 70 0.5 6
32 69 0.5 6
89 84 0.5 43
89 85 0.5 43
89 83 0.5 43
91 84 0.5 43
91 85 0.5 43
91 83 0.5 43
90 85 0.5 43
91 82 0.5 43
89 82 0.5 43
90 82 0.5 43
89 80 0.5 43
89 81 0.5 43
90 80 0.5 43
88 82 0.5 43
88 81 0.5 43
91 90 0.5 43
92 90 0.5 43
90 90 0.5 43
90 89 0.5 43
91 91 0.5 43
88 88 0.5 43
89 88 0.5 43
89 87 0.5 43
90 88 0.5 43
89 86 0.5 43
90 86 0.5 43
93 90 0.5 43
86 79 0.5 43
86 78 0.5 43
85 77 0.5 43
86 77 0.5 43
86 80 0.5 43
86 81 0.5 43
85 80 0.5 43
87 81 0.5 43
87 85 0.5 43
87 84 0.5 43
86 84 0.5 43
85 82 0.5 43
86 82 0.5 43
85 83 0.5 43
85 84 0.5 43
84 82 0.5 43
40 17 0.5 73
40 16 0.5 73
39 16 0.5 73
36 17 0.5 73
36 16 0.5 73
37 16 0.5 73
38 16 0.5 73
35 17 0.5 73
34 17 0.5 73
34 18 0.5 73
34 16 0.5 73
32 19 0.5 73
32 20 0.5 73
34 19 0.5 73
33 19 0.5 73
33 17 0.5 73
31 19 0.5 73
40 18 0.5 73
40 19 0.5 73
35 25 0.5 73
36 24 0.5 73
35 24 0.5 73
34 24 0.5 73
34 20 0.5 73
34 22 0.5 73
34 21 0.5 73
34 23 0.5 73
35 23 0.5 73
33 21 0.5 73
43 23 0.5 73
43 22 0.5 73
41 22 0.5 73
42 22 0.5 73
44 22 0.5 73
41 23 0.5 73
41 24 0.5 73
40 23 0.5 73
41 21 0.5 73
41 20 0.5 73
41 19 0.5 73
43 7 0.5 73
43 8 0.5 73
44 8 0.5 73
41 10 0.5 73
42 10 0.5 73
42 11 0.5 73
43 10 0.5 73
43 9 0.5 73
42 17 0.5 73
42 15 0.5 73
41 16 0.5 73
42 16 0.5 73
42 14 0.5 73
42 13 0.5 73
42 12 0.5 73
32 11 0.5 73
32 10 0.5 73
32 9 0.5 73
31 13 0.5 73
31 11 0.5 73
31 12 0.5 73
30 13 0.5 73
29 13 0.5 73
28 13 0.5 73
35 13 0.5 73
35 14 0.5 73
34 13 0.5 73
34 12 0.5 73
35 15 0.5 73
34 15 0.5 73
33 12 0.5 73
33 11 0.5 73
28 12 0.5 73
23 47 0.5 38
22 47 0.5 38
22 48 0.5 38
24 48 0.5 38
24 47 0.5 38
25 48 0.5 38
24 49 0.5 38
27 48 0.5 38
27 47 0.5 38
26 48 0.5 38
26 49 0.5 38
26 50 0.5 38
25 49 0.5 38
23 46 0.5 38
22 46 0.5 38
29 44 0.5 38
30 44 0.5 38
28 44 0.5 38
29 43 0.5 38
28 46 0.5 38
28 45 0.5 38
27 46 0.5 38
26 46 0.5 38
34 42 0.5 38
34 43 0.5 38
35 42 0.5 38
31 43 0.5 38
32 43 0.5 38
33 43 0.5 38
31 44 0.5 38
31 45 0.5 38
30 45 0.5 38
33 41 0.5 38
34 41 0.5 38
32 41 0.5 38
32 40 0.5 38
31 40 0.5 38
33 40 0.5 38
86 3 0.5 60
86 4 0.5 60
85 3 0.5 60
85 2 0.5 60
83 3 0.5 60
84 4 0.5 60
83 4 0.5 60
84 3 0.5 60
85 1 0.5 60
89 4 0.5 60
89 5 0.5 60
88 4 0.5 60
87 4 0.5 60
87 5 0.5 60
93 3 0.5 60
92 3 0.5 60
92 2 0.5 60
91 2 0.5 60
90 2 0.5 60
90 3 0.5 60
89 3 0.5 60
89 1 0.5 60
88 1 0.5 60
87 1 0.5 60
86 1 0.5 60
88 0 0.5 60
88 99 0.5 60
86 0 0.5 60
86 99 0.5 60
88 96 0.5 60
88 97 0.5 60
88 98 0.5 60
87 96 0.5 60
87 95 0.5 60
85 94 0.5 60
86 94 0.5 60
86 96 0.5 60
86 95 0.5 60
95 6 0.5 60
94 6 0.5 60
93 6 0.5 60
97 4 0.5 60
97 5 0.5 60
97 3 0.5 60
98 3 0.5 60
95 5 0.5 60
96 5 0.5 60
98 2 0.5 60
93 5 0.5 60
93 4 0.5 60
98 1 0.5 60
92 5 0.5 60
99 2 0.5 60
0 2 0.5 60
95 7 0.5 60
99 3 0.5 60
91 7 0.5 60
91 6 0.5 60
91 5 0.5 60
95 8 0.5 60
44 50 0.5 16
44 49 0.5 16
44 47 0.5 16
44 48 0.5 16
43 46 0.5 16
43 47 0.5 16
47 46 0.5 16
48 46 0.5 16
48 45 0.5 16
47 47 0.5 16
47 48 0.5 16
48 48 0.5 16
49 48 0.5 16
45 48 0.5 16
46 48 0.5 16
48 44 0.5 16
28 3 0.5 30
27 3 0.5 30
28 4 0.5 30
27 4 0.5 30
28 2 0.5 30
27 1 0.5 30
27 2 0.5 30
26 1 0.5 30
25 1 0.5 30
28 1 0.5 30
27 0 0.5 30
26 0 0.5 30
25 0 0.5 30
29 3 0.5 30
24 9 0.5 30
24 8 0.5 30
25 7 0.5 30
25 8 0.5 30
26 6 0.5 30
25 6 0.5 30
26 5 0.5 30
27 5 0.5 30
29 6 0.5 30
30 7 0.5 30
29 7 0.5 30
31 7 0.5 30
32 7 0.5 30
28 5 0.5 30
28 6 0.5 30
27 6 0.5 30
90 57 0.5 38
91 57 0.5 38
92 57 0.5 38
92 56 0.5 38
89 57 0.5 38
93 56 0.5 38
90 56 0.5 38
87 59 0.5 38
87 58 0.5 38
88 58 0.5 38
87 62 0.5 38
87 60 0.5 38
87 61 0.5 38
88 57 0.5 38
93 55 0.5 38
91 59 0.5 38
91 58 0.5 38
91 60 0.5 38
92 60 0.5 38
93 60 0.5 38
90 59 0.5 38
92 55 0.5 38
92 53 0.5 38
92 54 0.5 38
93 54 0.5 38
90 53 0.5 38
91 53 0.5 38
87 63 0.5 38
87 64 0.5 38
97 55 0.5 38
96 55 0.5 38
95 55 0.5 38
96 54 0.5 38
97 56 0.5 38
94 53 0.5 38
94 54 0.5 38
94 55 0.5 38
98 55 0.5 38
48 94 0.5 24
47 94 0.5 24
46 93 0.5 24
47 93 0.5 24
47 92 0.5 24
46 89 0.5 24
48 89 0.5 24
48 90 0.5 24
47 89 0.5 24
49 90 0.5 24
48 91 0.5 24
47 91 0.5 24
45 89 0.5 24
42 91 0.5 24
42 92 0.5 24
42 94 0.5 24
42 93 0.5 24
44 94 0.5 24
43 94 0.5 24
44 93 0.5 24
45 92 0.5 24
45 93 0.5 24
41 94 0.5 24
41 93 0.5 24
9 56 0.5 31
8 56 0.5 31
10 57 0.5 31
10 56 0.5 31
5 58 0.5 31
4 58 0.5 31
4 59 0.5 31
5 59 0.5 31
3 59 0.5 31
3 61 0.5 31
3 60 0.5 31
4 62 0.5 31
5 61 0.5 31
4 61 0.5 31
6 58 0.5 31
6 57 0.5 31
6 56 0.5 31
6 61 0.5 31
7 56 0.5 31
7 55 0.5 31
10 52 0.5 31
10 53 0.5 31
10 54 0.5 31
10 55 0.5 31
9 55 0.5 31
8 55 0.5 31
5 63 0.5 31
4 63 0.5 31
2 61 0.5 31
2 62 0.5 31
2 63 0.5 31
55 23 0.5 13
53 22 0.5 13
53 21 0.5 13
53 23 0.5 13
54 22 0.5 13
54 23 0.5 13
55 22 0.5 13
53 18 0.5 13
53 19 0.5 13
53 20 0.5 13
52 23 0.5 13
51 24 0.5 13
51 23 0.5 13
62 32 0.5 18
63 32 0.5 18
61 32 0.5 18
59 30 0.5 18
60 30 0.5 18
58 30 0.5 18
61 31 0.5 18
60 31 0.5 18
58 27 0.5 18
58 28 0.5 18
58 29 0.5 18
60 32 0.5 18
64 32 0.5 18
64 31 0.5 18
64 33 0.5 18
57 29 0.5 18
57 30 0.5 18
60 33 0.5 18
54 73 0.5 19
53 72 0.5 19
53 71 0.5 19
54 72 0.5 19
52 71 0.5 19
54 74 0.5 19
55 75 0.5 19
54 75 0.5 19
53 70 0.5 19
58 75 0.5 19
57 75 0.5 19
56 75 0.5 19
59 77 0.5 19
58 77 0.5 19
58 76 0.5 19
57 76 0.5 19
55 76 0.5 19
56 76 0.5 19
56 77 0.5 19
82 16 0.5 18
82 17 0.5 18
83 17 0.5 18
83 16 0.5 18
84 17 0.5 18
85 17 0.5 18
85 16 0.5 18
81 15 0.5 18
80 15 0.5 18
80 16 0.5 18
79 15 0.5 18
82 15 0.5 18
78 17 0.5 18
78 16 0.5 18
78 15 0.5 18
77 15 0.5 18
82 13 0.5 18
82 14 0.5 18
63 93 0.5 16
64 93 0.5 16
62 93 0.5 16
61 93 0.5 16
62 94 0.5 16
68 94 0.5 16
68 93 0.5 16
65 94 0.5 16
66 94 0.5 16
67 94 0.5 16
65 93 0.5 16
67 93 0.5 16
69 94 0.5 16
61 94 0.5 16
60 94 0.5 16
59 94 0.5 16
55 69 0.5 3
55 68 0.5 3
55 67 0.5 3
11 10 0.5 44
12 11 0.5 44
11 11 0.5 44
12 12 0.5 44
10 11 0.5 44
9 10 0.5 44
10 10 0.5 44
8 10 0.5 44
8 11 0.5 44
12 7 0.5 44
11 7 0.5 44
12 9 0.5 44
11 9 0.5 44
11 8 0.5 44
12 10 0.5 44
11 6 0.5 44
12 6 0.5 44
13 6 0.5 44
12 5 0.5 44
12 4 0.5 44
11 5 0.5 44
10 4 0.5 44
11 4 0.5 44
9 4 0.5 44
13 10 0.5 44
14 9 0.5 44
14 11 0.5 44
14 10 0.5 44
8 4 0.5 44
8 3 0.5 44
7 3 0.5 44
7 4 0.5 44
6 2 0.5 44
7 2 0.5 44
5 2 0.5 44
12 1 0.5 44
12 2 0.5 44
11 3 0.5 44
12 3 0.5 44
11 1 0.5 44
10 1 0.5 44
10 0 0.5 44
9 1 0.5 44
5 1 0.5 44
12 93 0.5 8
13 93 0.5 8
12 92 0.5 8
13 92 0.5 8
14 93 0.5 8
14 92 0.5 8
15 92 0.5 8
14 94 0.5 8
5 81 0.5 14
7 80 0.5 14
7 81 0.5 14
6 81 0.5 14
7 84 0.5 14
6 84 0.5 14
6 83 0.5 14
6 82 0.5 14
6 85 0.5 14
7 82 0.5 14
8 82 0.5 14
9 82 0.5 14
4 80 0.5 14
5 80 0.5 14
85 23 0.5 41
85 24 0.5 41
84 25 0.5 41
85 25 0.5 41
83 25 0.5 41
86 25 0.5 41
86 24 0.5 41
84 24 0.5 41
88 24 0.5 41
87 24 0.5 41
83 21 0.5 41
83 22 0.5 41
83 23 0.5 41
83 24 0.5 41
84 21 0.5 41
83 27 0.5 41
83 26 0.5 41
85 27 0.5 41
84 27 0.5 41
86 27 0.5 41
88 28 0.5 41
88 29 0.5 41
89 29 0.5 41
89 27 0.5 41
88 27 0.5 41
87 27 0.5 41
91 26 0.5 41
92 26 0.5 41
93 26 0.5 41
93 25 0.5 41
91 27 0.5 41
90 26 0.5 41
89 26 0.5 41
89 25 0.5 41
95 25 0.5 41
94 25 0.5 41
96 27 0.5 41
97 27 0.5 41
95 28 0.5 41
95 27 0.5 41
95 26 0.5 41
87 35 0.5 2
86 35 0.5 2
38 57 0.5 39
39 59 0.5 39
38 58 0.5 39
38 59 0.5 39
45 60 0.5 39
44 60 0.5 39
43 60 0.5 39
42 60 0.5 39
41 60 0.5 39
40 58 0.5 39
41 59 0.5 39
40 59 0.5 39
45 59 0.5 39
45 58 0.5 39
45 57 0.5 39
46 56 0.5 39
46 55 0.5 39
46 57 0.5 39
38 60 0.5 39
45 63 0.5 39
44 63 0.5 39
43 63 0.5 39
43 61 0.5 39
43 62 0.5 39
46 63 0.5 39
45 64 0.5 39
44 64 0.5 39
47 64 0.5 39
47 63 0.5 39
37 56 0.5 39
36 56 0.5 39
38 56 0.5 39
36 58 0.5 39
36 57 0.5 39
35 57 0.5 39
35 56 0.5 39
39 55 0.5 39
39 54 0.5 39
38 55 0.5 39
53 34 0.5 2
53 33 0.5 2
54 54 0.5 15
54 55 0.5 15
55 55 0.5 15
55 54 0.5 15
53 55 0.5 15
56 55 0.5 15
54 56 0.5 15
54 57 0.5 15
55 57 0.5 15
59 55 0.5 15
59 56 0.5 15
57 55 0.5 15
57 56 0.5 15
58 56 0.5 15
57 57 0.5 15
43 33 0.5 1
89 74 0.5 12
89 73 0.5 12
90 75 0.5 12
89 75 0.5 12
90 69 0.5 12
90 70 0.5 12
90 71 0.5 12
91 69 0.5 12
89 70 0.5 12
89 72 0.5 12
90 72 0.5 12
91 72 0.5 12
1 13 0.5 1
18 77 0.5 2
17 77 0.5 2
3 79 0.5 16
1 82 0.5 16
2 80 0.5 16
1 80 0.5 16
1 81 0.5 16
2 79 0.5 16
0 83 0.5 16
1 83 0.5 16
1 84 0.5 16
2 84 0.5 16
2 85 0.5 16
0 81 0.5 16
2 86 0.5 16
2 87 0.5 16
1 88 0.5 16
2 88 0.5 16
26 95 0.5 7
26 96 0.5 7
24 93 0.5 7
24 92 0.5 7
25 95 0.5 7
24 94 0.5 7
25 94 0.5 7
65 79 0.5 2
66 79 0.5 2
39 87 0.5 10
39 86 0.5 10
38 87 0.5 10
38 86 0.5 10
35 87 0.5 10
37 87 0.5 10
36 89 0.5 10
36 88 0.5 10
36 87 0.5 10
36 90 0.5 10
97 35 0.5 3
98 34 0.5 3
97 34 0.5 3
84 65 0.5 10
85 65 0.5 10
86 65 0.5 10
81 66 0.5 10
81 65 0.5 10
81 67 0.5 10
83 66 0.5 10
84 66 0.5 10
82 66 0.5 10
80 65 0.5 10
34 99 0.5 2
34 98 0.5 2
94 16 0.5 6
94 15 0.5 6
95 16 0.5 6
93 17 0.5 6
94 17 0.5 6
92 17 0.5 6
57 41 0.5 1
23 18 0.5 2
24 18 0.5 2
53 0 0.5 4
52 1 0.5 4
53 1 0.5 4
51 1 0.5 4
97 94 0.5 7
98 93 0.5 7
98 94 0.5 7
97 96 0.5 7
98 96 0.5 7
97 95 0.5 7
99 96 0.5 7
87 40 0.5 1
34 80 0.5 11
33 81 0.5 11
33 80 0.5 11
31 80 0.5 11
32 80 0.5 11
34 79 0.5 11
35 79 0.5 11
37 79 0.5 11
36 79 0.5 11
34 78 0.5 11
38 79 0.5 11
45 6 0.5 4
46 6 0.5 4
46 5 0.5 4
46 4 0.5 4
74 81 0.5 1
21 39 0.5 1
5 94 0.5 1
28 73 0.5 1
17 93 0.5 1
