34 21 0.5 5
34 19 0.5 5
34 20 0.5 5
34 18 0.5 5
33 18 0.5 5
79 21 0.5 2
79 20 0.5 2
60 13 0.5 3
62 13 0.5 3
61 13 0.5 3
40 41 0.5 4
39 41 0.5 4
38 41 0.5 4
39 42 0.5 4
99 64 0.5 3
99 63 0.5 3
99 62 0.5 3
93 9 0.5 2
92 9 0.5 2
29 86 0.5 4
29 85 0.5 4
29 84 0.5 4
30 84 0.5 4
44 21 0.5 3
44 20 0.5 3
45 20 0.5 3
70 47 0.5 9
69 47 0.5 9
70 48 0.5 9
71 47 0.5 9
69 46 0.5 9
68 46 0.5 9
67 46 0.5 9
67 45 0.5 9
70 46 0.5 9
96 62 0.5 1
52 28 0.5 6
52 27 0.5 6
51 29 0.5 6
52 29 0.5 6
52 30 0.5 6
52 31 0.5 6
32 39 0.5 7
32 40 0.5 7
32 38 0.5 7
29 40 0.5 7
30 40 0.5 7
31 40 0.5 7
31 41 0.5 7
67 37 0.5 7
68 37 0.5 7
66 37 0.5 7
66 36 0.5 7
68 35 0.5 7
68 36 0.5 7
68 34 0.5 7
53 2 0.5 10
53 3 0.5 10
53 5 0.5 10
53 4 0.5 10
52 5 0.5 10
54 3 0.5 10
54 4 0.5 10
54 5 0.5 10
52 1 0.5 10
52 2 0.5 10
50 57 0.5 2
50 58 0.5 2
5 9 0.5 4
3 9 0.5 4
4 9 0.5 4
3 10 0.5 4
19 61 0.5 2
19 62 0.5 2
80 43 0.5 2
80 42 0.5 2
11 15 0.5 2
11 16 0.5 2
94 18 0.5 3
95 18 0.5 3
94 19 0.5 3
79 93 0.5 5
80 93 0.5 5
80 92 0.5 5
80 91 0.5 5
81 91 0.5 5
46 75 0.5 12
46 79 0.5 12
45 78 0.5 12
46 78 0.5 12
44 79 0.5 12
44 78 0.5 12
44 77 0.5 12
46 77 0.5 12
46 76 0.5 12
47 80 0.5 12
47 79 0.5 12
48 79 0.5 12
19 92 0.5 9
18 92 0.5 9
20 92 0.5 9
20 91 0.5 9
20 90 0.5 9
20 88 0.5 9
20 89 0.5 9
22 89 0.5 9
21 89 0.5 9
78 34 0.5 5
79 34 0.5 5
77 34 0.5 5
80 34 0.5 5
79 33 0.5 5
83 7 0.5 2
82 7 0.5 2
60 32 0.5 4
59 32 0.5 4
59 33 0.5 4
60 33 0.5 4
23 73 0.5 5
24 73 0.5 5
24 71 0.5 5
24 72 0.5 5
23 71 0.5 5
50 66 0.5 6
50 67 0.5 6
50 68 0.5 6
50 65 0.5 6
51 65 0.5 6
49 66 0.5 6
52 93 0.5 4
52 94 0.5 4
52 95 0.5 4
51 95 0.5 4
37 58 0.5 11
38 58 0.5 11
36 58 0.5 11
36 57 0.5 11
35 57 0.5 11
35 58 0.5 11
38 54 0.5 11
38 55 0.5 11
37 56 0.5 11
38 56 0.5 11
36 56 0.5 11
48 11 0.5 4
47 11 0.5 4
49 10 0.5 4
48 10 0.5 4
2 13 0.5 4
3 13 0.5 4
3 12 0.5 4
4 13 0.5 4
38 26 0.5 7
38 25 0.5 7
38 24 0.5 7
37 24 0.5 7
39 24 0.5 7
38 23 0.5 7
37 23 0.5 7
35 54 0.5 5
35 53 0.5 5
36 54 0.5 5
35 52 0.5 5
36 52 0.5 5
86 86 0.5 5
85 86 0.5 5
85 85 0.5 5
85 84 0.5 5
86 85 0.5 5
1 8 0.5 1
98 13 0.5 1
12 20 0.5 4
13 20 0.5 4
12 19 0.5 4
11 19 0.5 4
21 5 0.5 1
20 46 0.5 11
17 46 0.5 11
17 47 0.5 11
20 47 0.5 11
19 47 0.5 11
18 47 0.5 11
16 47 0.5 11
18 46 0.5 11
20 49 0.5 11
19 48 0.5 11
19 49 0.5 11
98 28 0.5 4
99 28 0.5 4
97 28 0.5 4
97 29 0.5 4
72 3 0.5 5
71 2 0.5 5
72 2 0.5 5
72 4 0.5 5
71 4 0.5 5
39 8 0.5 3
40 7 0.5 3
40 8 0.5 3
79 58 0.5 2
78 58 0.5 2
20 7 0.5 3
21 7 0.5 3
19 7 0.5 3
27 6 0.5 2
27 5 0.5 2
59 66 0.5 7
58 66 0.5 7
58 65 0.5 7
60 66 0.5 7
60 67 0.5 7
60 65 0.5 7
58 64 0.5 7
1 25 0.5 2
1 24 0.5 2
95 50 0.5 9
94 50 0.5 9
93 50 0.5 9
93 51 0.5 9
94 51 0.5 9
95 52 0.5 9
95 51 0.5 9
95 53 0.5 9
96 53 0.5 9
93 91 0.5 12
94 91 0.5 12
92 91 0.5 12
96 91 0.5 12
97 91 0.5 12
98 91 0.5 12
97 90 0.5 12
95 91 0.5 12
97 89 0.5 12
95 92 0.5 12
95 93 0.5 12
95 94 0.5 12
97 68 0.5 6
96 68 0.5 6
96 67 0.5 6
97 70 0.5 6
97 69 0.5 6
97 71 0.5 6
76 69 0.5 2
77 69 0.5 2
15 62 0.5 5
15 60 0.5 5
15 61 0.5 5
16 62 0.5 5
17 62 0.5 5
15 77 0.5 7
14 77 0.5 7
15 78 0.5 7
15 76 0.5 7
15 79 0.5 7
12 77 0.5 7
13 77 0.5 7
41 65 0.5 4
40 65 0.5 4
41 64 0.5 4
42 64 0.5 4
95 40 0.5 11
96 40 0.5 11
97 40 0.5 11
96 41 0.5 11
95 41 0.5 11
94 40 0.5 11
98 40 0.5 11
97 39 0.5 11
97 38 0.5 11
97 37 0.5 11
97 36 0.5 11
93 82 0.5 1
61 27 0.5 2
62 27 0.5 2
4 99 0.5 1
22 11 0.5 3
23 11 0.5 3
22 12 0.5 3
25 97 0.5 1
72 75 0.5 3
71 75 0.5 3
72 74 0.5 3
22 78 0.5 5
22 76 0.5 5
22 77 0.5 5
24 77 0.5 5
23 77 0.5 5
71 81 0.5 10
71 82 0.5 10
72 82 0.5 10
71 83 0.5 10
75 82 0.5 10
74 81 0.5 10
75 81 0.5 10
73 82 0.5 10
74 82 0.5 10
76 82 0.5 10
26 57 0.5 4
27 58 0.5 4
26 58 0.5 4
27 59 0.5 4
87 39 0.5 8
85 38 0.5 8
84 38 0.5 8
86 39 0.5 8
86 38 0.5 8
85 37 0.5 8
86 37 0.5 8
88 39 0.5 8
81 33 0.5 4
81 32 0.5 4
82 32 0.5 4
81 31 0.5 4
9 83 0.5 7
6 83 0.5 7
7 83 0.5 7
8 83 0.5 7
5 84 0.5 7
6 84 0.5 7
6 85 0.5 7
37 29 0.5 8
36 29 0.5 8
37 28 0.5 8
35 29 0.5 8
35 28 0.5 8
36 30 0.5 8
34 30 0.5 8
34 29 0.5 8
39 14 0.5 2
40 14 0.5 2
78 51 0.5 12
77 51 0.5 12
77 50 0.5 12
79 47 0.5 12
80 47 0.5 12
76 48 0.5 12
77 48 0.5 12
77 47 0.5 12
77 46 0.5 12
78 47 0.5 12
77 49 0.5 12
75 48 0.5 12
77 63 0.5 18
77 62 0.5 18
77 61 0.5 18
81 65 0.5 18
80 65 0.5 18
79 65 0.5 18
79 66 0.5 18
78 66 0.5 18
81 67 0.5 18
82 66 0.5 18
81 66 0.5 18
82 65 0.5 18
78 64 0.5 18
79 64 0.5 18
77 64 0.5 18
78 65 0.5 18
80 64 0.5 18
80 63 0.5 18
57 79 0.5 9
57 78 0.5 9
58 79 0.5 9
58 80 0.5 9
58 77 0.5 9
58 78 0.5 9
60 76 0.5 9
59 77 0.5 9
60 77 0.5 9
85 25 0.5 2
85 24 0.5 2
83 60 0.5 1
58 52 0.5 4
58 51 0.5 4
58 50 0.5 4
57 50 0.5 4
68 2 0.5 3
68 1 0.5 3
67 2 0.5 3
79 76 0.5 3
79 75 0.5 3
80 75 0.5 3
72 58 0.5 1
57 91 0.5 2
57 90 0.5 2
90 12 0.5 2
90 13 0.5 2
81 19 0.5 3
82 19 0.5 3
81 18 0.5 3
40 77 0.5 2
40 78 0.5 2
47 33 0.5 6
47 34 0.5 6
47 35 0.5 6
47 32 0.5 6
46 31 0.5 6
46 32 0.5 6
72 12 0.5 8
73 12 0.5 8
72 13 0.5 8
72 14 0.5 8
72 15 0.5 8
74 11 0.5 8
74 12 0.5 8
73 11 0.5 8
69 98 0.5 1
76 13 0.5 3
77 14 0.5 3
76 14 0.5 3
80 84 0.5 5
79 84 0.5 5
80 83 0.5 5
81 82 0.5 5
80 82 0.5 5
43 99 0.5 6
42 97 0.5 6
42 96 0.5 6
43 98 0.5 6
43 97 0.5 6
43 96 0.5 6
27 16 0.5 4
27 15 0.5 4
28 17 0.5 4
28 16 0.5 4
32 98 0.5 11
32 99 0.5 11
32 0 0.5 11
32 1 0.5 11
32 2 0.5 11
31 2 0.5 11
30 2 0.5 11
30 3 0.5 11
30 4 0.5 11
30 5 0.5 11
32 3 0.5 11
14 83 0.5 4
14 84 0.5 4
14 85 0.5 4
13 85 0.5 4
18 60 0.5 1
86 17 0.5 6
85 18 0.5 6
85 17 0.5 6
86 18 0.5 6
87 18 0.5 6
87 17 0.5 6
54 71 0.5 6
55 71 0.5 6
54 72 0.5 6
53 71 0.5 6
56 71 0.5 6
54 73 0.5 6
63 29 0.5 4
64 29 0.5 4
64 27 0.5 4
64 28 0.5 4
86 95 0.5 1
11 70 0.5 4
11 71 0.5 4
12 71 0.5 4
12 72 0.5 4
51 8 0.5 2
51 7 0.5 2
82 94 0.5 2
82 93 0.5 2
66 18 0.5 2
66 19 0.5 2
90 75 0.5 2
91 75 0.5 2
42 9 0.5 5
43 9 0.5 5
42 10 0.5 5
43 10 0.5 5
42 11 0.5 5
70 37 0.5 2
70 38 0.5 2
57 21 0.5 5
57 22 0.5 5
58 22 0.5 5
59 22 0.5 5
58 21 0.5 5
88 63 0.5 8
89 61 0.5 8
89 62 0.5 8
88 62 0.5 8
89 64 0.5 8
90 64 0.5 8
89 63 0.5 8
91 64 0.5 8
49 44 0.5 2
49 45 0.5 2
54 65 0.5 3
54 64 0.5 3
54 63 0.5 3
1 44 0.5 5
0 43 0.5 5
0 42 0.5 5
0 44 0.5 5
0 41 0.5 5
29 20 0.5 1
92 17 0.5 4
92 15 0.5 4
92 16 0.5 4
92 14 0.5 4
34 62 0.5 1
85 77 0.5 6
86 77 0.5 6
86 78 0.5 6
87 76 0.5 6
87 77 0.5 6
85 78 0.5 6
68 23 0.5 10
67 23 0.5 10
68 24 0.5 10
73 25 0.5 10
72 25 0.5 10
71 25 0.5 10
69 25 0.5 10
68 25 0.5 10
70 25 0.5 10
74 25 0.5 10
38 71 0.5 12
38 73 0.5 12
38 74 0.5 12
38 72 0.5 12
37 74 0.5 12
37 71 0.5 12
36 68 0.5 12
36 69 0.5 12
37 69 0.5 12
36 71 0.5 12
36 72 0.5 12
36 70 0.5 12
19 2 0.5 1
57 47 0.5 2
57 46 0.5 2
15 68 0.5 2
15 69 0.5 2
10 25 0.5 1
35 4 0.5 2
35 5 0.5 2
32 15 0.5 4
32 14 0.5 4
32 13 0.5 4
32 12 0.5 4
36 0 0.5 3
36 1 0.5 3
37 1 0.5 3
64 50 0.5 2
63 50 0.5 2
44 30 0.5 5
43 31 0.5 5
43 30 0.5 5
43 32 0.5 5
43 33 0.5 5
45 50 0.5 2
45 49 0.5 2
91 36 0.5 1
27 95 0.5 4
28 94 0.5 4
28 95 0.5 4
27 96 0.5 4
66 81 0.5 4
67 81 0.5 4
67 82 0.5 4
65 81 0.5 4
69 55 0.5 3
69 56 0.5 3
69 54 0.5 3
55 38 0.5 4
54 38 0.5 4
53 38 0.5 4
53 39 0.5 4
43 17 0.5 5
44 17 0.5 5
42 18 0.5 5
42 17 0.5 5
42 16 0.5 5
15 34 0.5 2
14 34 0.5 2
32 60 0.5 3
33 60 0.5 3
34 60 0.5 3
56 97 0.5 5
57 96 0.5 5
56 96 0.5 5
55 96 0.5 5
58 96 0.5 5
4 68 0.5 2
3 68 0.5 2
48 88 0.5 5
48 89 0.5 5
49 88 0.5 5
49 87 0.5 5
49 89 0.5 5
37 91 0.5 3
36 91 0.5 3
37 92 0.5 3
63 10 0.5 1
45 59 0.5 2
44 59 0.5 2
9 67 0.5 3
7 67 0.5 3
8 67 0.5 3
81 59 0.5 2
82 59 0.5 2
27 26 0.5 2
27 25 0.5 2
69 89 0.5 5
70 89 0.5 5
71 88 0.5 5
72 88 0.5 5
70 88 0.5 5
32 86 0.5 1
28 51 0.5 3
29 51 0.5 3
28 52 0.5 3
21 18 0.5 11
22 18 0.5 11
20 18 0.5 11
19 18 0.5 11
18 18 0.5 11
21 19 0.5 11
18 19 0.5 11
17 19 0.5 11
20 19 0.5 11
19 19 0.5 11
22 17 0.5 11
84 43 0.5 6
83 43 0.5 6
82 43 0.5 6
82 44 0.5 6
81 44 0.5 6
85 43 0.5 6
57 56 0.5 6
58 58 0.5 6
58 57 0.5 6
57 57 0.5 6
56 55 0.5 6
57 55 0.5 6
22 82 0.5 3
22 83 0.5 3
23 83 0.5 3
63 87 0.5 2
63 86 0.5 2
19 65 0.5 1
34 74 0.5 7
36 76 0.5 7
35 76 0.5 7
34 76 0.5 7
33 75 0.5 7
33 76 0.5 7
33 74 0.5 7
47 67 0.5 6
47 68 0.5 6
47 69 0.5 6
47 70 0.5 6
49 70 0.5 6
48 70 0.5 6
96 98 0.5 2
95 98 0.5 2
67 32 0.5 1
61 71 0.5 1
41 34 0.5 2
40 34 0.5 2
15 82 0.5 1
45 10 0.5 1
4 3 0.5 3
6 3 0.5 3
5 3 0.5 3
22 27 0.5 1
52 85 0.5 3
52 84 0.5 3
51 85 0.5 3
94 56 0.5 6
93 56 0.5 6
95 56 0.5 6
96 56 0.5 6
95 55 0.5 6
92 56 0.5 6
47 92 0.5 1
51 13 0.5 1
5 60 0.5 2
4 60 0.5 2
76 29 0.5 5
76 30 0.5 5
76 31 0.5 5
75 29 0.5 5
77 30 0.5 5
50 16 0.5 2
51 16 0.5 2
5 26 0.5 5
4 26 0.5 5
3 26 0.5 5
3 27 0.5 5
4 27 0.5 5
18 96 0.5 1
23 50 0.5 5
24 50 0.5 5
25 50 0.5 5
24 51 0.5 5
25 51 0.5 5
80 27 0.5 2
81 27 0.5 2
97 25 0.5 2
97 26 0.5 2
11 12 0.5 1
35 12 0.5 4
35 14 0.5 4
35 13 0.5 4
35 15 0.5 4
23 38 0.5 1
21 74 0.5 2
21 73 0.5 2
9 17 0.5 3
9 18 0.5 3
8 18 0.5 3
22 98 0.5 3
20 98 0.5 3
21 98 0.5 3
60 69 0.5 2
59 69 0.5 2
62 94 0.5 2
62 95 0.5 2
47 14 0.5 3
47 13 0.5 3
46 13 0.5 3
6 30 0.5 1
62 1 0.5 1
40 26 0.5 5
40 27 0.5 5
41 27 0.5 5
42 27 0.5 5
40 28 0.5 5
99 98 0.5 1
1 55 0.5 1
84 71 0.5 3
85 71 0.5 3
84 70 0.5 3
42 51 0.5 1
2 86 0.5 1
50 91 0.5 2
51 91 0.5 2
48 82 0.5 2
49 82 0.5 2
19 26 0.5 6
20 25 0.5 6
20 26 0.5 6
21 26 0.5 6
21 25 0.5 6
21 24 0.5 6
80 99 0.5 1
63 6 0.5 1
53 21 0.5 2
54 21 0.5 2
99 70 0.5 1
64 64 0.5 2
65 64 0.5 2
4 92 0.5 3
4 91 0.5 3
5 91 0.5 3
69 50 0.5 2
68 50 0.5 2
91 99 0.5 1
27 46 0.5 1
51 77 0.5 1
85 65 0.5 1
69 7 0.5 2
70 7 0.5 2
7 0 0.5 1
11 87 0.5 1
40 44 0.5 1
11 7 0.5 1
23 90 0.5 2
24 90 0.5 2
0 34 0.5 1
61 44 0.5 1
73 57 0.5 1
91 49 0.5 1
12 30 0.5 2
11 30 0.5 2
49 51 0.5 2
49 52 0.5 2
88 3 0.5 1
1 90 0.5 1
42 71 0.5 5
42 70 0.5 5
44 70 0.5 5
44 71 0.5 5
43 70 0.5 5
61 38 0.5 3
62 38 0.5 3
62 39 0.5 3
39 31 0.5 1
1 72 0.5 2
1 73 0.5 2
79 7 0.5 3
78 7 0.5 3
80 7 0.5 3
49 20 0.5 2
49 21 0.5 2
25 46 0.5 5
25 47 0.5 5
24 45 0.5 5
25 45 0.5 5
23 45 0.5 5
5 47 0.5 3
4 47 0.5 3
3 47 0.5 3
94 71 0.5 2
94 72 0.5 2
9 61 0.5 3
9 62 0.5 3
9 63 0.5 3
69 63 0.5 3
68 63 0.5 3
68 62 0.5 3
95 6 0.5 1
6 78 0.5 2
7 78 0.5 2
89 1 0.5 3
89 0 0.5 3
88 1 0.5 3
12 48 0.5 1
45 94 0.5 1
49 27 0.5 1
34 55 0.5 1
84 74 0.5 2
84 73 0.5 2
19 42 0.5 1
13 98 0.5 1
5 36 0.5 1
84 81 0.5 1
71 65 0.5 1
64 59 0.5 1
83 79 0.5 1
98 21 0.5 1
9 92 0.5 1
30 26 0.5 3
31 26 0.5 3
30 27 0.5 3
33 82 0.5 3
34 82 0.5 3
34 83 0.5 3
83 10 0.5 3
81 10 0.5 3
82 10 0.5 3
20 69 0.5 1
70 41 0.5 1
82 16 0.5 1
53 44 0.5 1
23 99 0.5 1
31 9 0.5 2
31 10 0.5 2
83 2 0.5 1
26 81 0.5 1
60 41 0.5 2
61 41 0.5 2
89 72 0.5 2
90 72 0.5 2
27 34 0.5 1
46 5 0.5 2
46 4 0.5 2
77 22 0.5 1
99 94 0.5 1
98 43 0.5 1
91 2 0.5 1
86 90 0.5 1
95 74 0.5 1
41 37 0.5 1
64 20 0.5 3
64 21 0.5 3
63 21 0.5 3
55 59 0.5 2
55 58 0.5 2
13 31 0.5 1
37 88 0.5 1
2 58 0.5 4
2 59 0.5 4
3 59 0.5 4
4 59 0.5 4
6 51 0.5 2
7 51 0.5 2
18 30 0.5 2
19 30 0.5 2
93 28 0.5 1
42 48 0.5 3
42 47 0.5 3
42 46 0.5 3
2 63 0.5 1
99 5 0.5 1
88 69 0.5 3
86 69 0.5 3
87 69 0.5 3
98 50 0.5 1
62 69 0.5 1
66 75 0.5 5
67 75 0.5 5
65 74 0.5 5
65 75 0.5 5
64 75 0.5 5
23 62 0.5 1
93 65 0.5 1
91 94 0.5 1
48 63 0.5 1
60 5 0.5 2
60 4 0.5 2
76 84 0.5 1
38 43 0.5 2
38 44 0.5 2
89 20 0.5 1
66 86 0.5 1
13 40 0.5 2
12 40 0.5 2
46 18 0.5 1
58 1 0.5 3
57 0 0.5 3
58 0 0.5 3
4 19 0.5 4
4 18 0.5 4
4 17 0.5 4
4 16 0.5 4
79 97 0.5 1
41 3 0.5 2
41 2 0.5 2
65 58 0.5 1
93 2 0.5 1
25 42 0.5 1
68 12 0.5 1
1 81 0.5 1
42 82 0.5 1
11 4 0.5 1
34 33 0.5 2
33 33 0.5 2
44 90 0.5 1
59 89 0.5 1
65 7 0.5 1
13 68 0.5 1
95 45 0.5 2
96 45 0.5 2
54 53 0.5 1
96 15 0.5 1
35 48 0.5 1
88 28 0.5 2
88 29 0.5 2
71 93 0.5 1
7 42 0.5 2
8 42 0.5 2
67 96 0.5 2
67 95 0.5 2
17 91 0.5 1
50 41 0.5 1
77 88 0.5 3
77 89 0.5 3
78 89 0.5 3
18 14 0.5 2
18 15 0.5 2
32 68 0.5 2
32 67 0.5 2
81 78 0.5 1
10 9 0.5 1
7 69 0.5 1
37 81 0.5 1
6 14 0.5 1
51 38 0.5 1
83 51 0.5 1
90 23 0.5 1
32 36 0.5 1
60 10 0.5 1
30 82 0.5 1
8 73 0.5 1
75 93 0.5 1
90 90 0.5 1
7 37 0.5 1
51 43 0.5 1
33 91 0.5 1
5 24 0.5 1
70 19 0.5 1
14 10 0.5 1
14 50 0.5 1
45 38 0.5 1
10 13 0.5 1
82 75 0.5 1
46 56 0.5 2
46 57 0.5 2
66 34 0.5 1
44 40 0.5 1
89 79 0.5 1
7 93 0.5 1
25 24 0.5 1
90 10 0.5 1
9 29 0.5 1
92 32 0.5 2
91 32 0.5 2
89 36 0.5 1
11 32 0.5 1
53 18 0.5 1
59 83 0.5 1
90 46 0.5 1
