68 71 0.5 27
70 71 0.5 27
70 72 0.5 27
69 71 0.5 27
68 70 0.5 27
67 71 0.5 27
70 74 0.5 27
71 73 0.5 27
70 73 0.5 27
66 71 0.5 27
66 72 0.5 27
66 74 0.5 27
66 73 0.5 27
65 72 0.5 27
64 69 0.5 27
64 71 0.5 27
64 72 0.5 27
63 72 0.5 27
64 70 0.5 27
63 73 0.5 27
74 71 0.5 27
74 72 0.5 27
74 73 0.5 27
75 73 0.5 27
73 73 0.5 27
72 74 0.5 27
72 73 0.5 27
98 24 0.5 74
97 24 0.5 74
97 23 0.5 74
3 27 0.5 74
3 28 0.5 74
4 27 0.5 74
2 28 0.5 74
5 27 0.5 74
0 26 0.5 74
0 27 0.5 74
1 27 0.5 74
2 27 0.5 74
99 26 0.5 74
0 28 0.5 74
6 27 0.5 74
7 27 0.5 74
5 26 0.5 74
4 26 0.5 74
9 29 0.5 74
8 29 0.5 74
8 28 0.5 74
8 26 0.5 74
8 27 0.5 74
9 25 0.5 74
9 26 0.5 74
10 30 0.5 74
10 29 0.5 74
0 25 0.5 74
99 25 0.5 74
99 24 0.5 74
13 30 0.5 74
12 30 0.5 74
12 29 0.5 74
11 30 0.5 74
11 31 0.5 74
9 35 0.5 74
9 36 0.5 74
8 39 0.5 74
8 38 0.5 74
8 37 0.5 74
8 36 0.5 74
10 35 0.5 74
10 36 0.5 74
13 32 0.5 74
12 32 0.5 74
13 33 0.5 74
11 32 0.5 74
12 31 0.5 74
14 33 0.5 74
11 33 0.5 74
10 33 0.5 74
10 34 0.5 74
15 34 0.5 74
14 34 0.5 74
14 35 0.5 74
16 34 0.5 74
17 34 0.5 74
18 34 0.5 74
4 29 0.5 74
3 29 0.5 74
4 41 0.5 74
3 41 0.5 74
5 40 0.5 74
6 40 0.5 74
6 41 0.5 74
7 41 0.5 74
5 41 0.5 74
4 40 0.5 74
4 39 0.5 74
4 38 0.5 74
5 38 0.5 74
6 38 0.5 74
7 39 0.5 74
6 39 0.5 74
12 76 0.5 10
11 76 0.5 10
11 74 0.5 10
10 74 0.5 10
11 75 0.5 10
9 77 0.5 10
10 77 0.5 10
8 77 0.5 10
11 77 0.5 10
7 77 0.5 10
94 45 0.5 20
95 45 0.5 20
96 45 0.5 20
93 45 0.5 20
0 45 0.5 20
99 45 0.5 20
99 46 0.5 20
98 46 0.5 20
97 45 0.5 20
98 45 0.5 20
97 44 0.5 20
0 46 0.5 20
94 44 0.5 20
0 48 0.5 20
0 47 0.5 20
1 47 0.5 20
95 41 0.5 20
94 42 0.5 20
94 43 0.5 20
95 42 0.5 20
73 26 0.5 47
71 26 0.5 47
72 26 0.5 47
74 26 0.5 47
76 26 0.5 47
75 26 0.5 47
76 25 0.5 47
75 27 0.5 47
75 28 0.5 47
68 26 0.5 47
68 25 0.5 47
70 26 0.5 47
69 26 0.5 47
69 25 0.5 47
69 24 0.5 47
76 24 0.5 47
67 22 0.5 47
69 23 0.5 47
68 23 0.5 47
67 23 0.5 47
68 24 0.5 47
66 22 0.5 47
69 22 0.5 47
62 20 0.5 47
62 18 0.5 47
63 18 0.5 47
63 20 0.5 47
63 19 0.5 47
64 21 0.5 47
64 20 0.5 47
65 20 0.5 47
66 20 0.5 47
66 19 0.5 47
65 18 0.5 47
66 18 0.5 47
67 18 0.5 47
62 21 0.5 47
67 20 0.5 47
68 20 0.5 47
71 20 0.5 47
70 20 0.5 47
69 20 0.5 47
61 17 0.5 47
59 17 0.5 47
60 17 0.5 47
61 18 0.5 47
67 21 0.5 47
19 58 0.5 39
19 57 0.5 39
17 58 0.5 39
17 59 0.5 39
18 58 0.5 39
16 55 0.5 39
17 57 0.5 39
17 55 0.5 39
17 56 0.5 39
18 63 0.5 39
19 63 0.5 39
17 63 0.5 39
16 64 0.5 39
17 64 0.5 39
18 64 0.5 39
19 61 0.5 39
18 61 0.5 39
17 62 0.5 39
17 61 0.5 39
16 60 0.5 39
16 61 0.5 39
20 63 0.5 39
20 62 0.5 39
20 64 0.5 39
21 63 0.5 39
20 61 0.5 39
21 61 0.5 39
22 64 0.5 39
23 64 0.5 39
21 64 0.5 39
22 63 0.5 39
22 60 0.5 39
21 60 0.5 39
20 58 0.5 39
21 58 0.5 39
21 59 0.5 39
20 59 0.5 39
16 54 0.5 39
15 60 0.5 39
77 43 0.5 65
78 43 0.5 65
78 44 0.5 65
76 42 0.5 65
75 42 0.5 65
76 43 0.5 65
76 41 0.5 65
78 42 0.5 65
79 42 0.5 65
80 42 0.5 65
81 42 0.5 65
82 42 0.5 65
80 43 0.5 65
83 42 0.5 65
83 43 0.5 65
82 43 0.5 65
82 44 0.5 65
84 42 0.5 65
84 41 0.5 65
74 44 0.5 65
74 45 0.5 65
73 45 0.5 65
75 44 0.5 65
76 46 0.5 65
76 45 0.5 65
75 46 0.5 65
74 46 0.5 65
77 46 0.5 65
76 47 0.5 65
74 43 0.5 65
75 43 0.5 65
74 49 0.5 65
75 49 0.5 65
73 49 0.5 65
73 50 0.5 65
73 51 0.5 65
73 52 0.5 65
72 53 0.5 65
72 54 0.5 65
72 52 0.5 65
73 55 0.5 65
72 55 0.5 65
71 51 0.5 65
72 51 0.5 65
73 48 0.5 65
73 47 0.5 65
73 46 0.5 65
72 46 0.5 65
68 60 0.5 65
69 60 0.5 65
69 62 0.5 65
69 61 0.5 65
70 61 0.5 65
67 60 0.5 65
71 61 0.5 65
72 61 0.5 65
73 61 0.5 65
74 58 0.5 65
74 57 0.5 65
74 56 0.5 65
73 56 0.5 65
74 60 0.5 65
73 60 0.5 65
74 59 0.5 65
75 56 0.5 65
33 71 0.5 6
34 71 0.5 6
35 71 0.5 6
35 72 0.5 6
32 71 0.5 6
32 70 0.5 6
88 84 0.5 43
88 85 0.5 43
88 83 0.5 43
90 84 0.5 43
90 85 0.5 43
90 83 0.5 43
89 85 0.5 43
90 82 0.5 43
88 82 0.5 43
89 82 0.5 43
88 80 0.5 43
88 81 0.5 43
89 80 0.5 43
87 82 0.5 43
87 81 0.5 43
90 90 0.5 43
91 90 0.5 43
89 90 0.5 43
89 89 0.5 43
90 91 0.5 43
87 88 0.5 43
88 88 0.5 43
88 87 0.5 43
89 88 0.5 43
88 86 0.5 43
89 86 0.5 43
92 90 0.5 43
85 79 0.5 43
85 78 0.5 43
84 77 0.5 43
85 77 0.5 43
85 80 0.5 43
85 81 0.5 43
84 80 0.5 43
86 81 0.5 43
86 85 0.5 43
86 84 0.5 43
85 84 0.5 43
84 82 0.5 43
85 82 0.5 43
84 83 0.5 43
84 84 0.5 43
83 82 0.5 43
40 16 0.5 103
40 15 0.5 103
39 15 0.5 103
36 16 0.5 103
36 15 0.5 103
37 15 0.5 103
38 15 0.5 103
35 16 0.5 103
34 16 0.5 103
34 17 0.5 103
34 15 0.5 103
32 18 0.5 103
32 19 0.5 103
34 18 0.5 103
33 18 0.5 103
33 16 0.5 103
31 18 0.5 103
40 17 0.5 103
40 18 0.5 103
35 24 0.5 103
36 23 0.5 103
35 23 0.5 103
34 23 0.5 103
34 19 0.5 103
34 21 0.5 103
34 20 0.5 103
34 22 0.5 103
35 22 0.5 103
33 20 0.5 103
43 22 0.5 103
43 21 0.5 103
41 21 0.5 103
42 21 0.5 103
44 21 0.5 103
41 22 0.5 103
41 23 0.5 103
40 22 0.5 103
41 20 0.5 103
41 19 0.5 103
41 18 0.5 103
43 6 0.5 103
43 7 0.5 103
44 7 0.5 103
41 9 0.5 103
42 9 0.5 103
42 10 0.5 103
43 9 0.5 103
43 8 0.5 103
42 16 0.5 103
42 14 0.5 103
41 15 0.5 103
42 15 0.5 103
42 13 0.5 103
42 12 0.5 103
42 11 0.5 103
32 10 0.5 103
32 9 0.5 103
32 8 0.5 103
31 12 0.5 103
31 10 0.5 103
31 11 0.5 103
30 12 0.5 103
29 12 0.5 103
28 12 0.5 103
35 12 0.5 103
35 13 0.5 103
34 12 0.5 103
34 11 0.5 103
35 14 0.5 103
34 14 0.5 103
33 11 0.5 103
33 10 0.5 103
28 11 0.5 103
28 3 0.5 103
27 3 0.5 103
28 4 0.5 103
27 4 0.5 103
28 2 0.5 103
27 1 0.5 103
27 2 0.5 103
26 1 0.5 103
25 1 0.5 103
28 1 0.5 103
27 0 0.5 103
26 0 0.5 103
25 0 0.5 103
29 3 0.5 103
24 9 0.5 103
24 8 0.5 103
25 7 0.5 103
25 8 0.5 103
26 6 0.5 103
25 6 0.5 103
26 5 0.5 103
27 5 0.5 103
29 6 0.5 103
30 7 0.5 103
29 7 0.5 103
31 7 0.5 103
32 7 0.5 103
28 5 0.5 103
28 6 0.5 103
27 6 0.5 103
24 47 0.5 38
23 47 0.5 38
23 48 0.5 38
25 48 0.5 38
25 47 0.5 38
26 48 0.5 38
25 49 0.5 38
28 48 0.5 38
28 47 0.5 38
27 48 0.5 38
27 49 0.5 38
27 50 0.5 38
26 49 0.5 38
24 46 0.5 38
23 46 0.5 38
30 44 0.5 38
31 44 0.5 38
29 44 0.5 38
30 43 0.5 38
29 46 0.5 38
29 45 0.5 38
28 46 0.5 38
27 46 0.5 38
35 42 0.5 38
35 43 0.5 38
36 42 0.5 38
32 43 0.5 38
33 43 0.5 38
34 43 0.5 38
32 44 0.5 38
32 45 0.5 38
31 45 0.5 38
34 41 0.5 38
35 41 0.5 38
33 41 0.5 38
33 40 0.5 38
32 40 0.5 38
34 40 0.5 38
87 3 0.5 60
87 4 0.5 60
86 3 0.5 60
86 2 0.5 60
84 3 0.5 60
85 4 0.5 60
84 4 0.5 60
85 3 0.5 60
86 1 0.5 60
90 4 0.5 60
90 5 0.5 60
89 4 0.5 60
88 4 0.5 60
88 5 0.5 60
94 3 0.5 60
93 3 0.5 60
93 2 0.5 60
92 2 0.5 60
91 2 0.5 60
91 3 0.5 60
90 3 0.5 60
90 1 0.5 60
89 1 0.5 60
88 1 0.5 60
87 1 0.5 60
89 0 0.5 60
89 99 0.5 60
87 0 0.5 60
87 99 0.5 60
89 96 0.5 60
89 97 0.5 60
89 98 0.5 60
88 96 0.5 60
88 95 0.5 60
86 94 0.5 60
87 94 0.5 60
87 96 0.5 60
87 95 0.5 60
96 6 0.5 60
95 6 0.5 60
94 6 0.5 60
98 4 0.5 60
98 5 0.5 60
98 3 0.5 60
99 3 0.5 60
96 5 0.5 60
97 5 0.5 60
99 2 0.5 60
94 5 0.5 60
94 4 0.5 60
99 1 0.5 60
93 5 0.5 60
0 2 0.5 60
1 2 0.5 60
96 7 0.5 60
0 3 0.5 60
92 7 0.5 60
92 6 0.5 60
92 5 0.5 60
96 8 0.5 60
44 51 0.5 16
44 50 0.5 16
44 48 0.5 16
44 49 0.5 16
43 47 0.5 16
43 48 0.5 16
47 47 0.5 16
48 47 0.5 16
48 46 0.5 16
47 48 0.5 16
47 49 0.5 16
48 49 0.5 16
49 49 0.5 16
45 49 0.5 16
46 49 0.5 16
48 45 0.5 16
89 57 0.5 48
90 57 0.5 48
91 57 0.5 48
91 56 0.5 48
88 57 0.5 48
92 56 0.5 48
89 56 0.5 48
86 59 0.5 48
86 58 0.5 48
87 58 0.5 48
86 62 0.5 48
86 60 0.5 48
86 61 0.5 48
87 57 0.5 48
92 55 0.5 48
90 59 0.5 48
90 58 0.5 48
90 60 0.5 48
91 60 0.5 48
92 60 0.5 48
89 59 0.5 48
91 55 0.5 48
91 53 0.5 48
91 54 0.5 48
92 54 0.5 48
89 53 0.5 48
90 53 0.5 48
86 63 0.5 48
86 64 0.5 48
96 55 0.5 48
95 55 0.5 48
94 55 0.5 48
95 54 0.5 48
96 56 0.5 48
93 53 0.5 48
93 54 0.5 48
93 55 0.5 48
97 55 0.5 48
84 65 0.5 48
85 65 0.5 48
86 65 0.5 48
81 66 0.5 48
81 65 0.5 48
81 67 0.5 48
83 66 0.5 48
84 66 0.5 48
82 66 0.5 48
80 65 0.5 48
48 93 0.5 24
47 93 0.5 24
46 92 0.5 24
47 92 0.5 24
47 91 0.5 24
46 88 0.5 24
48 88 0.5 24
48 89 0.5 24
47 88 0.5 24
49 89 0.5 24
48 90 0.5 24
47 90 0.5 24
45 88 0.5 24
42 90 0.5 24
42 91 0.5 24
42 93 0.5 24
42 92 0.5 24
44 93 0.5 24
43 93 0.5 24
44 92 0.5 24
45 91 0.5 24
45 92 0.5 24
41 93 0.5 24
41 92 0.5 24
9 57 0.5 31
8 57 0.5 31
10 58 0.5 31
10 57 0.5 31
5 59 0.5 31
4 59 0.5 31
4 60 0.5 31
5 60 0.5 31
3 60 0.5 31
3 62 0.5 31
3 61 0.5 31
4 63 0.5 31
5 62 0.5 31
4 62 0.5 31
6 59 0.5 31
6 58 0.5 31
6 57 0.5 31
6 62 0.5 31
7 57 0.5 31
7 56 0.5 31
10 53 0.5 31
10 54 0.5 31
10 55 0.5 31
10 56 0.5 31
9 56 0.5 31
8 56 0.5 31
5 64 0.5 31
4 64 0.5 31
2 62 0.5 31
2 63 0.5 31
2 64 0.5 31
56 23 0.5 13
54 22 0.5 13
54 21 0.5 13
54 23 0.5 13
55 22 0.5 13
55 23 0.5 13
56 22 0.5 13
54 18 0.5 13
54 19 0.5 13
54 20 0.5 13
53 23 0.5 13
52 24 0.5 13
52 23 0.5 13
62 33 0.5 18
63 33 0.5 18
61 33 0.5 18
59 31 0.5 18
60 31 0.5 18
58 31 0.5 18
61 32 0.5 18
60 32 0.5 18
58 28 0.5 18
58 29 0.5 18
58 30 0.5 18
60 33 0.5 18
64 33 0.5 18
64 32 0.5 18
64 34 0.5 18
57 30 0.5 18
57 31 0.5 18
60 34 0.5 18
53 73 0.5 19
52 72 0.5 19
52 71 0.5 19
53 72 0.5 19
51 71 0.5 19
53 74 0.5 19
54 75 0.5 19
53 75 0.5 19
52 70 0.5 19
57 75 0.5 19
56 75 0.5 19
55 75 0.5 19
58 77 0.5 19
57 77 0.5 19
57 76 0.5 19
56 76 0.5 19
54 76 0.5 19
55 76 0.5 19
55 77 0.5 19
82 15 0.5 18
82 16 0.5 18
83 16 0.5 18
83 15 0.5 18
84 16 0.5 18
85 16 0.5 18
85 15 0.5 18
81 14 0.5 18
80 14 0.5 18
80 15 0.5 18
79 14 0.5 18
82 14 0.5 18
78 16 0.5 18
78 15 0.5 18
78 14 0.5 18
77 14 0.5 18
82 12 0.5 18
82 13 0.5 18
62 93 0.5 16
63 93 0.5 16
61 93 0.5 16
60 93 0.5 16
61 94 0.5 16
67 94 0.5 16
67 93 0.5 16
64 94 0.5 16
65 94 0.5 16
66 94 0.5 16
64 93 0.5 16
66 93 0.5 16
68 94 0.5 16
60 94 0.5 16
59 94 0.5 16
58 94 0.5 16
54 69 0.5 3
54 68 0.5 3
54 67 0.5 3
11 11 0.5 44
12 12 0.5 44
11 12 0.5 44
12 13 0.5 44
10 12 0.5 44
9 11 0.5 44
10 11 0.5 44
8 11 0.5 44
8 12 0.5 44
12 8 0.5 44
11 8 0.5 44
12 10 0.5 44
11 10 0.5 44
11 9 0.5 44
12 11 0.5 44
11 7 0.5 44
12 7 0.5 44
13 7 0.5 44
12 6 0.5 44
12 5 0.5 44
11 6 0.5 44
10 5 0.5 44
11 5 0.5 44
9 5 0.5 44
13 11 0.5 44
14 10 0.5 44
14 12 0.5 44
14 11 0.5 44
8 5 0.5 44
8 4 0.5 44
7 4 0.5 44
7 5 0.5 44
6 3 0.5 44
7 3 0.5 44
5 3 0.5 44
12 2 0.5 44
12 3 0.5 44
11 4 0.5 44
12 4 0.5 44
11 2 0.5 44
10 2 0.5 44
10 1 0.5 44
9 2 0.5 44
5 2 0.5 44
12 92 0.5 8
13 92 0.5 8
12 91 0.5 8
13 91 0.5 8
14 92 0.5 8
14 91 0.5 8
15 91 0.5 8
14 93 0.5 8
5 80 0.5 30
7 79 0.5 30
7 80 0.5 30
6 80 0.5 30
7 83 0.5 30
6 83 0.5 30
6 82 0.5 30
6 81 0.5 30
6 84 0.5 30
7 81 0.5 30
8 81 0.5 30
9 81 0.5 30
4 79 0.5 30
5 79 0.5 30
3 79 0.5 30
1 82 0.5 30
2 80 0.5 30
1 80 0.5 30
1 81 0.5 30
2 79 0.5 30
0 83 0.5 30
1 83 0.5 30
1 84 0.5 30
2 84 0.5 30
2 85 0.5 30
0 81 0.5 30
2 86 0.5 30
2 87 0.5 30
1 88 0.5 30
2 88 0.5 30
85 24 0.5 41
85 25 0.5 41
84 26 0.5 41
85 26 0.5 41
83 26 0.5 41
86 26 0.5 41
86 25 0.5 41
84 25 0.5 41
88 25 0.5 41
87 25 0.5 41
83 22 0.5 41
83 23 0.5 41
83 24 0.5 41
83 25 0.5 41
84 22 0.5 41
83 28 0.5 41
83 27 0.5 41
85 28 0.5 41
84 28 0.5 41
86 28 0.5 41
88 29 0.5 41
88 30 0.5 41
89 30 0.5 41
89 28 0.5 41
88 28 0.5 41
87 28 0.5 41
91 27 0.5 41
92 27 0.5 41
93 27 0.5 41
93 26 0.5 41
91 28 0.5 41
90 27 0.5 41
89 27 0.5 41
89 26 0.5 41
95 26 0.5 41
94 26 0.5 41
96 28 0.5 41
97 28 0.5 41
95 29 0.5 41
95 28 0.5 41
95 27 0.5 41
88 35 0.5 2
87 35 0.5 2
38 56 0.5 39
39 58 0.5 39
38 57 0.5 39
38 58 0.5 39
45 59 0.5 39
44 59 0.5 39
43 59 0.5 39
42 59 0.5 39
41 59 0.5 39
40 57 0.5 39
41 58 0.5 39
40 58 0.5 39
45 58 0.5 39
45 57 0.5 39
45 56 0.5 39
46 55 0.5 39
46 54 0.5 39
46 56 0.5 39
38 59 0.5 39
45 62 0.5 39
44 62 0.5 39
43 62 0.5 39
43 60 0.5 39
43 61 0.5 39
46 62 0.5 39
45 63 0.5 39
44 63 0.5 39
47 63 0.5 39
47 62 0.5 39
37 55 0.5 39
36 55 0.5 39
38 55 0.5 39
36 57 0.5 39
36 56 0.5 39
35 56 0.5 39
35 55 0.5 39
39 54 0.5 39
39 53 0.5 39
38 54 0.5 39
54 34 0.5 2
54 33 0.5 2
53 54 0.5 15
53 55 0.5 15
54 55 0.5 15
54 54 0.5 15
52 55 0.5 15
55 55 0.5 15
53 56 0.5 15
53 57 0.5 15
54 57 0.5 15
58 55 0.5 15
58 56 0.5 15
56 55 0.5 15
56 56 0.5 15
57 56 0.5 15
56 57 0.5 15
43 32 0.5 1
90 74 0.5 12
90 73 0.5 12
91 75 0.5 12
90 75 0.5 12
91 69 0.5 12
91 70 0.5 12
91 71 0.5 12
92 69 0.5 12
90 70 0.5 12
90 72 0.5 12
91 72 0.5 12
92 72 0.5 12
0 13 0.5 1
17 77 0.5 2
16 77 0.5 2
25 95 0.5 7
25 96 0.5 7
23 93 0.5 7
23 92 0.5 7
24 95 0.5 7
23 94 0.5 7
24 94 0.5 7
65 78 0.5 2
66 78 0.5 2
39 86 0.5 10
39 85 0.5 10
38 86 0.5 10
38 85 0.5 10
35 86 0.5 10
37 86 0.5 10
36 88 0.5 10
36 87 0.5 10
36 86 0.5 10
36 89 0.5 10
97 34 0.5 3
98 33 0.5 3
97 33 0.5 3
34 98 0.5 2
34 97 0.5 2
94 17 0.5 6
94 16 0.5 6
95 17 0.5 6
93 18 0.5 6
94 18 0.5 6
92 18 0.5 6
58 41 0.5 1
23 19 0.5 2
24 19 0.5 2
54 0 0.5 4
53 1 0.5 4
54 1 0.5 4
52 1 0.5 4
97 93 0.5 7
98 92 0.5 7
98 93 0.5 7
97 95 0.5 7
98 95 0.5 7
97 94 0.5 7
99 95 0.5 7
87 41 0.5 1
35 80 0.5 11
34 81 0.5 11
34 80 0.5 11
32 80 0.5 11
33 80 0.5 11
35 79 0.5 11
36 79 0.5 11
38 79 0.5 11
37 79 0.5 11
35 78 0.5 11
39 79 0.5 11
45 5 0.5 4
46 5 0.5 4
46 4 0.5 4
46 3 0.5 4
74 80 0.5 1
22 39 0.5 1
4 94 0.5 1
28 72 0.5 1
16 93 0.5 1
