69 71 0.5 27
71 71 0.5 27
71 72 0.5 27
70 71 0.5 27
69 70 0.5 27
68 71 0.5 27
71 74 0.5 27
72 73 0.5 27
71 73 0.5 27
67 71 0.5 27
67 72 0.5 27
67 74 0.5 27
67 73 0.5 27
66 72 0.5 27
65 69 0.5 27
65 71 0.5 27
65 72 0.5 27
64 72 0.5 27
65 70 0.5 27
64 73 0.5 27
75 71 0.5 27
75 72 0.5 27
75 73 0.5 27
76 73 0.5 27
74 73 0.5 27
73 74 0.5 27
73 73 0.5 27
98 25 0.5 74
97 25 0.5 74
97 24 0.5 74
3 28 0.5 74
3 29 0.5 74
4 28 0.5 74
2 29 0.5 74
5 28 0.5 74
0 27 0.5 74
0 28 0.5 74
1 28 0.5 74
2 28 0.5 74
99 27 0.5 74
0 29 0.5 74
6 28 0.5 74
7 28 0.5 74
5 27 0.5 74
4 27 0.5 74
9 30 0.5 74
8 30 0.5 74
8 29 0.5 74
8 27 0.5 74
8 28 0.5 74
9 26 0.5 74
9 27 0.5 74
10 31 0.5 74
10 30 0.5 74
0 26 0.5 74
99 26 0.5 74
99 25 0.5 74
13 31 0.5 74
12 31 0.5 74
12 30 0.5 74
11 31 0.5 74
11 32 0.5 74
9 36 0.5 74
9 37 0.5 74
8 40 0.5 74
8 39 0.5 74
8 38 0.5 74
8 37 0.5 74
10 36 0.5 74
10 37 0.5 74
13 33 0.5 74
12 33 0.5 74
13 34 0.5 74
11 33 0.5 74
12 32 0.5 74
14 34 0.5 74
11 34 0.5 74
10 34 0.5 74
10 35 0.5 74
15 35 0.5 74
14 35 0.5 74
14 36 0.5 74
16 35 0.5 74
17 35 0.5 74
18 35 0.5 74
4 30 0.5 74
3 30 0.5 74
4 42 0.5 74
3 42 0.5 74
5 41 0.5 74
6 41 0.5 74
6 42 0.5 74
7 42 0.5 74
5 42 0.5 74
4 41 0.5 74
4 40 0.5 74
4 39 0.5 74
5 39 0.5 74
6 39 0.5 74
7 40 0.5 74
6 40 0.5 74
12 75 0.5 10
11 75 0.5 10
11 73 0.5 10
10 73 0.5 10
11 74 0.5 10
9 76 0.5 10
10 76 0.5 10
8 76 0.5 10
11 76 0.5 10
7 76 0.5 10
95 45 0.5 20
96 45 0.5 20
97 45 0.5 20
94 45 0.5 20
1 45 0.5 20
0 45 0.5 20
0 46 0.5 20
99 46 0.5 20
98 45 0.5 20
99 45 0.5 20
98 44 0.5 20
1 46 0.5 20
95 44 0.5 20
1 48 0.5 20
1 47 0.5 20
2 47 0.5 20
96 41 0.5 20
95 42 0.5 20
95 43 0.5 20
96 42 0.5 20
72 26 0.5 47
70 26 0.5 47
71 26 0.5 47
73 26 0.5 47
75 26 0.5 47
74 26 0.5 47
75 25 0.5 47
74 27 0.5 47
74 28 0.5 47
67 26 0.5 47
67 25 0.5 47
69 26 0.5 47
68 26 0.5 47
68 25 0.5 47
68 24 0.5 47
75 24 0.5 47
66 22 0.5 47
68 23 0.5 47
67 23 0.5 47
66 23 0.5 47
67 24 0.5 47
65 22 0.5 47
68 22 0.5 47
61 20 0.5 47
61 18 0.5 47
62 18 0.5 47
62 20 0.5 47
62 19 0.5 47
63 21 0.5 47
63 20 0.5 47
64 20 0.5 47
65 20 0.5 47
65 19 0.5 47
64 18 0.5 47
65 18 0.5 47
66 18 0.5 47
61 21 0.5 47
66 20 0.5 47
67 20 0.5 47
70 20 0.5 47
69 20 0.5 47
68 20 0.5 47
60 17 0.5 47
58 17 0.5 47
59 17 0.5 47
60 18 0.5 47
66 21 0.5 47
18 58 0.5 39
18 57 0.5 39
16 58 0.5 39
16 59 0.5 39
17 58 0.5 39
15 55 0.5 39
16 57 0.5 39
16 55 0.5 39
16 56 0.5 39
17 63 0.5 39
18 63 0.5 39
16 63 0.5 39
15 64 0.5 39
16 64 0.5 39
17 64 0.5 39
18 61 0.5 39
17 61 0.5 39
16 62 0.5 39
16 61 0.5 39
15 60 0.5 39
15 61 0.5 39
19 63 0.5 39
19 62 0.5 39
19 64 0.5 39
20 63 0.5 39
19 61 0.5 39
20 61 0.5 39
21 64 0.5 39
22 64 0.5 39
20 64 0.5 39
21 63 0.5 39
21 60 0.5 39
20 60 0.5 39
19 58 0.5 39
20 58 0.5 39
20 59 0.5 39
19 59 0.5 39
15 54 0.5 39
14 60 0.5 39
77 42 0.5 65
78 42 0.5 65
78 43 0.5 65
76 41 0.5 65
75 41 0.5 65
76 42 0.5 65
76 40 0.5 65
78 41 0.5 65
79 41 0.5 65
80 41 0.5 65
81 41 0.5 65
82 41 0.5 65
80 42 0.5 65
83 41 0.5 65
83 42 0.5 65
82 42 0.5 65
82 43 0.5 65
84 41 0.5 65
84 40 0.5 65
74 43 0.5 65
74 44 0.5 65
73 44 0.5 65
75 43 0.5 65
76 45 0.5 65
76 44 0.5 65
75 45 0.5 65
74 45 0.5 65
77 45 0.5 65
76 46 0.5 65
74 42 0.5 65
75 42 0.5 65
74 48 0.5 65
75 48 0.5 65
73 48 0.5 65
73 49 0.5 65
73 50 0.5 65
73 51 0.5 65
72 52 0.5 65
72 53 0.5 65
72 51 0.5 65
73 54 0.5 65
72 54 0.5 65
71 50 0.5 65
72 50 0.5 65
73 47 0.5 65
73 46 0.5 65
73 45 0.5 65
72 45 0.5 65
68 59 0.5 65
69 59 0.5 65
69 61 0.5 65
69 60 0.5 65
70 60 0.5 65
67 59 0.5 65
71 60 0.5 65
72 60 0.5 65
73 60 0.5 65
74 57 0.5 65
74 56 0.5 65
74 55 0.5 65
73 55 0.5 65
74 59 0.5 65
73 59 0.5 65
74 58 0.5 65
75 55 0.5 65
34 71 0.5 6
35 71 0.5 6
36 71 0.5 6
36 72 0.5 6
33 71 0.5 6
33 70 0.5 6
87 84 0.5 43
87 85 0.5 43
87 83 0.5 43
89 84 0.5 43
89 85 0.5 43
89 83 0.5 43
88 85 0.5 43
89 82 0.5 43
87 82 0.5 43
88 82 0.5 43
87 80 0.5 43
87 81 0.5 43
88 80 0.5 43
86 82 0.5 43
86 81 0.5 43
89 90 0.5 43
90 90 0.5 43
88 90 0.5 43
88 89 0.5 43
89 91 0.5 43
86 88 0.5 43
87 88 0.5 43
87 87 0.5 43
88 88 0.5 43
87 86 0.5 43
88 86 0.5 43
91 90 0.5 43
84 79 0.5 43
84 78 0.5 43
83 77 0.5 43
84 77 0.5 43
84 80 0.5 43
84 81 0.5 43
83 80 0.5 43
85 81 0.5 43
85 85 0.5 43
85 84 0.5 43
84 84 0.5 43
83 82 0.5 43
84 82 0.5 43
83 83 0.5 43
83 84 0.5 43
82 82 0.5 43
40 15 0.5 103
40 14 0.5 103
39 14 0.5 103
36 15 0.5 103
36 14 0.5 103
37 14 0.5 103
38 14 0.5 103
35 15 0.5 103
34 15 0.5 103
34 16 0.5 103
34 14 0.5 103
32 17 0.5 103
32 18 0.5 103
34 17 0.5 103
33 17 0.5 103
33 15 0.5 103
31 17 0.5 103
40 16 0.5 103
40 17 0.5 103
35 23 0.5 103
36 22 0.5 103
35 22 0.5 103
34 22 0.5 103
34 18 0.5 103
34 20 0.5 103
34 19 0.5 103
34 21 0.5 103
35 21 0.5 103
33 19 0.5 103
43 21 0.5 103
43 20 0.5 103
41 20 0.5 103
42 20 0.5 103
44 20 0.5 103
41 21 0.5 103
41 22 0.5 103
40 21 0.5 103
41 19 0.5 103
41 18 0.5 103
41 17 0.5 103
43 5 0.5 103
43 6 0.5 103
44 6 0.5 103
41 8 0.5 103
42 8 0.5 103
42 9 0.5 103
43 8 0.5 103
43 7 0.5 103
42 15 0.5 103
42 13 0.5 103
41 14 0.5 103
42 14 0.5 103
42 12 0.5 103
42 11 0.5 103
42 10 0.5 103
32 9 0.5 103
32 8 0.5 103
32 7 0.5 103
31 11 0.5 103
31 9 0.5 103
31 10 0.5 103
30 11 0.5 103
29 11 0.5 103
28 11 0.5 103
35 11 0.5 103
35 12 0.5 103
34 11 0.5 103
34 10 0.5 103
35 13 0.5 103
34 13 0.5 103
33 10 0.5 103
33 9 0.5 103
28 10 0.5 103
28 2 0.5 103
27 2 0.5 103
28 3 0.5 103
27 3 0.5 103
28 1 0.5 103
27 0 0.5 103
27 1 0.5 103
26 0 0.5 103
25 0 0.5 103
28 0 0.5 103
27 99 0.5 103
26 99 0.5 103
25 99 0.5 103
29 2 0.5 103
24 8 0.5 103
24 7 0.5 103
25 6 0.5 103
25 7 0.5 103
26 5 0.5 103
25 5 0.5 103
26 4 0.5 103
27 4 0.5 103
29 5 0.5 103
30 6 0.5 103
29 6 0.5 103
31 6 0.5 103
32 6 0.5 103
28 4 0.5 103
28 5 0.5 103
27 5 0.5 103
23 47 0.5 38
22 47 0.5 38
22 48 0.5 38
24 48 0.5 38
24 47 0.5 38
25 48 0.5 38
24 49 0.5 38
27 48 0.5 38
27 47 0.5 38
26 48 0.5 38
26 49 0.5 38
26 50 0.5 38
25 49 0.5 38
23 46 0.5 38
22 46 0.5 38
29 44 0.5 38
30 44 0.5 38
28 44 0.5 38
29 43 0.5 38
28 46 0.5 38
28 45 0.5 38
27 46 0.5 38
26 46 0.5 38
34 42 0.5 38
34 43 0.5 38
35 42 0.5 38
31 43 0.5 38
32 43 0.5 38
33 43 0.5 38
31 44 0.5 38
31 45 0.5 38
30 45 0.5 38
33 41 0.5 38
34 41 0.5 38
32 41 0.5 38
32 40 0.5 38
31 40 0.5 38
33 40 0.5 38
86 3 0.5 60
86 4 0.5 60
85 3 0.5 60
85 2 0.5 60
83 3 0.5 60
84 4 0.5 60
83 4 0.5 60
84 3 0.5 60
85 1 0.5 60
89 4 0.5 60
89 5 0.5 60
88 4 0.5 60
87 4 0.5 60
87 5 0.5 60
93 3 0.5 60
92 3 0.5 60
92 2 0.5 60
91 2 0.5 60
90 2 0.5 60
90 3 0.5 60
89 3 0.5 60
89 1 0.5 60
88 1 0.5 60
87 1 0.5 60
86 1 0.5 60
88 0 0.5 60
88 99 0.5 60
86 0 0.5 60
86 99 0.5 60
88 96 0.5 60
88 97 0.5 60
88 98 0.5 60
87 96 0.5 60
87 95 0.5 60
85 94 0.5 60
86 94 0.5 60
86 96 0.5 60
86 95 0.5 60
95 6 0.5 60
94 6 0.5 60
93 6 0.5 60
97 4 0.5 60
97 5 0.5 60
97 3 0.5 60
98 3 0.5 60
95 5 0.5 60
96 5 0.5 60
98 2 0.5 60
93 5 0.5 60
93 4 0.5 60
98 1 0.5 60
92 5 0.5 60
99 2 0.5 60
0 2 0.5 60
95 7 0.5 60
99 3 0.5 60
91 7 0.5 60
91 6 0.5 60
91 5 0.5 60
95 8 0.5 60
44 50 0.5 16
44 49 0.5 16
44 47 0.5 16
44 48 0.5 16
43 46 0.5 16
43 47 0.5 16
47 46 0.5 16
48 46 0.5 16
48 45 0.5 16
47 47 0.5 16
47 48 0.5 16
48 48 0.5 16
49 48 0.5 16
45 48 0.5 16
46 48 0.5 16
48 44 0.5 16
88 57 0.5 48
89 57 0.5 48
90 57 0.5 48
90 56 0.5 48
87 57 0.5 48
91 56 0.5 48
88 56 0.5 48
85 59 0.5 48
85 58 0.5 48
86 58 0.5 48
85 62 0.5 48
85 60 0.5 48
85 61 0.5 48
86 57 0.5 48
91 55 0.5 48
89 59 0.5 48
89 58 0.5 48
89 60 0.5 48
90 60 0.5 48
91 60 0.5 48
88 59 0.5 48
90 55 0.5 48
90 53 0.5 48
90 54 0.5 48
91 54 0.5 48
88 53 0.5 48
89 53 0.5 48
85 63 0.5 48
85 64 0.5 48
95 55 0.5 48
94 55 0.5 48
93 55 0.5 48
94 54 0.5 48
95 56 0.5 48
92 53 0.5 48
92 54 0.5 48
92 55 0.5 48
96 55 0.5 48
83 65 0.5 48
84 65 0.5 48
85 65 0.5 48
80 66 0.5 48
80 65 0.5 48
80 67 0.5 48
82 66 0.5 48
83 66 0.5 48
81 66 0.5 48
79 65 0.5 48
49 93 0.5 24
48 93 0.5 24
47 92 0.5 24
48 92 0.5 24
48 91 0.5 24
47 88 0.5 24
49 88 0.5 24
49 89 0.5 24
48 88 0.5 24
50 89 0.5 24
49 90 0.5 24
48 90 0.5 24
46 88 0.5 24
43 90 0.5 24
43 91 0.5 24
43 93 0.5 24
43 92 0.5 24
45 93 0.5 24
44 93 0.5 24
45 92 0.5 24
46 91 0.5 24
46 92 0.5 24
42 93 0.5 24
42 92 0.5 24
9 58 0.5 31
8 58 0.5 31
10 59 0.5 31
10 58 0.5 31
5 60 0.5 31
4 60 0.5 31
4 61 0.5 31
5 61 0.5 31
3 61 0.5 31
3 63 0.5 31
3 62 0.5 31
4 64 0.5 31
5 63 0.5 31
4 63 0.5 31
6 60 0.5 31
6 59 0.5 31
6 58 0.5 31
6 63 0.5 31
7 58 0.5 31
7 57 0.5 31
10 54 0.5 31
10 55 0.5 31
10 56 0.5 31
10 57 0.5 31
9 57 0.5 31
8 57 0.5 31
5 65 0.5 31
4 65 0.5 31
2 63 0.5 31
2 64 0.5 31
2 65 0.5 31
56 22 0.5 13
54 21 0.5 13
54 20 0.5 13
54 22 0.5 13
55 21 0.5 13
55 22 0.5 13
56 21 0.5 13
54 17 0.5 13
54 18 0.5 13
54 19 0.5 13
53 22 0.5 13
52 23 0.5 13
52 22 0.5 13
62 34 0.5 18
63 34 0.5 18
61 34 0.5 18
59 32 0.5 18
60 32 0.5 18
58 32 0.5 18
61 33 0.5 18
60 33 0.5 18
58 29 0.5 18
58 30 0.5 18
58 31 0.5 18
60 34 0.5 18
64 34 0.5 18
64 33 0.5 18
64 35 0.5 18
57 31 0.5 18
57 32 0.5 18
60 35 0.5 18
54 73 0.5 19
53 72 0.5 19
53 71 0.5 19
54 72 0.5 19
52 71 0.5 19
54 74 0.5 19
55 75 0.5 19
54 75 0.5 19
53 70 0.5 19
58 75 0.5 19
57 75 0.5 19
56 75 0.5 19
59 77 0.5 19
58 77 0.5 19
58 76 0.5 19
57 76 0.5 19
55 76 0.5 19
56 76 0.5 19
56 77 0.5 19
82 14 0.5 18
82 15 0.5 18
83 15 0.5 18
83 14 0.5 18
84 15 0.5 18
85 15 0.5 18
85 14 0.5 18
81 13 0.5 18
80 13 0.5 18
80 14 0.5 18
79 13 0.5 18
82 13 0.5 18
78 15 0.5 18
78 14 0.5 18
78 13 0.5 18
77 13 0.5 18
82 11 0.5 18
82 12 0.5 18
63 93 0.5 16
64 93 0.5 16
62 93 0.5 16
61 93 0.5 16
62 94 0.5 16
68 94 0.5 16
68 93 0.5 16
65 94 0.5 16
66 94 0.5 16
67 94 0.5 16
65 93 0.5 16
67 93 0.5 16
69 94 0.5 16
61 94 0.5 16
60 94 0.5 16
59 94 0.5 16
54 68 0.5 3
54 67 0.5 3
54 66 0.5 3
11 10 0.5 44
12 11 0.5 44
11 11 0.5 44
12 12 0.5 44
10 11 0.5 44
9 10 0.5 44
10 10 0.5 44
8 10 0.5 44
8 11 0.5 44
12 7 0.5 44
11 7 0.5 44
12 9 0.5 44
11 9 0.5 44
11 8 0.5 44
12 10 0.5 44
11 6 0.5 44
12 6 0.5 44
13 6 0.5 44
12 5 0.5 44
12 4 0.5 44
11 5 0.5 44
10 4 0.5 44
11 4 0.5 44
9 4 0.5 44
13 10 0.5 44
14 9 0.5 44
14 11 0.5 44
14 10 0.5 44
8 4 0.5 44
8 3 0.5 44
7 3 0.5 44
7 4 0.5 44
6 2 0.5 44
7 2 0.5 44
5 2 0.5 44
12 1 0.5 44
12 2 0.5 44
11 3 0.5 44
12 3 0.5 44
11 1 0.5 44
10 1 0.5 44
10 0 0.5 44
9 1 0.5 44
5 1 0.5 44
12 93 0.5 8
13 93 0.5 8
12 92 0.5 8
13 92 0.5 8
14 93 0.5 8
14 92 0.5 8
15 92 0.5 8
14 94 0.5 8
5 79 0.5 30
7 78 0.5 30
7 79 0.5 30
6 79 0.5 30
7 82 0.5 30
6 82 0.5 30
6 81 0.5 30
6 80 0.5 30
6 83 0.5 30
7 80 0.5 30
8 80 0.5 30
9 80 0.5 30
4 78 0.5 30
5 78 0.5 30
3 78 0.5 30
1 81 0.5 30
2 79 0.5 30
1 79 0.5 30
1 80 0.5 30
2 78 0.5 30
0 82 0.5 30
1 82 0.5 30
1 83 0.5 30
2 83 0.5 30
2 84 0.5 30
0 80 0.5 30
2 85 0.5 30
2 86 0.5 30
1 87 0.5 30
2 87 0.5 30
85 25 0.5 41
85 26 0.5 41
84 27 0.5 41
85 27 0.5 41
83 27 0.5 41
86 27 0.5 41
86 26 0.5 41
84 26 0.5 41
88 26 0.5 41
87 26 0.5 41
83 23 0.5 41
83 24 0.5 41
83 25 0.5 41
83 26 0.5 41
84 23 0.5 41
83 29 0.5 41
83 28 0.5 41
85 29 0.5 41
84 29 0.5 41
86 29 0.5 41
88 30 0.5 41
88 31 0.5 41
89 31 0.5 41
89 29 0.5 41
88 29 0.5 41
87 29 0.5 41
91 28 0.5 41
92 28 0.5 41
93 28 0.5 41
93 27 0.5 41
91 29 0.5 41
90 28 0.5 41
89 28 0.5 41
89 27 0.5 41
95 27 0.5 41
94 27 0.5 41
96 29 0.5 41
97 29 0.5 41
95 30 0.5 41
95 29 0.5 41
95 28 0.5 41
87 35 0.5 2
86 35 0.5 2
37 56 0.5 39
38 58 0.5 39
37 57 0.5 39
37 58 0.5 39
44 59 0.5 39
43 59 0.5 39
42 59 0.5 39
41 59 0.5 39
40 59 0.5 39
39 57 0.5 39
40 58 0.5 39
39 58 0.5 39
44 58 0.5 39
44 57 0.5 39
44 56 0.5 39
45 55 0.5 39
45 54 0.5 39
45 56 0.5 39
37 59 0.5 39
44 62 0.5 39
43 62 0.5 39
42 62 0.5 39
42 60 0.5 39
42 61 0.5 39
45 62 0.5 39
44 63 0.5 39
43 63 0.5 39
46 63 0.5 39
46 62 0.5 39
36 55 0.5 39
35 55 0.5 39
37 55 0.5 39
35 57 0.5 39
35 56 0.5 39
34 56 0.5 39
34 55 0.5 39
38 54 0.5 39
38 53 0.5 39
37 54 0.5 39
55 34 0.5 2
55 33 0.5 2
52 54 0.5 15
52 55 0.5 15
53 55 0.5 15
53 54 0.5 15
51 55 0.5 15
54 55 0.5 15
52 56 0.5 15
52 57 0.5 15
53 57 0.5 15
57 55 0.5 15
57 56 0.5 15
55 55 0.5 15
55 56 0.5 15
56 56 0.5 15
55 57 0.5 15
42 32 0.5 1
89 74 0.5 12
89 73 0.5 12
90 75 0.5 12
89 75 0.5 12
90 69 0.5 12
90 70 0.5 12
90 71 0.5 12
91 69 0.5 12
89 70 0.5 12
89 72 0.5 12
90 72 0.5 12
91 72 0.5 12
0 14 0.5 1
17 78 0.5 2
16 78 0.5 2
25 96 0.5 7
25 97 0.5 7
23 94 0.5 7
23 93 0.5 7
24 96 0.5 7
23 95 0.5 7
24 95 0.5 7
65 79 0.5 2
66 79 0.5 2
39 85 0.5 10
39 84 0.5 10
38 85 0.5 10
38 84 0.5 10
35 85 0.5 10
37 85 0.5 10
36 87 0.5 10
36 86 0.5 10
36 85 0.5 10
36 88 0.5 10
98 34 0.5 3
99 33 0.5 3
98 33 0.5 3
34 99 0.5 2
34 98 0.5 2
94 16 0.5 6
94 15 0.5 6
95 16 0.5 6
93 17 0.5 6
94 17 0.5 6
92 17 0.5 6
58 40 0.5 1
22 19 0.5 2
23 19 0.5 2
55 0 0.5 4
54 1 0.5 4
55 1 0.5 4
53 1 0.5 4
97 94 0.5 7
98 93 0.5 7
98 94 0.5 7
97 96 0.5 7
98 96 0.5 7
97 95 0.5 7
99 96 0.5 7
88 41 0.5 1
35 81 0.5 11
34 82 0.5 11
34 81 0.5 11
32 81 0.5 11
33 81 0.5 11
35 80 0.5 11
36 80 0.5 11
38 80 0.5 11
37 80 0.5 11
35 79 0.5 11
39 80 0.5 11
46 5 0.5 4
47 5 0.5 4
47 4 0.5 4
47 3 0.5 4
75 80 0.5 1
22 40 0.5 1
4 93 0.5 1
28 71 0.5 1
17 93 0.5 1
