69 72 0.5 27
71 72 0.5 27
71 73 0.5 27
70 72 0.5 27
69 71 0.5 27
68 72 0.5 27
71 75 0.5 27
72 74 0.5 27
71 74 0.5 27
67 72 0.5 27
67 73 0.5 27
67 75 0.5 27
67 74 0.5 27
66 73 0.5 27
65 70 0.5 27
65 72 0.5 27
65 73 0.5 27
64 73 0.5 27
65 71 0.5 27
64 74 0.5 27
75 72 0.5 27
75 73 0.5 27
75 74 0.5 27
76 74 0.5 27
74 74 0.5 27
73 75 0.5 27
73 74 0.5 27
97 25 0.5 74
96 25 0.5 74
96 24 0.5 74
2 28 0.5 74
2 29 0.5 74
3 28 0.5 74
1 29 0.5 74
4 28 0.5 74
99 27 0.5 74
99 28 0.5 74
0 28 0.5 74
1 28 0.5 74
98 27 0.5 74
99 29 0.5 74
5 28 0.5 74
6 28 0.5 74
4 27 0.5 74
3 27 0.5 74
8 30 0.5 74
7 30 0.5 74
7 29 0.5 74
7 27 0.5 74
7 28 0.5 74
8 26 0.5 74
8 27 0.5 74
9 31 0.5 74
9 30 0.5 74
99 26 0.5 74
98 26 0.5 74
98 25 0.5 74
12 31 0.5 74
11 31 0.5 74
11 30 0.5 74
10 31 0.5 74
10 32 0.5 74
8 36 0.5 74
8 37 0.5 74
7 40 0.5 74
7 39 0.5 74
7 38 0.5 74
7 37 0.5 74
9 36 0.5 74
9 37 0.5 74
12 33 0.5 74
11 33 0.5 74
12 34 0.5 74
10 33 0.5 74
11 32 0.5 74
13 34 0.5 74
10 34 0.5 74
9 34 0.5 74
9 35 0.5 74
14 35 0.5 74
13 35 0.5 74
13 36 0.5 74
15 35 0.5 74
16 35 0.5 74
17 35 0.5 74
3 30 0.5 74
2 30 0.5 74
3 42 0.5 74
2 42 0.5 74
4 41 0.5 74
5 41 0.5 74
5 42 0.5 74
6 42 0.5 74
4 42 0.5 74
3 41 0.5 74
3 40 0.5 74
3 39 0.5 74
4 39 0.5 74
5 39 0.5 74
6 40 0.5 74
5 40 0.5 74
12 76 0.5 40
11 76 0.5 40
11 74 0.5 40
10 74 0.5 40
11 75 0.5 40
9 77 0.5 40
10 77 0.5 40
8 77 0.5 40
11 77 0.5 40
7 77 0.5 40
5 79 0.5 40
7 78 0.5 40
7 79 0.5 40
6 79 0.5 40
7 82 0.5 40
6 82 0.5 40
6 81 0.5 40
6 80 0.5 40
6 83 0.5 40
7 80 0.5 40
8 80 0.5 40
9 80 0.5 40
4 78 0.5 40
5 78 0.5 40
3 78 0.5 40
1 81 0.5 40
2 79 0.5 40
1 79 0.5 40
1 80 0.5 40
2 78 0.5 40
0 82 0.5 40
1 82 0.5 40
1 83 0.5 40
2 83 0.5 40
2 84 0.5 40
0 80 0.5 40
2 85 0.5 40
2 86 0.5 40
1 87 0.5 40
2 87 0.5 40
96 45 0.5 20
97 45 0.5 20
98 45 0.5 20
95 45 0.5 20
2 45 0.5 20
1 45 0.5 20
1 46 0.5 20
0 46 0.5 20
99 45 0.5 20
0 45 0.5 20
99 44 0.5 20
2 46 0.5 20
96 44 0.5 20
2 48 0.5 20
2 47 0.5 20
3 47 0.5 20
97 41 0.5 20
96 42 0.5 20
96 43 0.5 20
97 42 0.5 20
72 27 0.5 47
70 27 0.5 47
71 27 0.5 47
73 27 0.5 47
75 27 0.5 47
74 27 0.5 47
75 26 0.5 47
74 28 0.5 47
74 29 0.5 47
67 27 0.5 47
67 26 0.5 47
69 27 0.5 47
68 27 0.5 47
68 26 0.5 47
68 25 0.5 47
75 25 0.5 47
66 23 0.5 47
68 24 0.5 47
67 24 0.5 47
66 24 0.5 47
67 25 0.5 47
65 23 0.5 47
68 23 0.5 47
61 21 0.5 47
61 19 0.5 47
62 19 0.5 47
62 21 0.5 47
62 20 0.5 47
63 22 0.5 47
63 21 0.5 47
64 21 0.5 47
65 21 0.5 47
65 20 0.5 47
64 19 0.5 47
65 19 0.5 47
66 19 0.5 47
61 22 0.5 47
66 21 0.5 47
67 21 0.5 47
70 21 0.5 47
69 21 0.5 47
68 21 0.5 47
60 18 0.5 47
58 18 0.5 47
59 18 0.5 47
60 19 0.5 47
66 22 0.5 47
19 58 0.5 39
19 57 0.5 39
17 58 0.5 39
17 59 0.5 39
18 58 0.5 39
16 55 0.5 39
17 57 0.5 39
17 55 0.5 39
17 56 0.5 39
18 63 0.5 39
19 63 0.5 39
17 63 0.5 39
16 64 0.5 39
17 64 0.5 39
18 64 0.5 39
19 61 0.5 39
18 61 0.5 39
17 62 0.5 39
17 61 0.5 39
16 60 0.5 39
16 61 0.5 39
20 63 0.5 39
20 62 0.5 39
20 64 0.5 39
21 63 0.5 39
20 61 0.5 39
21 61 0.5 39
22 64 0.5 39
23 64 0.5 39
21 64 0.5 39
22 63 0.5 39
22 60 0.5 39
21 60 0.5 39
20 58 0.5 39
21 58 0.5 39
21 59 0.5 39
20 59 0.5 39
16 54 0.5 39
15 60 0.5 39
77 43 0.5 65
78 43 0.5 65
78 44 0.5 65
76 42 0.5 65
75 42 0.5 65
76 43 0.5 65
76 41 0.5 65
78 42 0.5 65
79 42 0.5 65
80 42 0.5 65
81 42 0.5 65
82 42 0.5 65
80 43 0.5 65
83 42 0.5 65
83 43 0.5 65
82 43 0.5 65
82 44 0.5 65
84 42 0.5 65
84 41 0.5 65
74 44 0.5 65
74 45 0.5 65
73 45 0.5 65
75 44 0.5 65
76 46 0.5 65
76 45 0.5 65
75 46 0.5 65
74 46 0.5 65
77 46 0.5 65
76 47 0.5 65
74 43 0.5 65
75 43 0.5 65
74 49 0.5 65
75 49 0.5 65
73 49 0.5 65
73 50 0.5 65
73 51 0.5 65
73 52 0.5 65
72 53 0.5 65
72 54 0.5 65
72 52 0.5 65
73 55 0.5 65
72 55 0.5 65
71 51 0.5 65
72 51 0.5 65
73 48 0.5 65
73 47 0.5 65
73 46 0.5 65
72 46 0.5 65
68 60 0.5 65
69 60 0.5 65
69 62 0.5 65
69 61 0.5 65
70 61 0.5 65
67 60 0.5 65
71 61 0.5 65
72 61 0.5 65
73 61 0.5 65
74 58 0.5 65
74 57 0.5 65
74 56 0.5 65
73 56 0.5 65
74 60 0.5 65
73 60 0.5 65
74 59 0.5 65
75 56 0.5 65
35 71 0.5 6
36 71 0.5 6
37 71 0.5 6
37 72 0.5 6
34 71 0.5 6
34 70 0.5 6
87 83 0.5 43
87 84 0.5 43
87 82 0.5 43
89 83 0.5 43
89 84 0.5 43
89 82 0.5 43
88 84 0.5 43
89 81 0.5 43
87 81 0.5 43
88 81 0.5 43
87 79 0.5 43
87 80 0.5 43
88 79 0.5 43
86 81 0.5 43
86 80 0.5 43
89 89 0.5 43
90 89 0.5 43
88 89 0.5 43
88 88 0.5 43
89 90 0.5 43
86 87 0.5 43
87 87 0.5 43
87 86 0.5 43
88 87 0.5 43
87 85 0.5 43
88 85 0.5 43
91 89 0.5 43
84 78 0.5 43
84 77 0.5 43
83 76 0.5 43
84 76 0.5 43
84 79 0.5 43
84 80 0.5 43
83 79 0.5 43
85 80 0.5 43
85 84 0.5 43
85 83 0.5 43
84 83 0.5 43
83 81 0.5 43
84 81 0.5 43
83 82 0.5 43
83 83 0.5 43
82 81 0.5 43
41 15 0.5 107
41 14 0.5 107
40 14 0.5 107
37 15 0.5 107
37 14 0.5 107
38 14 0.5 107
39 14 0.5 107
36 15 0.5 107
35 15 0.5 107
35 16 0.5 107
35 14 0.5 107
33 17 0.5 107
33 18 0.5 107
35 17 0.5 107
34 17 0.5 107
34 15 0.5 107
32 17 0.5 107
41 16 0.5 107
41 17 0.5 107
36 23 0.5 107
37 22 0.5 107
36 22 0.5 107
35 22 0.5 107
35 18 0.5 107
35 20 0.5 107
35 19 0.5 107
35 21 0.5 107
36 21 0.5 107
34 19 0.5 107
44 21 0.5 107
44 20 0.5 107
42 20 0.5 107
43 20 0.5 107
45 20 0.5 107
42 21 0.5 107
42 22 0.5 107
41 21 0.5 107
42 19 0.5 107
42 18 0.5 107
42 17 0.5 107
44 5 0.5 107
44 6 0.5 107
45 6 0.5 107
42 8 0.5 107
43 8 0.5 107
43 9 0.5 107
44 8 0.5 107
44 7 0.5 107
43 15 0.5 107
43 13 0.5 107
42 14 0.5 107
43 14 0.5 107
43 12 0.5 107
43 11 0.5 107
43 10 0.5 107
33 9 0.5 107
33 8 0.5 107
33 7 0.5 107
32 11 0.5 107
32 9 0.5 107
32 10 0.5 107
31 11 0.5 107
30 11 0.5 107
29 11 0.5 107
36 11 0.5 107
36 12 0.5 107
35 11 0.5 107
35 10 0.5 107
36 13 0.5 107
35 13 0.5 107
34 10 0.5 107
34 9 0.5 107
29 10 0.5 107
29 2 0.5 107
28 2 0.5 107
29 3 0.5 107
28 3 0.5 107
29 1 0.5 107
28 0 0.5 107
28 1 0.5 107
27 0 0.5 107
26 0 0.5 107
29 0 0.5 107
28 99 0.5 107
27 99 0.5 107
26 99 0.5 107
30 2 0.5 107
25 8 0.5 107
25 7 0.5 107
26 6 0.5 107
26 7 0.5 107
27 5 0.5 107
26 5 0.5 107
27 4 0.5 107
28 4 0.5 107
30 5 0.5 107
31 6 0.5 107
30 6 0.5 107
32 6 0.5 107
33 6 0.5 107
29 4 0.5 107
29 5 0.5 107
28 5 0.5 107
46 6 0.5 107
47 6 0.5 107
47 5 0.5 107
47 4 0.5 107
23 48 0.5 38
22 48 0.5 38
22 49 0.5 38
24 49 0.5 38
24 48 0.5 38
25 49 0.5 38
24 50 0.5 38
27 49 0.5 38
27 48 0.5 38
26 49 0.5 38
26 50 0.5 38
26 51 0.5 38
25 50 0.5 38
23 47 0.5 38
22 47 0.5 38
29 45 0.5 38
30 45 0.5 38
28 45 0.5 38
29 44 0.5 38
28 47 0.5 38
28 46 0.5 38
27 47 0.5 38
26 47 0.5 38
34 43 0.5 38
34 44 0.5 38
35 43 0.5 38
31 44 0.5 38
32 44 0.5 38
33 44 0.5 38
31 45 0.5 38
31 46 0.5 38
30 46 0.5 38
33 42 0.5 38
34 42 0.5 38
32 42 0.5 38
32 41 0.5 38
31 41 0.5 38
33 41 0.5 38
85 3 0.5 60
85 4 0.5 60
84 3 0.5 60
84 2 0.5 60
82 3 0.5 60
83 4 0.5 60
82 4 0.5 60
83 3 0.5 60
84 1 0.5 60
88 4 0.5 60
88 5 0.5 60
87 4 0.5 60
86 4 0.5 60
86 5 0.5 60
92 3 0.5 60
91 3 0.5 60
91 2 0.5 60
90 2 0.5 60
89 2 0.5 60
89 3 0.5 60
88 3 0.5 60
88 1 0.5 60
87 1 0.5 60
86 1 0.5 60
85 1 0.5 60
87 0 0.5 60
87 99 0.5 60
85 0 0.5 60
85 99 0.5 60
87 96 0.5 60
87 97 0.5 60
87 98 0.5 60
86 96 0.5 60
86 95 0.5 60
84 94 0.5 60
85 94 0.5 60
85 96 0.5 60
85 95 0.5 60
94 6 0.5 60
93 6 0.5 60
92 6 0.5 60
96 4 0.5 60
96 5 0.5 60
96 3 0.5 60
97 3 0.5 60
94 5 0.5 60
95 5 0.5 60
97 2 0.5 60
92 5 0.5 60
92 4 0.5 60
97 1 0.5 60
91 5 0.5 60
98 2 0.5 60
99 2 0.5 60
94 7 0.5 60
98 3 0.5 60
90 7 0.5 60
90 6 0.5 60
90 5 0.5 60
94 8 0.5 60
43 50 0.5 16
43 49 0.5 16
43 47 0.5 16
43 48 0.5 16
42 46 0.5 16
42 47 0.5 16
46 46 0.5 16
47 46 0.5 16
47 45 0.5 16
46 47 0.5 16
46 48 0.5 16
47 48 0.5 16
48 48 0.5 16
44 48 0.5 16
45 48 0.5 16
47 44 0.5 16
87 57 0.5 48
88 57 0.5 48
89 57 0.5 48
89 56 0.5 48
86 57 0.5 48
90 56 0.5 48
87 56 0.5 48
84 59 0.5 48
84 58 0.5 48
85 58 0.5 48
84 62 0.5 48
84 60 0.5 48
84 61 0.5 48
85 57 0.5 48
90 55 0.5 48
88 59 0.5 48
88 58 0.5 48
88 60 0.5 48
89 60 0.5 48
90 60 0.5 48
87 59 0.5 48
89 55 0.5 48
89 53 0.5 48
89 54 0.5 48
90 54 0.5 48
87 53 0.5 48
88 53 0.5 48
84 63 0.5 48
84 64 0.5 48
94 55 0.5 48
93 55 0.5 48
92 55 0.5 48
93 54 0.5 48
94 56 0.5 48
91 53 0.5 48
91 54 0.5 48
91 55 0.5 48
95 55 0.5 48
82 65 0.5 48
83 65 0.5 48
84 65 0.5 48
79 66 0.5 48
79 65 0.5 48
79 67 0.5 48
81 66 0.5 48
82 66 0.5 48
80 66 0.5 48
78 65 0.5 48
49 94 0.5 24
48 94 0.5 24
47 93 0.5 24
48 93 0.5 24
48 92 0.5 24
47 89 0.5 24
49 89 0.5 24
49 90 0.5 24
48 89 0.5 24
50 90 0.5 24
49 91 0.5 24
48 91 0.5 24
46 89 0.5 24
43 91 0.5 24
43 92 0.5 24
43 94 0.5 24
43 93 0.5 24
45 94 0.5 24
44 94 0.5 24
45 93 0.5 24
46 92 0.5 24
46 93 0.5 24
42 94 0.5 24
42 93 0.5 24
9 59 0.5 31
8 59 0.5 31
10 60 0.5 31
10 59 0.5 31
5 61 0.5 31
4 61 0.5 31
4 62 0.5 31
5 62 0.5 31
3 62 0.5 31
3 64 0.5 31
3 63 0.5 31
4 65 0.5 31
5 64 0.5 31
4 64 0.5 31
6 61 0.5 31
6 60 0.5 31
6 59 0.5 31
6 64 0.5 31
7 59 0.5 31
7 58 0.5 31
10 55 0.5 31
10 56 0.5 31
10 57 0.5 31
10 58 0.5 31
9 58 0.5 31
8 58 0.5 31
5 66 0.5 31
4 66 0.5 31
2 64 0.5 31
2 65 0.5 31
2 66 0.5 31
55 22 0.5 13
53 21 0.5 13
53 20 0.5 13
53 22 0.5 13
54 21 0.5 13
54 22 0.5 13
55 21 0.5 13
53 17 0.5 13
53 18 0.5 13
53 19 0.5 13
52 22 0.5 13
51 23 0.5 13
51 22 0.5 13
61 34 0.5 18
62 34 0.5 18
60 34 0.5 18
58 32 0.5 18
59 32 0.5 18
57 32 0.5 18
60 33 0.5 18
59 33 0.5 18
57 29 0.5 18
57 30 0.5 18
57 31 0.5 18
59 34 0.5 18
63 34 0.5 18
63 33 0.5 18
63 35 0.5 18
56 31 0.5 18
56 32 0.5 18
59 35 0.5 18
54 72 0.5 22
53 71 0.5 22
53 70 0.5 22
54 71 0.5 22
52 70 0.5 22
54 73 0.5 22
55 74 0.5 22
54 74 0.5 22
53 69 0.5 22
58 74 0.5 22
57 74 0.5 22
56 74 0.5 22
59 76 0.5 22
58 76 0.5 22
58 75 0.5 22
57 75 0.5 22
55 75 0.5 22
56 75 0.5 22
56 76 0.5 22
54 69 0.5 22
54 68 0.5 22
54 67 0.5 22
82 15 0.5 18
82 16 0.5 18
83 16 0.5 18
83 15 0.5 18
84 16 0.5 18
85 16 0.5 18
85 15 0.5 18
81 14 0.5 18
80 14 0.5 18
80 15 0.5 18
79 14 0.5 18
82 14 0.5 18
78 16 0.5 18
78 15 0.5 18
78 14 0.5 18
77 14 0.5 18
82 12 0.5 18
82 13 0.5 18
63 94 0.5 16
64 94 0.5 16
62 94 0.5 16
61 94 0.5 16
62 95 0.5 16
68 95 0.5 16
68 94 0.5 16
65 95 0.5 16
66 95 0.5 16
67 95 0.5 16
65 94 0.5 16
67 94 0.5 16
69 95 0.5 16
61 95 0.5 16
60 95 0.5 16
59 95 0.5 16
11 10 0.5 44
12 11 0.5 44
11 11 0.5 44
12 12 0.5 44
10 11 0.5 44
9 10 0.5 44
10 10 0.5 44
8 10 0.5 44
8 11 0.5 44
12 7 0.5 44
11 7 0.5 44
12 9 0.5 44
11 9 0.5 44
11 8 0.5 44
12 10 0.5 44
11 6 0.5 44
12 6 0.5 44
13 6 0.5 44
12 5 0.5 44
12 4 0.5 44
11 5 0.5 44
10 4 0.5 44
11 4 0.5 44
9 4 0.5 44
13 10 0.5 44
14 9 0.5 44
14 11 0.5 44
14 10 0.5 44
8 4 0.5 44
8 3 0.5 44
7 3 0.5 44
7 4 0.5 44
6 2 0.5 44
7 2 0.5 44
5 2 0.5 44
12 1 0.5 44
12 2 0.5 44
11 3 0.5 44
12 3 0.5 44
11 1 0.5 44
10 1 0.5 44
10 0 0.5 44
9 1 0.5 44
5 1 0.5 44
12 92 0.5 8
13 92 0.5 8
12 91 0.5 8
13 91 0.5 8
14 92 0.5 8
14 91 0.5 8
15 91 0.5 8
14 93 0.5 8
85 26 0.5 41
85 27 0.5 41
84 28 0.5 41
85 28 0.5 41
83 28 0.5 41
86 28 0.5 41
86 27 0.5 41
84 27 0.5 41
88 27 0.5 41
87 27 0.5 41
83 24 0.5 41
83 25 0.5 41
83 26 0.5 41
83 27 0.5 41
84 24 0.5 41
83 30 0.5 41
83 29 0.5 41
85 30 0.5 41
84 30 0.5 41
86 30 0.5 41
88 31 0.5 41
88 32 0.5 41
89 32 0.5 41
89 30 0.5 41
88 30 0.5 41
87 30 0.5 41
91 29 0.5 41
92 29 0.5 41
93 29 0.5 41
93 28 0.5 41
91 30 0.5 41
90 29 0.5 41
89 29 0.5 41
89 28 0.5 41
95 28 0.5 41
94 28 0.5 41
96 30 0.5 41
97 30 0.5 41
95 31 0.5 41
95 30 0.5 41
95 29 0.5 41
87 34 0.5 2
86 34 0.5 2
38 56 0.5 39
39 58 0.5 39
38 57 0.5 39
38 58 0.5 39
45 59 0.5 39
44 59 0.5 39
43 59 0.5 39
42 59 0.5 39
41 59 0.5 39
40 57 0.5 39
41 58 0.5 39
40 58 0.5 39
45 58 0.5 39
45 57 0.5 39
45 56 0.5 39
46 55 0.5 39
46 54 0.5 39
46 56 0.5 39
38 59 0.5 39
45 62 0.5 39
44 62 0.5 39
43 62 0.5 39
43 60 0.5 39
43 61 0.5 39
46 62 0.5 39
45 63 0.5 39
44 63 0.5 39
47 63 0.5 39
47 62 0.5 39
37 55 0.5 39
36 55 0.5 39
38 55 0.5 39
36 57 0.5 39
36 56 0.5 39
35 56 0.5 39
35 55 0.5 39
39 54 0.5 39
39 53 0.5 39
38 54 0.5 39
55 35 0.5 2
55 34 0.5 2
52 55 0.5 15
52 56 0.5 15
53 56 0.5 15
53 55 0.5 15
51 56 0.5 15
54 56 0.5 15
52 57 0.5 15
52 58 0.5 15
53 58 0.5 15
57 56 0.5 15
57 57 0.5 15
55 56 0.5 15
55 57 0.5 15
56 57 0.5 15
55 58 0.5 15
42 31 0.5 1
89 73 0.5 12
89 72 0.5 12
90 74 0.5 12
89 74 0.5 12
90 68 0.5 12
90 69 0.5 12
90 70 0.5 12
91 68 0.5 12
89 69 0.5 12
89 71 0.5 12
90 71 0.5 12
91 71 0.5 12
0 15 0.5 1
16 78 0.5 2
15 78 0.5 2
25 95 0.5 7
25 96 0.5 7
23 93 0.5 7
23 92 0.5 7
24 95 0.5 7
23 94 0.5 7
24 94 0.5 7
64 79 0.5 2
65 79 0.5 2
38 85 0.5 10
38 84 0.5 10
37 85 0.5 10
37 84 0.5 10
34 85 0.5 10
36 85 0.5 10
35 87 0.5 10
35 86 0.5 10
35 85 0.5 10
35 88 0.5 10
99 34 0.5 3
0 33 0.5 3
99 33 0.5 3
34 0 0.5 2
34 99 0.5 2
93 16 0.5 6
93 15 0.5 6
94 16 0.5 6
92 17 0.5 6
93 17 0.5 6
91 17 0.5 6
58 39 0.5 1
22 20 0.5 2
23 20 0.5 2
54 0 0.5 4
53 1 0.5 4
54 1 0.5 4
52 1 0.5 4
96 94 0.5 7
97 93 0.5 7
97 94 0.5 7
96 96 0.5 7
97 96 0.5 7
96 95 0.5 7
98 96 0.5 7
88 40 0.5 1
36 81 0.5 11
35 82 0.5 11
35 81 0.5 11
33 81 0.5 11
34 81 0.5 11
36 80 0.5 11
37 80 0.5 11
39 80 0.5 11
38 80 0.5 11
36 79 0.5 11
40 80 0.5 11
75 80 0.5 1
22 41 0.5 1
5 93 0.5 1
28 70 0.5 1
16 93 0.5 1
