68 72 0.5 27
70 72 0.5 27
70 73 0.5 27
69 72 0.5 27
68 71 0.5 27
67 72 0.5 27
70 75 0.5 27
71 74 0.5 27
70 74 0.5 27
66 72 0.5 27
66 73 0.5 27
66 75 0.5 27
66 74 0.5 27
65 73 0.5 27
64 70 0.5 27
64 72 0.5 27
64 73 0.5 27
63 73 0.5 27
64 71 0.5 27
63 74 0.5 27
74 72 0.5 27
74 73 0.5 27
74 74 0.5 27
75 74 0.5 27
73 74 0.5 27
72 75 0.5 27
72 74 0.5 27
96 25 0.5 115
95 25 0.5 115
95 24 0.5 115
1 28 0.5 115
1 29 0.5 115
2 28 0.5 115
0 29 0.5 115
3 28 0.5 115
98 27 0.5 115
98 28 0.5 115
99 28 0.5 115
0 28 0.5 115
97 27 0.5 115
98 29 0.5 115
4 28 0.5 115
5 28 0.5 115
3 27 0.5 115
2 27 0.5 115
7 30 0.5 115
6 30 0.5 115
6 29 0.5 115
6 27 0.5 115
6 28 0.5 115
7 26 0.5 115
7 27 0.5 115
8 31 0.5 115
8 30 0.5 115
98 26 0.5 115
97 26 0.5 115
97 25 0.5 115
11 31 0.5 115
10 31 0.5 115
10 30 0.5 115
9 31 0.5 115
9 32 0.5 115
7 36 0.5 115
7 37 0.5 115
6 40 0.5 115
6 39 0.5 115
6 38 0.5 115
6 37 0.5 115
8 36 0.5 115
8 37 0.5 115
11 33 0.5 115
10 33 0.5 115
11 34 0.5 115
9 33 0.5 115
10 32 0.5 115
12 34 0.5 115
9 34 0.5 115
8 34 0.5 115
8 35 0.5 115
13 35 0.5 115
12 35 0.5 115
12 36 0.5 115
14 35 0.5 115
15 35 0.5 115
16 35 0.5 115
2 30 0.5 115
1 30 0.5 115
2 42 0.5 115
1 42 0.5 115
3 41 0.5 115
4 41 0.5 115
4 42 0.5 115
5 42 0.5 115
3 42 0.5 115
2 41 0.5 115
2 40 0.5 115
2 39 0.5 115
3 39 0.5 115
4 39 0.5 115
5 40 0.5 115
4 40 0.5 115
85 25 0.5 115
85 26 0.5 115
84 27 0.5 115
85 27 0.5 115
83 27 0.5 115
86 27 0.5 115
86 26 0.5 115
84 26 0.5 115
88 26 0.5 115
87 26 0.5 115
83 23 0.5 115
83 24 0.5 115
83 25 0.5 115
83 26 0.5 115
84 23 0.5 115
83 29 0.5 115
83 28 0.5 115
85 29 0.5 115
84 29 0.5 115
86 29 0.5 115
88 30 0.5 115
88 31 0.5 115
89 31 0.5 115
89 29 0.5 115
88 29 0.5 115
87 29 0.5 115
91 28 0.5 115
92 28 0.5 115
93 28 0.5 115
93 27 0.5 115
91 29 0.5 115
90 28 0.5 115
89 28 0.5 115
89 27 0.5 115
95 27 0.5 115
94 27 0.5 115
96 29 0.5 115
97 29 0.5 115
95 30 0.5 115
95 29 0.5 115
95 28 0.5 115
12 77 0.5 40
11 77 0.5 40
11 75 0.5 40
10 75 0.5 40
11 76 0.5 40
9 78 0.5 40
10 78 0.5 40
8 78 0.5 40
11 78 0.5 40
7 78 0.5 40
5 80 0.5 40
7 79 0.5 40
7 80 0.5 40
6 80 0.5 40
7 83 0.5 40
6 83 0.5 40
6 82 0.5 40
6 81 0.5 40
6 84 0.5 40
7 81 0.5 40
8 81 0.5 40
9 81 0.5 40
4 79 0.5 40
5 79 0.5 40
3 79 0.5 40
1 82 0.5 40
2 80 0.5 40
1 80 0.5 40
1 81 0.5 40
2 79 0.5 40
0 83 0.5 40
1 83 0.5 40
1 84 0.5 40
2 84 0.5 40
2 85 0.5 40
0 81 0.5 40
2 86 0.5 40
2 87 0.5 40
1 88 0.5 40
2 88 0.5 40
95 45 0.5 20
96 45 0.5 20
97 45 0.5 20
94 45 0.5 20
1 45 0.5 20
0 45 0.5 20
0 46 0.5 20
99 46 0.5 20
98 45 0.5 20
99 45 0.5 20
98 44 0.5 20
1 46 0.5 20
95 44 0.5 20
1 48 0.5 20
1 47 0.5 20
2 47 0.5 20
96 41 0.5 20
95 42 0.5 20
95 43 0.5 20
96 42 0.5 20
72 28 0.5 47
70 28 0.5 47
71 28 0.5 47
73 28 0.5 47
75 28 0.5 47
74 28 0.5 47
75 27 0.5 47
74 29 0.5 47
74 30 0.5 47
67 28 0.5 47
67 27 0.5 47
69 28 0.5 47
68 28 0.5 47
68 27 0.5 47
68 26 0.5 47
75 26 0.5 47
66 24 0.5 47
68 25 0.5 47
67 25 0.5 47
66 25 0.5 47
67 26 0.5 47
65 24 0.5 47
68 24 0.5 47
61 22 0.5 47
61 20 0.5 47
62 20 0.5 47
62 22 0.5 47
62 21 0.5 47
63 23 0.5 47
63 22 0.5 47
64 22 0.5 47
65 22 0.5 47
65 21 0.5 47
64 20 0.5 47
65 20 0.5 47
66 20 0.5 47
61 23 0.5 47
66 22 0.5 47
67 22 0.5 47
70 22 0.5 47
69 22 0.5 47
68 22 0.5 47
60 19 0.5 47
58 19 0.5 47
59 19 0.5 47
60 20 0.5 47
66 23 0.5 47
20 58 0.5 39
20 57 0.5 39
18 58 0.5 39
18 59 0.5 39
19 58 0.5 39
17 55 0.5 39
18 57 0.5 39
18 55 0.5 39
18 56 0.5 39
19 63 0.5 39
20 63 0.5 39
18 63 0.5 39
17 64 0.5 39
18 64 0.5 39
19 64 0.5 39
20 61 0.5 39
19 61 0.5 39
18 62 0.5 39
18 61 0.5 39
17 60 0.5 39
17 61 0.5 39
21 63 0.5 39
21 62 0.5 39
21 64 0.5 39
22 63 0.5 39
21 61 0.5 39
22 61 0.5 39
23 64 0.5 39
24 64 0.5 39
22 64 0.5 39
23 63 0.5 39
23 60 0.5 39
22 60 0.5 39
21 58 0.5 39
22 58 0.5 39
22 59 0.5 39
21 59 0.5 39
17 54 0.5 39
16 60 0.5 39
76 43 0.5 65
77 43 0.5 65
77 44 0.5 65
75 42 0.5 65
74 42 0.5 65
75 43 0.5 65
75 41 0.5 65
77 42 0.5 65
78 42 0.5 65
79 42 0.5 65
80 42 0.5 65
81 42 0.5 65
79 43 0.5 65
82 42 0.5 65
82 43 0.5 65
81 43 0.5 65
81 44 0.5 65
83 42 0.5 65
83 41 0.5 65
73 44 0.5 65
73 45 0.5 65
72 45 0.5 65
74 44 0.5 65
75 46 0.5 65
75 45 0.5 65
74 46 0.5 65
73 46 0.5 65
76 46 0.5 65
75 47 0.5 65
73 43 0.5 65
74 43 0.5 65
73 49 0.5 65
74 49 0.5 65
72 49 0.5 65
72 50 0.5 65
72 51 0.5 65
72 52 0.5 65
71 53 0.5 65
71 54 0.5 65
71 52 0.5 65
72 55 0.5 65
71 55 0.5 65
70 51 0.5 65
71 51 0.5 65
72 48 0.5 65
72 47 0.5 65
72 46 0.5 65
71 46 0.5 65
67 60 0.5 65
68 60 0.5 65
68 62 0.5 65
68 61 0.5 65
69 61 0.5 65
66 60 0.5 65
70 61 0.5 65
71 61 0.5 65
72 61 0.5 65
73 58 0.5 65
73 57 0.5 65
73 56 0.5 65
72 56 0.5 65
73 60 0.5 65
72 60 0.5 65
73 59 0.5 65
74 56 0.5 65
34 71 0.5 6
35 71 0.5 6
36 71 0.5 6
36 72 0.5 6
33 71 0.5 6
33 70 0.5 6
87 82 0.5 43
87 83 0.5 43
87 81 0.5 43
89 82 0.5 43
89 83 0.5 43
89 81 0.5 43
88 83 0.5 43
89 80 0.5 43
87 80 0.5 43
88 80 0.5 43
87 78 0.5 43
87 79 0.5 43
88 78 0.5 43
86 80 0.5 43
86 79 0.5 43
89 88 0.5 43
90 88 0.5 43
88 88 0.5 43
88 87 0.5 43
89 89 0.5 43
86 86 0.5 43
87 86 0.5 43
87 85 0.5 43
88 86 0.5 43
87 84 0.5 43
88 84 0.5 43
91 88 0.5 43
84 77 0.5 43
84 76 0.5 43
83 75 0.5 43
84 75 0.5 43
84 78 0.5 43
84 79 0.5 43
83 78 0.5 43
85 79 0.5 43
85 83 0.5 43
85 82 0.5 43
84 82 0.5 43
83 80 0.5 43
84 80 0.5 43
83 81 0.5 43
83 82 0.5 43
82 80 0.5 43
40 15 0.5 107
40 14 0.5 107
39 14 0.5 107
36 15 0.5 107
36 14 0.5 107
37 14 0.5 107
38 14 0.5 107
35 15 0.5 107
34 15 0.5 107
34 16 0.5 107
34 14 0.5 107
32 17 0.5 107
32 18 0.5 107
34 17 0.5 107
33 17 0.5 107
33 15 0.5 107
31 17 0.5 107
40 16 0.5 107
40 17 0.5 107
35 23 0.5 107
36 22 0.5 107
35 22 0.5 107
34 22 0.5 107
34 18 0.5 107
34 20 0.5 107
34 19 0.5 107
34 21 0.5 107
35 21 0.5 107
33 19 0.5 107
43 21 0.5 107
43 20 0.5 107
41 20 0.5 107
42 20 0.5 107
44 20 0.5 107
41 21 0.5 107
41 22 0.5 107
40 21 0.5 107
41 19 0.5 107
41 18 0.5 107
41 17 0.5 107
43 5 0.5 107
43 6 0.5 107
44 6 0.5 107
41 8 0.5 107
42 8 0.5 107
42 9 0.5 107
43 8 0.5 107
43 7 0.5 107
42 15 0.5 107
42 13 0.5 107
41 14 0.5 107
42 14 0.5 107
42 12 0.5 107
42 11 0.5 107
42 10 0.5 107
32 9 0.5 107
32 8 0.5 107
32 7 0.5 107
31 11 0.5 107
31 9 0.5 107
31 10 0.5 107
30 11 0.5 107
29 11 0.5 107
28 11 0.5 107
35 11 0.5 107
35 12 0.5 107
34 11 0.5 107
34 10 0.5 107
35 13 0.5 107
34 13 0.5 107
33 10 0.5 107
33 9 0.5 107
28 10 0.5 107
28 2 0.5 107
27 2 0.5 107
28 3 0.5 107
27 3 0.5 107
28 1 0.5 107
27 0 0.5 107
27 1 0.5 107
26 0 0.5 107
25 0 0.5 107
28 0 0.5 107
27 99 0.5 107
26 99 0.5 107
25 99 0.5 107
29 2 0.5 107
24 8 0.5 107
24 7 0.5 107
25 6 0.5 107
25 7 0.5 107
26 5 0.5 107
25 5 0.5 107
26 4 0.5 107
27 4 0.5 107
29 5 0.5 107
30 6 0.5 107
29 6 0.5 107
31 6 0.5 107
32 6 0.5 107
28 4 0.5 107
28 5 0.5 107
27 5 0.5 107
45 6 0.5 107
46 6 0.5 107
46 5 0.5 107
46 4 0.5 107
22 48 0.5 38
21 48 0.5 38
21 49 0.5 38
23 49 0.5 38
23 48 0.5 38
24 49 0.5 38
23 50 0.5 38
26 49 0.5 38
26 48 0.5 38
25 49 0.5 38
25 50 0.5 38
25 51 0.5 38
24 50 0.5 38
22 47 0.5 38
21 47 0.5 38
28 45 0.5 38
29 45 0.5 38
27 45 0.5 38
28 44 0.5 38
27 47 0.5 38
27 46 0.5 38
26 47 0.5 38
25 47 0.5 38
33 43 0.5 38
33 44 0.5 38
34 43 0.5 38
30 44 0.5 38
31 44 0.5 38
32 44 0.5 38
30 45 0.5 38
30 46 0.5 38
29 46 0.5 38
32 42 0.5 38
33 42 0.5 38
31 42 0.5 38
31 41 0.5 38
30 41 0.5 38
32 41 0.5 38
85 4 0.5 60
85 5 0.5 60
84 4 0.5 60
84 3 0.5 60
82 4 0.5 60
83 5 0.5 60
82 5 0.5 60
83 4 0.5 60
84 2 0.5 60
88 5 0.5 60
88 6 0.5 60
87 5 0.5 60
86 5 0.5 60
86 6 0.5 60
92 4 0.5 60
91 4 0.5 60
91 3 0.5 60
90 3 0.5 60
89 3 0.5 60
89 4 0.5 60
88 4 0.5 60
88 2 0.5 60
87 2 0.5 60
86 2 0.5 60
85 2 0.5 60
87 1 0.5 60
87 0 0.5 60
85 1 0.5 60
85 0 0.5 60
87 97 0.5 60
87 98 0.5 60
87 99 0.5 60
86 97 0.5 60
86 96 0.5 60
84 95 0.5 60
85 95 0.5 60
85 97 0.5 60
85 96 0.5 60
94 7 0.5 60
93 7 0.5 60
92 7 0.5 60
96 5 0.5 60
96 6 0.5 60
96 4 0.5 60
97 4 0.5 60
94 6 0.5 60
95 6 0.5 60
97 3 0.5 60
92 6 0.5 60
92 5 0.5 60
97 2 0.5 60
91 6 0.5 60
98 3 0.5 60
99 3 0.5 60
94 8 0.5 60
98 4 0.5 60
90 8 0.5 60
90 7 0.5 60
90 6 0.5 60
94 9 0.5 60
44 50 0.5 16
44 49 0.5 16
44 47 0.5 16
44 48 0.5 16
43 46 0.5 16
43 47 0.5 16
47 46 0.5 16
48 46 0.5 16
48 45 0.5 16
47 47 0.5 16
47 48 0.5 16
48 48 0.5 16
49 48 0.5 16
45 48 0.5 16
46 48 0.5 16
48 44 0.5 16
88 57 0.5 48
89 57 0.5 48
90 57 0.5 48
90 56 0.5 48
87 57 0.5 48
91 56 0.5 48
88 56 0.5 48
85 59 0.5 48
85 58 0.5 48
86 58 0.5 48
85 62 0.5 48
85 60 0.5 48
85 61 0.5 48
86 57 0.5 48
91 55 0.5 48
89 59 0.5 48
89 58 0.5 48
89 60 0.5 48
90 60 0.5 48
91 60 0.5 48
88 59 0.5 48
90 55 0.5 48
90 53 0.5 48
90 54 0.5 48
91 54 0.5 48
88 53 0.5 48
89 53 0.5 48
85 63 0.5 48
85 64 0.5 48
95 55 0.5 48
94 55 0.5 48
93 55 0.5 48
94 54 0.5 48
95 56 0.5 48
92 53 0.5 48
92 54 0.5 48
92 55 0.5 48
96 55 0.5 48
83 65 0.5 48
84 65 0.5 48
85 65 0.5 48
80 66 0.5 48
80 65 0.5 48
80 67 0.5 48
82 66 0.5 48
83 66 0.5 48
81 66 0.5 48
79 65 0.5 48
49 93 0.5 24
48 93 0.5 24
47 92 0.5 24
48 92 0.5 24
48 91 0.5 24
47 88 0.5 24
49 88 0.5 24
49 89 0.5 24
48 88 0.5 24
50 89 0.5 24
49 90 0.5 24
48 90 0.5 24
46 88 0.5 24
43 90 0.5 24
43 91 0.5 24
43 93 0.5 24
43 92 0.5 24
45 93 0.5 24
44 93 0.5 24
45 92 0.5 24
46 91 0.5 24
46 92 0.5 24
42 93 0.5 24
42 92 0.5 24
9 60 0.5 31
8 60 0.5 31
10 61 0.5 31
10 60 0.5 31
5 62 0.5 31
4 62 0.5 31
4 63 0.5 31
5 63 0.5 31
3 63 0.5 31
3 65 0.5 31
3 64 0.5 31
4 66 0.5 31
5 65 0.5 31
4 65 0.5 31
6 62 0.5 31
6 61 0.5 31
6 60 0.5 31
6 65 0.5 31
7 60 0.5 31
7 59 0.5 31
10 56 0.5 31
10 57 0.5 31
10 58 0.5 31
10 59 0.5 31
9 59 0.5 31
8 59 0.5 31
5 67 0.5 31
4 67 0.5 31
2 65 0.5 31
2 66 0.5 31
2 67 0.5 31
56 22 0.5 13
54 21 0.5 13
54 20 0.5 13
54 22 0.5 13
55 21 0.5 13
55 22 0.5 13
56 21 0.5 13
54 17 0.5 13
54 18 0.5 13
54 19 0.5 13
53 22 0.5 13
52 23 0.5 13
52 22 0.5 13
60 34 0.5 18
61 34 0.5 18
59 34 0.5 18
57 32 0.5 18
58 32 0.5 18
56 32 0.5 18
59 33 0.5 18
58 33 0.5 18
56 29 0.5 18
56 30 0.5 18
56 31 0.5 18
58 34 0.5 18
62 34 0.5 18
62 33 0.5 18
62 35 0.5 18
55 31 0.5 18
55 32 0.5 18
58 35 0.5 18
54 71 0.5 22
53 70 0.5 22
53 69 0.5 22
54 70 0.5 22
52 69 0.5 22
54 72 0.5 22
55 73 0.5 22
54 73 0.5 22
53 68 0.5 22
58 73 0.5 22
57 73 0.5 22
56 73 0.5 22
59 75 0.5 22
58 75 0.5 22
58 74 0.5 22
57 74 0.5 22
55 74 0.5 22
56 74 0.5 22
56 75 0.5 22
54 68 0.5 22
54 67 0.5 22
54 66 0.5 22
81 15 0.5 18
81 16 0.5 18
82 16 0.5 18
82 15 0.5 18
83 16 0.5 18
84 16 0.5 18
84 15 0.5 18
80 14 0.5 18
79 14 0.5 18
79 15 0.5 18
78 14 0.5 18
81 14 0.5 18
77 16 0.5 18
77 15 0.5 18
77 14 0.5 18
76 14 0.5 18
81 12 0.5 18
81 13 0.5 18
62 94 0.5 16
63 94 0.5 16
61 94 0.5 16
60 94 0.5 16
61 95 0.5 16
67 95 0.5 16
67 94 0.5 16
64 95 0.5 16
65 95 0.5 16
66 95 0.5 16
64 94 0.5 16
66 94 0.5 16
68 95 0.5 16
60 95 0.5 16
59 95 0.5 16
58 95 0.5 16
12 10 0.5 44
13 11 0.5 44
12 11 0.5 44
13 12 0.5 44
11 11 0.5 44
10 10 0.5 44
11 10 0.5 44
9 10 0.5 44
9 11 0.5 44
13 7 0.5 44
12 7 0.5 44
13 9 0.5 44
12 9 0.5 44
12 8 0.5 44
13 10 0.5 44
12 6 0.5 44
13 6 0.5 44
14 6 0.5 44
13 5 0.5 44
13 4 0.5 44
12 5 0.5 44
11 4 0.5 44
12 4 0.5 44
10 4 0.5 44
14 10 0.5 44
15 9 0.5 44
15 11 0.5 44
15 10 0.5 44
9 4 0.5 44
9 3 0.5 44
8 3 0.5 44
8 4 0.5 44
7 2 0.5 44
8 2 0.5 44
6 2 0.5 44
13 1 0.5 44
13 2 0.5 44
12 3 0.5 44
13 3 0.5 44
12 1 0.5 44
11 1 0.5 44
11 0 0.5 44
10 1 0.5 44
6 1 0.5 44
11 92 0.5 8
12 92 0.5 8
11 91 0.5 8
12 91 0.5 8
13 92 0.5 8
13 91 0.5 8
14 91 0.5 8
13 93 0.5 8
87 34 0.5 2
86 34 0.5 2
37 56 0.5 39
38 58 0.5 39
37 57 0.5 39
37 58 0.5 39
44 59 0.5 39
43 59 0.5 39
42 59 0.5 39
41 59 0.5 39
40 59 0.5 39
39 57 0.5 39
40 58 0.5 39
39 58 0.5 39
44 58 0.5 39
44 57 0.5 39
44 56 0.5 39
45 55 0.5 39
45 54 0.5 39
45 56 0.5 39
37 59 0.5 39
44 62 0.5 39
43 62 0.5 39
42 62 0.5 39
42 60 0.5 39
42 61 0.5 39
45 62 0.5 39
44 63 0.5 39
43 63 0.5 39
46 63 0.5 39
46 62 0.5 39
36 55 0.5 39
35 55 0.5 39
37 55 0.5 39
35 57 0.5 39
35 56 0.5 39
34 56 0.5 39
34 55 0.5 39
38 54 0.5 39
38 53 0.5 39
37 54 0.5 39
56 35 0.5 2
56 34 0.5 2
51 55 0.5 15
51 56 0.5 15
52 56 0.5 15
52 55 0.5 15
50 56 0.5 15
53 56 0.5 15
51 57 0.5 15
51 58 0.5 15
52 58 0.5 15
56 56 0.5 15
56 57 0.5 15
54 56 0.5 15
54 57 0.5 15
55 57 0.5 15
54 58 0.5 15
43 31 0.5 1
89 74 0.5 12
89 73 0.5 12
90 75 0.5 12
89 75 0.5 12
90 69 0.5 12
90 70 0.5 12
90 71 0.5 12
91 69 0.5 12
89 70 0.5 12
89 72 0.5 12
90 72 0.5 12
91 72 0.5 12
0 14 0.5 1
17 78 0.5 2
16 78 0.5 2
25 96 0.5 7
25 97 0.5 7
23 94 0.5 7
23 93 0.5 7
24 96 0.5 7
23 95 0.5 7
24 95 0.5 7
65 79 0.5 2
66 79 0.5 2
39 85 0.5 10
39 84 0.5 10
38 85 0.5 10
38 84 0.5 10
35 85 0.5 10
37 85 0.5 10
36 87 0.5 10
36 86 0.5 10
36 85 0.5 10
36 88 0.5 10
99 35 0.5 3
0 34 0.5 3
99 34 0.5 3
33 0 0.5 2
33 99 0.5 2
94 16 0.5 6
94 15 0.5 6
95 16 0.5 6
93 17 0.5 6
94 17 0.5 6
92 17 0.5 6
59 39 0.5 1
23 20 0.5 2
24 20 0.5 2
54 1 0.5 4
53 2 0.5 4
54 2 0.5 4
52 2 0.5 4
95 94 0.5 7
96 93 0.5 7
96 94 0.5 7
95 96 0.5 7
96 96 0.5 7
95 95 0.5 7
97 96 0.5 7
88 41 0.5 1
36 82 0.5 11
35 83 0.5 11
35 82 0.5 11
33 82 0.5 11
34 82 0.5 11
36 81 0.5 11
37 81 0.5 11
39 81 0.5 11
38 81 0.5 11
36 80 0.5 11
40 81 0.5 11
75 79 0.5 1
22 42 0.5 1
5 94 0.5 1
27 70 0.5 1
16 94 0.5 1
