67 72 0.5 27
69 72 0.5 27
69 73 0.5 27
68 72 0.5 27
67 71 0.5 27
66 72 0.5 27
69 75 0.5 27
70 74 0.5 27
69 74 0.5 27
65 72 0.5 27
65 73 0.5 27
65 75 0.5 27
65 74 0.5 27
64 73 0.5 27
63 70 0.5 27
63 72 0.5 27
63 73 0.5 27
62 73 0.5 27
63 71 0.5 27
62 74 0.5 27
73 72 0.5 27
73 73 0.5 27
73 74 0.5 27
74 74 0.5 27
72 74 0.5 27
71 75 0.5 27
71 74 0.5 27
96 24 0.5 115
95 24 0.5 115
95 23 0.5 115
1 27 0.5 115
1 28 0.5 115
2 27 0.5 115
0 28 0.5 115
3 27 0.5 115
98 26 0.5 115
98 27 0.5 115
99 27 0.5 115
0 27 0.5 115
97 26 0.5 115
98 28 0.5 115
4 27 0.5 115
5 27 0.5 115
3 26 0.5 115
2 26 0.5 115
7 29 0.5 115
6 29 0.5 115
6 28 0.5 115
6 26 0.5 115
6 27 0.5 115
7 25 0.5 115
7 26 0.5 115
8 30 0.5 115
8 29 0.5 115
98 25 0.5 115
97 25 0.5 115
97 24 0.5 115
11 30 0.5 115
10 30 0.5 115
10 29 0.5 115
9 30 0.5 115
9 31 0.5 115
7 35 0.5 115
7 36 0.5 115
6 39 0.5 115
6 38 0.5 115
6 37 0.5 115
6 36 0.5 115
8 35 0.5 115
8 36 0.5 115
11 32 0.5 115
10 32 0.5 115
11 33 0.5 115
9 32 0.5 115
10 31 0.5 115
12 33 0.5 115
9 33 0.5 115
8 33 0.5 115
8 34 0.5 115
13 34 0.5 115
12 34 0.5 115
12 35 0.5 115
14 34 0.5 115
15 34 0.5 115
16 34 0.5 115
2 29 0.5 115
1 29 0.5 115
2 41 0.5 115
1 41 0.5 115
3 40 0.5 115
4 40 0.5 115
4 41 0.5 115
5 41 0.5 115
3 41 0.5 115
2 40 0.5 115
2 39 0.5 115
2 38 0.5 115
3 38 0.5 115
4 38 0.5 115
5 39 0.5 115
4 39 0.5 115
85 24 0.5 115
85 25 0.5 115
84 26 0.5 115
85 26 0.5 115
83 26 0.5 115
86 26 0.5 115
86 25 0.5 115
84 25 0.5 115
88 25 0.5 115
87 25 0.5 115
83 22 0.5 115
83 23 0.5 115
83 24 0.5 115
83 25 0.5 115
84 22 0.5 115
83 28 0.5 115
83 27 0.5 115
85 28 0.5 115
84 28 0.5 115
86 28 0.5 115
88 29 0.5 115
88 30 0.5 115
89 30 0.5 115
89 28 0.5 115
88 28 0.5 115
87 28 0.5 115
91 27 0.5 115
92 27 0.5 115
93 27 0.5 115
93 26 0.5 115
91 28 0.5 115
90 27 0.5 115
89 27 0.5 115
89 26 0.5 115
95 26 0.5 115
94 26 0.5 115
96 28 0.5 115
97 28 0.5 115
95 29 0.5 115
95 28 0.5 115
95 27 0.5 115
11 77 0.5 40
10 77 0.5 40
10 75 0.5 40
9 75 0.5 40
10 76 0.5 40
8 78 0.5 40
9 78 0.5 40
7 78 0.5 40
10 78 0.5 40
6 78 0.5 40
4 80 0.5 40
6 79 0.5 40
6 80 0.5 40
5 80 0.5 40
6 83 0.5 40
5 83 0.5 40
5 82 0.5 40
5 81 0.5 40
5 84 0.5 40
6 81 0.5 40
7 81 0.5 40
8 81 0.5 40
3 79 0.5 40
4 79 0.5 40
2 79 0.5 40
0 82 0.5 40
1 80 0.5 40
0 80 0.5 40
0 81 0.5 40
1 79 0.5 40
99 83 0.5 40
0 83 0.5 40
0 84 0.5 40
1 84 0.5 40
1 85 0.5 40
99 81 0.5 40
1 86 0.5 40
1 87 0.5 40
0 88 0.5 40
1 88 0.5 40
95 44 0.5 20
96 44 0.5 20
97 44 0.5 20
94 44 0.5 20
1 44 0.5 20
0 44 0.5 20
0 45 0.5 20
99 45 0.5 20
98 44 0.5 20
99 44 0.5 20
98 43 0.5 20
1 45 0.5 20
95 43 0.5 20
1 47 0.5 20
1 46 0.5 20
2 46 0.5 20
96 40 0.5 20
95 41 0.5 20
95 42 0.5 20
96 41 0.5 20
72 29 0.5 47
70 29 0.5 47
71 29 0.5 47
73 29 0.5 47
75 29 0.5 47
74 29 0.5 47
75 28 0.5 47
74 30 0.5 47
74 31 0.5 47
67 29 0.5 47
67 28 0.5 47
69 29 0.5 47
68 29 0.5 47
68 28 0.5 47
68 27 0.5 47
75 27 0.5 47
66 25 0.5 47
68 26 0.5 47
67 26 0.5 47
66 26 0.5 47
67 27 0.5 47
65 25 0.5 47
68 25 0.5 47
61 23 0.5 47
61 21 0.5 47
62 21 0.5 47
62 23 0.5 47
62 22 0.5 47
63 24 0.5 47
63 23 0.5 47
64 23 0.5 47
65 23 0.5 47
65 22 0.5 47
64 21 0.5 47
65 21 0.5 47
66 21 0.5 47
61 24 0.5 47
66 23 0.5 47
67 23 0.5 47
70 23 0.5 47
69 23 0.5 47
68 23 0.5 47
60 20 0.5 47
58 20 0.5 47
59 20 0.5 47
60 21 0.5 47
66 24 0.5 47
19 58 0.5 39
19 57 0.5 39
17 58 0.5 39
17 59 0.5 39
18 58 0.5 39
16 55 0.5 39
17 57 0.5 39
17 55 0.5 39
17 56 0.5 39
18 63 0.5 39
19 63 0.5 39
17 63 0.5 39
16 64 0.5 39
17 64 0.5 39
18 64 0.5 39
19 61 0.5 39
18 61 0.5 39
17 62 0.5 39
17 61 0.5 39
16 60 0.5 39
16 61 0.5 39
20 63 0.5 39
20 62 0.5 39
20 64 0.5 39
21 63 0.5 39
20 61 0.5 39
21 61 0.5 39
22 64 0.5 39
23 64 0.5 39
21 64 0.5 39
22 63 0.5 39
22 60 0.5 39
21 60 0.5 39
20 58 0.5 39
21 58 0.5 39
21 59 0.5 39
20 59 0.5 39
16 54 0.5 39
15 60 0.5 39
76 44 0.5 65
77 44 0.5 65
77 45 0.5 65
75 43 0.5 65
74 43 0.5 65
75 44 0.5 65
75 42 0.5 65
77 43 0.5 65
78 43 0.5 65
79 43 0.5 65
80 43 0.5 65
81 43 0.5 65
79 44 0.5 65
82 43 0.5 65
82 44 0.5 65
81 44 0.5 65
81 45 0.5 65
83 43 0.5 65
83 42 0.5 65
73 45 0.5 65
73 46 0.5 65
72 46 0.5 65
74 45 0.5 65
75 47 0.5 65
75 46 0.5 65
74 47 0.5 65
73 47 0.5 65
76 47 0.5 65
75 48 0.5 65
73 44 0.5 65
74 44 0.5 65
73 50 0.5 65
74 50 0.5 65
72 50 0.5 65
72 51 0.5 65
72 52 0.5 65
72 53 0.5 65
71 54 0.5 65
71 55 0.5 65
71 53 0.5 65
72 56 0.5 65
71 56 0.5 65
70 52 0.5 65
71 52 0.5 65
72 49 0.5 65
72 48 0.5 65
72 47 0.5 65
71 47 0.5 65
67 61 0.5 65
68 61 0.5 65
68 63 0.5 65
68 62 0.5 65
69 62 0.5 65
66 61 0.5 65
70 62 0.5 65
71 62 0.5 65
72 62 0.5 65
73 59 0.5 65
73 58 0.5 65
73 57 0.5 65
72 57 0.5 65
73 61 0.5 65
72 61 0.5 65
73 60 0.5 65
74 57 0.5 65
34 70 0.5 6
35 70 0.5 6
36 70 0.5 6
36 71 0.5 6
33 70 0.5 6
33 69 0.5 6
87 81 0.5 43
87 82 0.5 43
87 80 0.5 43
89 81 0.5 43
89 82 0.5 43
89 80 0.5 43
88 82 0.5 43
89 79 0.5 43
87 79 0.5 43
88 79 0.5 43
87 77 0.5 43
87 78 0.5 43
88 77 0.5 43
86 79 0.5 43
86 78 0.5 43
89 87 0.5 43
90 87 0.5 43
88 87 0.5 43
88 86 0.5 43
89 88 0.5 43
86 85 0.5 43
87 85 0.5 43
87 84 0.5 43
88 85 0.5 43
87 83 0.5 43
88 83 0.5 43
91 87 0.5 43
84 76 0.5 43
84 75 0.5 43
83 74 0.5 43
84 74 0.5 43
84 77 0.5 43
84 78 0.5 43
83 77 0.5 43
85 78 0.5 43
85 82 0.5 43
85 81 0.5 43
84 81 0.5 43
83 79 0.5 43
84 79 0.5 43
83 80 0.5 43
83 81 0.5 43
82 79 0.5 43
39 15 0.5 107
39 14 0.5 107
38 14 0.5 107
35 15 0.5 107
35 14 0.5 107
36 14 0.5 107
37 14 0.5 107
34 15 0.5 107
33 15 0.5 107
33 16 0.5 107
33 14 0.5 107
31 17 0.5 107
31 18 0.5 107
33 17 0.5 107
32 17 0.5 107
32 15 0.5 107
30 17 0.5 107
39 16 0.5 107
39 17 0.5 107
34 23 0.5 107
35 22 0.5 107
34 22 0.5 107
33 22 0.5 107
33 18 0.5 107
33 20 0.5 107
33 19 0.5 107
33 21 0.5 107
34 21 0.5 107
32 19 0.5 107
42 21 0.5 107
42 20 0.5 107
40 20 0.5 107
41 20 0.5 107
43 20 0.5 107
40 21 0.5 107
40 22 0.5 107
39 21 0.5 107
40 19 0.5 107
40 18 0.5 107
40 17 0.5 107
42 5 0.5 107
42 6 0.5 107
43 6 0.5 107
40 8 0.5 107
41 8 0.5 107
41 9 0.5 107
42 8 0.5 107
42 7 0.5 107
41 15 0.5 107
41 13 0.5 107
40 14 0.5 107
41 14 0.5 107
41 12 0.5 107
41 11 0.5 107
41 10 0.5 107
31 9 0.5 107
31 8 0.5 107
31 7 0.5 107
30 11 0.5 107
30 9 0.5 107
30 10 0.5 107
29 11 0.5 107
28 11 0.5 107
27 11 0.5 107
34 11 0.5 107
34 12 0.5 107
33 11 0.5 107
33 10 0.5 107
34 13 0.5 107
33 13 0.5 107
32 10 0.5 107
32 9 0.5 107
27 10 0.5 107
27 2 0.5 107
26 2 0.5 107
27 3 0.5 107
26 3 0.5 107
27 1 0.5 107
26 0 0.5 107
26 1 0.5 107
25 0 0.5 107
24 0 0.5 107
27 0 0.5 107
26 99 0.5 107
25 99 0.5 107
24 99 0.5 107
28 2 0.5 107
23 8 0.5 107
23 7 0.5 107
24 6 0.5 107
24 7 0.5 107
25 5 0.5 107
24 5 0.5 107
25 4 0.5 107
26 4 0.5 107
28 5 0.5 107
29 6 0.5 107
28 6 0.5 107
30 6 0.5 107
31 6 0.5 107
27 4 0.5 107
27 5 0.5 107
26 5 0.5 107
44 6 0.5 107
45 6 0.5 107
45 5 0.5 107
45 4 0.5 107
21 48 0.5 38
20 48 0.5 38
20 49 0.5 38
22 49 0.5 38
22 48 0.5 38
23 49 0.5 38
22 50 0.5 38
25 49 0.5 38
25 48 0.5 38
24 49 0.5 38
24 50 0.5 38
24 51 0.5 38
23 50 0.5 38
21 47 0.5 38
20 47 0.5 38
27 45 0.5 38
28 45 0.5 38
26 45 0.5 38
27 44 0.5 38
26 47 0.5 38
26 46 0.5 38
25 47 0.5 38
24 47 0.5 38
32 43 0.5 38
32 44 0.5 38
33 43 0.5 38
29 44 0.5 38
30 44 0.5 38
31 44 0.5 38
29 45 0.5 38
29 46 0.5 38
28 46 0.5 38
31 42 0.5 38
32 42 0.5 38
30 42 0.5 38
30 41 0.5 38
29 41 0.5 38
31 41 0.5 38
85 3 0.5 60
85 4 0.5 60
84 3 0.5 60
84 2 0.5 60
82 3 0.5 60
83 4 0.5 60
82 4 0.5 60
83 3 0.5 60
84 1 0.5 60
88 4 0.5 60
88 5 0.5 60
87 4 0.5 60
86 4 0.5 60
86 5 0.5 60
92 3 0.5 60
91 3 0.5 60
91 2 0.5 60
90 2 0.5 60
89 2 0.5 60
89 3 0.5 60
88 3 0.5 60
88 1 0.5 60
87 1 0.5 60
86 1 0.5 60
85 1 0.5 60
87 0 0.5 60
87 99 0.5 60
85 0 0.5 60
85 99 0.5 60
87 96 0.5 60
87 97 0.5 60
87 98 0.5 60
86 96 0.5 60
86 95 0.5 60
84 94 0.5 60
85 94 0.5 60
85 96 0.5 60
85 95 0.5 60
94 6 0.5 60
93 6 0.5 60
92 6 0.5 60
96 4 0.5 60
96 5 0.5 60
96 3 0.5 60
97 3 0.5 60
94 5 0.5 60
95 5 0.5 60
97 2 0.5 60
92 5 0.5 60
92 4 0.5 60
97 1 0.5 60
91 5 0.5 60
98 2 0.5 60
99 2 0.5 60
94 7 0.5 60
98 3 0.5 60
90 7 0.5 60
90 6 0.5 60
90 5 0.5 60
94 8 0.5 60
43 50 0.5 16
43 49 0.5 16
43 47 0.5 16
43 48 0.5 16
42 46 0.5 16
42 47 0.5 16
46 46 0.5 16
47 46 0.5 16
47 45 0.5 16
46 47 0.5 16
46 48 0.5 16
47 48 0.5 16
48 48 0.5 16
44 48 0.5 16
45 48 0.5 16
47 44 0.5 16
88 56 0.5 48
89 56 0.5 48
90 56 0.5 48
90 55 0.5 48
87 56 0.5 48
91 55 0.5 48
88 55 0.5 48
85 58 0.5 48
85 57 0.5 48
86 57 0.5 48
85 61 0.5 48
85 59 0.5 48
85 60 0.5 48
86 56 0.5 48
91 54 0.5 48
89 58 0.5 48
89 57 0.5 48
89 59 0.5 48
90 59 0.5 48
91 59 0.5 48
88 58 0.5 48
90 54 0.5 48
90 52 0.5 48
90 53 0.5 48
91 53 0.5 48
88 52 0.5 48
89 52 0.5 48
85 62 0.5 48
85 63 0.5 48
95 54 0.5 48
94 54 0.5 48
93 54 0.5 48
94 53 0.5 48
95 55 0.5 48
92 52 0.5 48
92 53 0.5 48
92 54 0.5 48
96 54 0.5 48
83 64 0.5 48
84 64 0.5 48
85 64 0.5 48
80 65 0.5 48
80 64 0.5 48
80 66 0.5 48
82 65 0.5 48
83 65 0.5 48
81 65 0.5 48
79 64 0.5 48
49 92 0.5 24
48 92 0.5 24
47 91 0.5 24
48 91 0.5 24
48 90 0.5 24
47 87 0.5 24
49 87 0.5 24
49 88 0.5 24
48 87 0.5 24
50 88 0.5 24
49 89 0.5 24
48 89 0.5 24
46 87 0.5 24
43 89 0.5 24
43 90 0.5 24
43 92 0.5 24
43 91 0.5 24
45 92 0.5 24
44 92 0.5 24
45 91 0.5 24
46 90 0.5 24
46 91 0.5 24
42 92 0.5 24
42 91 0.5 24
8 60 0.5 31
7 60 0.5 31
9 61 0.5 31
9 60 0.5 31
4 62 0.5 31
3 62 0.5 31
3 63 0.5 31
4 63 0.5 31
2 63 0.5 31
2 65 0.5 31
2 64 0.5 31
3 66 0.5 31
4 65 0.5 31
3 65 0.5 31
5 62 0.5 31
5 61 0.5 31
5 60 0.5 31
5 65 0.5 31
6 60 0.5 31
6 59 0.5 31
9 56 0.5 31
9 57 0.5 31
9 58 0.5 31
9 59 0.5 31
8 59 0.5 31
7 59 0.5 31
4 67 0.5 31
3 67 0.5 31
1 65 0.5 31
1 66 0.5 31
1 67 0.5 31
57 22 0.5 13
55 21 0.5 13
55 20 0.5 13
55 22 0.5 13
56 21 0.5 13
56 22 0.5 13
57 21 0.5 13
55 17 0.5 13
55 18 0.5 13
55 19 0.5 13
54 22 0.5 13
53 23 0.5 13
53 22 0.5 13
60 33 0.5 18
61 33 0.5 18
59 33 0.5 18
57 31 0.5 18
58 31 0.5 18
56 31 0.5 18
59 32 0.5 18
58 32 0.5 18
56 28 0.5 18
56 29 0.5 18
56 30 0.5 18
58 33 0.5 18
62 33 0.5 18
62 32 0.5 18
62 34 0.5 18
55 30 0.5 18
55 31 0.5 18
58 34 0.5 18
53 71 0.5 22
52 70 0.5 22
52 69 0.5 22
53 70 0.5 22
51 69 0.5 22
53 72 0.5 22
54 73 0.5 22
53 73 0.5 22
52 68 0.5 22
57 73 0.5 22
56 73 0.5 22
55 73 0.5 22
58 75 0.5 22
57 75 0.5 22
57 74 0.5 22
56 74 0.5 22
54 74 0.5 22
55 74 0.5 22
55 75 0.5 22
53 68 0.5 22
53 67 0.5 22
53 66 0.5 22
82 15 0.5 18
82 16 0.5 18
83 16 0.5 18
83 15 0.5 18
84 16 0.5 18
85 16 0.5 18
85 15 0.5 18
81 14 0.5 18
80 14 0.5 18
80 15 0.5 18
79 14 0.5 18
82 14 0.5 18
78 16 0.5 18
78 15 0.5 18
78 14 0.5 18
77 14 0.5 18
82 12 0.5 18
82 13 0.5 18
63 94 0.5 16
64 94 0.5 16
62 94 0.5 16
61 94 0.5 16
62 95 0.5 16
68 95 0.5 16
68 94 0.5 16
65 95 0.5 16
66 95 0.5 16
67 95 0.5 16
65 94 0.5 16
67 94 0.5 16
69 95 0.5 16
61 95 0.5 16
60 95 0.5 16
59 95 0.5 16
12 9 0.5 44
13 10 0.5 44
12 10 0.5 44
13 11 0.5 44
11 10 0.5 44
10 9 0.5 44
11 9 0.5 44
9 9 0.5 44
9 10 0.5 44
13 6 0.5 44
12 6 0.5 44
13 8 0.5 44
12 8 0.5 44
12 7 0.5 44
13 9 0.5 44
12 5 0.5 44
13 5 0.5 44
14 5 0.5 44
13 4 0.5 44
13 3 0.5 44
12 4 0.5 44
11 3 0.5 44
12 3 0.5 44
10 3 0.5 44
14 9 0.5 44
15 8 0.5 44
15 10 0.5 44
15 9 0.5 44
9 3 0.5 44
9 2 0.5 44
8 2 0.5 44
8 3 0.5 44
7 1 0.5 44
8 1 0.5 44
6 1 0.5 44
13 0 0.5 44
13 1 0.5 44
12 2 0.5 44
13 2 0.5 44
12 0 0.5 44
11 0 0.5 44
11 99 0.5 44
10 0 0.5 44
6 0 0.5 44
10 92 0.5 8
11 92 0.5 8
10 91 0.5 8
11 91 0.5 8
12 92 0.5 8
12 91 0.5 8
13 91 0.5 8
12 93 0.5 8
88 34 0.5 2
87 34 0.5 2
36 56 0.5 39
37 58 0.5 39
36 57 0.5 39
36 58 0.5 39
43 59 0.5 39
42 59 0.5 39
41 59 0.5 39
40 59 0.5 39
39 59 0.5 39
38 57 0.5 39
39 58 0.5 39
38 58 0.5 39
43 58 0.5 39
43 57 0.5 39
43 56 0.5 39
44 55 0.5 39
44 54 0.5 39
44 56 0.5 39
36 59 0.5 39
43 62 0.5 39
42 62 0.5 39
41 62 0.5 39
41 60 0.5 39
41 61 0.5 39
44 62 0.5 39
43 63 0.5 39
42 63 0.5 39
45 63 0.5 39
45 62 0.5 39
35 55 0.5 39
34 55 0.5 39
36 55 0.5 39
34 57 0.5 39
34 56 0.5 39
33 56 0.5 39
33 55 0.5 39
37 54 0.5 39
37 53 0.5 39
36 54 0.5 39
56 34 0.5 2
56 33 0.5 2
51 56 0.5 15
51 57 0.5 15
52 57 0.5 15
52 56 0.5 15
50 57 0.5 15
53 57 0.5 15
51 58 0.5 15
51 59 0.5 15
52 59 0.5 15
56 57 0.5 15
56 58 0.5 15
54 57 0.5 15
54 58 0.5 15
55 58 0.5 15
54 59 0.5 15
42 31 0.5 1
89 73 0.5 12
89 72 0.5 12
90 74 0.5 12
89 74 0.5 12
90 68 0.5 12
90 69 0.5 12
90 70 0.5 12
91 68 0.5 12
89 69 0.5 12
89 71 0.5 12
90 71 0.5 12
91 71 0.5 12
1 14 0.5 1
16 78 0.5 2
15 78 0.5 2
26 96 0.5 7
26 97 0.5 7
24 94 0.5 7
24 93 0.5 7
25 96 0.5 7
24 95 0.5 7
25 95 0.5 7
66 79 0.5 2
67 79 0.5 2
40 85 0.5 10
40 84 0.5 10
39 85 0.5 10
39 84 0.5 10
36 85 0.5 10
38 85 0.5 10
37 87 0.5 10
37 86 0.5 10
37 85 0.5 10
37 88 0.5 10
0 35 0.5 3
1 34 0.5 3
0 34 0.5 3
33 99 0.5 2
33 98 0.5 2
93 16 0.5 6
93 15 0.5 6
94 16 0.5 6
92 17 0.5 6
93 17 0.5 6
91 17 0.5 6
58 39 0.5 1
22 20 0.5 2
23 20 0.5 2
53 1 0.5 4
52 2 0.5 4
53 2 0.5 4
51 2 0.5 4
96 94 0.5 7
97 93 0.5 7
97 94 0.5 7
96 96 0.5 7
97 96 0.5 7
96 95 0.5 7
98 96 0.5 7
89 41 0.5 1
36 81 0.5 11
35 82 0.5 11
35 81 0.5 11
33 81 0.5 11
34 81 0.5 11
36 80 0.5 11
37 80 0.5 11
39 80 0.5 11
38 80 0.5 11
36 79 0.5 11
40 80 0.5 11
75 78 0.5 1
22 43 0.5 1
6 94 0.5 1
28 70 0.5 1
16 95 0.5 1
