67 71 0.5 27
69 71 0.5 27
69 72 0.5 27
68 71 0.5 27
67 70 0.5 27
66 71 0.5 27
69 74 0.5 27
70 73 0.5 27
69 73 0.5 27
65 71 0.5 27
65 72 0.5 27
65 74 0.5 27
65 73 0.5 27
64 72 0.5 27
63 69 0.5 27
63 71 0.5 27
63 72 0.5 27
62 72 0.5 27
63 70 0.5 27
62 73 0.5 27
73 71 0.5 27
73 72 0.5 27
73 73 0.5 27
74 73 0.5 27
72 73 0.5 27
71 74 0.5 27
71 73 0.5 27
96 25 0.5 115
95 25 0.5 115
95 24 0.5 115
1 28 0.5 115
1 29 0.5 115
2 28 0.5 115
0 29 0.5 115
3 28 0.5 115
98 27 0.5 115
98 28 0.5 115
99 28 0.5 115
0 28 0.5 115
97 27 0.5 115
98 29 0.5 115
4 28 0.5 115
5 28 0.5 115
3 27 0.5 115
2 27 0.5 115
7 30 0.5 115
6 30 0.5 115
6 29 0.5 115
6 27 0.5 115
6 28 0.5 115
7 26 0.5 115
7 27 0.5 115
8 31 0.5 115
8 30 0.5 115
98 26 0.5 115
97 26 0.5 115
97 25 0.5 115
11 31 0.5 115
10 31 0.5 115
10 30 0.5 115
9 31 0.5 115
9 32 0.5 115
7 36 0.5 115
7 37 0.5 115
6 40 0.5 115
6 39 0.5 115
6 38 0.5 115
6 37 0.5 115
8 36 0.5 115
8 37 0.5 115
11 33 0.5 115
10 33 0.5 115
11 34 0.5 115
9 33 0.5 115
10 32 0.5 115
12 34 0.5 115
9 34 0.5 115
8 34 0.5 115
8 35 0.5 115
13 35 0.5 115
12 35 0.5 115
12 36 0.5 115
14 35 0.5 115
15 35 0.5 115
16 35 0.5 115
2 30 0.5 115
1 30 0.5 115
2 42 0.5 115
1 42 0.5 115
3 41 0.5 115
4 41 0.5 115
4 42 0.5 115
5 42 0.5 115
3 42 0.5 115
2 41 0.5 115
2 40 0.5 115
2 39 0.5 115
3 39 0.5 115
4 39 0.5 115
5 40 0.5 115
4 40 0.5 115
85 25 0.5 115
85 26 0.5 115
84 27 0.5 115
85 27 0.5 115
83 27 0.5 115
86 27 0.5 115
86 26 0.5 115
84 26 0.5 115
88 26 0.5 115
87 26 0.5 115
83 23 0.5 115
83 24 0.5 115
83 25 0.5 115
83 26 0.5 115
84 23 0.5 115
83 29 0.5 115
83 28 0.5 115
85 29 0.5 115
84 29 0.5 115
86 29 0.5 115
88 30 0.5 115
88 31 0.5 115
89 31 0.5 115
89 29 0.5 115
88 29 0.5 115
87 29 0.5 115
91 28 0.5 115
92 28 0.5 115
93 28 0.5 115
93 27 0.5 115
91 29 0.5 115
90 28 0.5 115
89 28 0.5 115
89 27 0.5 115
95 27 0.5 115
94 27 0.5 115
96 29 0.5 115
97 29 0.5 115
95 30 0.5 115
95 29 0.5 115
95 28 0.5 115
10 77 0.5 40
9 77 0.5 40
9 75 0.5 40
8 75 0.5 40
9 76 0.5 40
7 78 0.5 40
8 78 0.5 40
6 78 0.5 40
9 78 0.5 40
5 78 0.5 40
3 80 0.5 40
5 79 0.5 40
5 80 0.5 40
4 80 0.5 40
5 83 0.5 40
4 83 0.5 40
4 82 0.5 40
4 81 0.5 40
4 84 0.5 40
5 81 0.5 40
6 81 0.5 40
7 81 0.5 40
2 79 0.5 40
3 79 0.5 40
1 79 0.5 40
99 82 0.5 40
0 80 0.5 40
99 80 0.5 40
99 81 0.5 40
0 79 0.5 40
98 83 0.5 40
99 83 0.5 40
99 84 0.5 40
0 84 0.5 40
0 85 0.5 40
98 81 0.5 40
0 86 0.5 40
0 87 0.5 40
99 88 0.5 40
0 88 0.5 40
96 44 0.5 20
97 44 0.5 20
98 44 0.5 20
95 44 0.5 20
2 44 0.5 20
1 44 0.5 20
1 45 0.5 20
0 45 0.5 20
99 44 0.5 20
0 44 0.5 20
99 43 0.5 20
2 45 0.5 20
96 43 0.5 20
2 47 0.5 20
2 46 0.5 20
3 46 0.5 20
97 40 0.5 20
96 41 0.5 20
96 42 0.5 20
97 41 0.5 20
71 29 0.5 60
69 29 0.5 60
70 29 0.5 60
72 29 0.5 60
74 29 0.5 60
73 29 0.5 60
74 28 0.5 60
73 30 0.5 60
73 31 0.5 60
66 29 0.5 60
66 28 0.5 60
68 29 0.5 60
67 29 0.5 60
67 28 0.5 60
67 27 0.5 60
74 27 0.5 60
65 25 0.5 60
67 26 0.5 60
66 26 0.5 60
65 26 0.5 60
66 27 0.5 60
64 25 0.5 60
67 25 0.5 60
60 23 0.5 60
60 21 0.5 60
61 21 0.5 60
61 23 0.5 60
61 22 0.5 60
62 24 0.5 60
62 23 0.5 60
63 23 0.5 60
64 23 0.5 60
64 22 0.5 60
63 21 0.5 60
64 21 0.5 60
65 21 0.5 60
60 24 0.5 60
65 23 0.5 60
66 23 0.5 60
69 23 0.5 60
68 23 0.5 60
67 23 0.5 60
59 20 0.5 60
57 20 0.5 60
58 20 0.5 60
59 21 0.5 60
65 24 0.5 60
57 22 0.5 60
55 21 0.5 60
55 20 0.5 60
55 22 0.5 60
56 21 0.5 60
56 22 0.5 60
57 21 0.5 60
55 17 0.5 60
55 18 0.5 60
55 19 0.5 60
54 22 0.5 60
53 23 0.5 60
53 22 0.5 60
20 58 0.5 39
20 57 0.5 39
18 58 0.5 39
18 59 0.5 39
19 58 0.5 39
17 55 0.5 39
18 57 0.5 39
18 55 0.5 39
18 56 0.5 39
19 63 0.5 39
20 63 0.5 39
18 63 0.5 39
17 64 0.5 39
18 64 0.5 39
19 64 0.5 39
20 61 0.5 39
19 61 0.5 39
18 62 0.5 39
18 61 0.5 39
17 60 0.5 39
17 61 0.5 39
21 63 0.5 39
21 62 0.5 39
21 64 0.5 39
22 63 0.5 39
21 61 0.5 39
22 61 0.5 39
23 64 0.5 39
24 64 0.5 39
22 64 0.5 39
23 63 0.5 39
23 60 0.5 39
22 60 0.5 39
21 58 0.5 39
22 58 0.5 39
22 59 0.5 39
21 59 0.5 39
17 54 0.5 39
16 60 0.5 39
76 43 0.5 65
77 43 0.5 65
77 44 0.5 65
75 42 0.5 65
74 42 0.5 65
75 43 0.5 65
75 41 0.5 65
77 42 0.5 65
78 42 0.5 65
79 42 0.5 65
80 42 0.5 65
81 42 0.5 65
79 43 0.5 65
82 42 0.5 65
82 43 0.5 65
81 43 0.5 65
81 44 0.5 65
83 42 0.5 65
83 41 0.5 65
73 44 0.5 65
73 45 0.5 65
72 45 0.5 65
74 44 0.5 65
75 46 0.5 65
75 45 0.5 65
74 46 0.5 65
73 46 0.5 65
76 46 0.5 65
75 47 0.5 65
73 43 0.5 65
74 43 0.5 65
73 49 0.5 65
74 49 0.5 65
72 49 0.5 65
72 50 0.5 65
72 51 0.5 65
72 52 0.5 65
71 53 0.5 65
71 54 0.5 65
71 52 0.5 65
72 55 0.5 65
71 55 0.5 65
70 51 0.5 65
71 51 0.5 65
72 48 0.5 65
72 47 0.5 65
72 46 0.5 65
71 46 0.5 65
67 60 0.5 65
68 60 0.5 65
68 62 0.5 65
68 61 0.5 65
69 61 0.5 65
66 60 0.5 65
70 61 0.5 65
71 61 0.5 65
72 61 0.5 65
73 58 0.5 65
73 57 0.5 65
73 56 0.5 65
72 56 0.5 65
73 60 0.5 65
72 60 0.5 65
73 59 0.5 65
74 56 0.5 65
34 69 0.5 6
35 69 0.5 6
36 69 0.5 6
36 70 0.5 6
33 69 0.5 6
33 68 0.5 6
86 81 0.5 43
86 82 0.5 43
86 80 0.5 43
88 81 0.5 43
88 82 0.5 43
88 80 0.5 43
87 82 0.5 43
88 79 0.5 43
86 79 0.5 43
87 79 0.5 43
86 77 0.5 43
86 78 0.5 43
87 77 0.5 43
85 79 0.5 43
85 78 0.5 43
88 87 0.5 43
89 87 0.5 43
87 87 0.5 43
87 86 0.5 43
88 88 0.5 43
85 85 0.5 43
86 85 0.5 43
86 84 0.5 43
87 85 0.5 43
86 83 0.5 43
87 83 0.5 43
90 87 0.5 43
83 76 0.5 43
83 75 0.5 43
82 74 0.5 43
83 74 0.5 43
83 77 0.5 43
83 78 0.5 43
82 77 0.5 43
84 78 0.5 43
84 82 0.5 43
84 81 0.5 43
83 81 0.5 43
82 79 0.5 43
83 79 0.5 43
82 80 0.5 43
82 81 0.5 43
81 79 0.5 43
39 16 0.5 107
39 15 0.5 107
38 15 0.5 107
35 16 0.5 107
35 15 0.5 107
36 15 0.5 107
37 15 0.5 107
34 16 0.5 107
33 16 0.5 107
33 17 0.5 107
33 15 0.5 107
31 18 0.5 107
31 19 0.5 107
33 18 0.5 107
32 18 0.5 107
32 16 0.5 107
30 18 0.5 107
39 17 0.5 107
39 18 0.5 107
34 24 0.5 107
35 23 0.5 107
34 23 0.5 107
33 23 0.5 107
33 19 0.5 107
33 21 0.5 107
33 20 0.5 107
33 22 0.5 107
34 22 0.5 107
32 20 0.5 107
42 22 0.5 107
42 21 0.5 107
40 21 0.5 107
41 21 0.5 107
43 21 0.5 107
40 22 0.5 107
40 23 0.5 107
39 22 0.5 107
40 20 0.5 107
40 19 0.5 107
40 18 0.5 107
42 6 0.5 107
42 7 0.5 107
43 7 0.5 107
40 9 0.5 107
41 9 0.5 107
41 10 0.5 107
42 9 0.5 107
42 8 0.5 107
41 16 0.5 107
41 14 0.5 107
40 15 0.5 107
41 15 0.5 107
41 13 0.5 107
41 12 0.5 107
41 11 0.5 107
31 10 0.5 107
31 9 0.5 107
31 8 0.5 107
30 12 0.5 107
30 10 0.5 107
30 11 0.5 107
29 12 0.5 107
28 12 0.5 107
27 12 0.5 107
34 12 0.5 107
34 13 0.5 107
33 12 0.5 107
33 11 0.5 107
34 14 0.5 107
33 14 0.5 107
32 11 0.5 107
32 10 0.5 107
27 11 0.5 107
27 3 0.5 107
26 3 0.5 107
27 4 0.5 107
26 4 0.5 107
27 2 0.5 107
26 1 0.5 107
26 2 0.5 107
25 1 0.5 107
24 1 0.5 107
27 1 0.5 107
26 0 0.5 107
25 0 0.5 107
24 0 0.5 107
28 3 0.5 107
23 9 0.5 107
23 8 0.5 107
24 7 0.5 107
24 8 0.5 107
25 6 0.5 107
24 6 0.5 107
25 5 0.5 107
26 5 0.5 107
28 6 0.5 107
29 7 0.5 107
28 7 0.5 107
30 7 0.5 107
31 7 0.5 107
27 5 0.5 107
27 6 0.5 107
26 6 0.5 107
44 7 0.5 107
45 7 0.5 107
45 6 0.5 107
45 5 0.5 107
21 47 0.5 38
20 47 0.5 38
20 48 0.5 38
22 48 0.5 38
22 47 0.5 38
23 48 0.5 38
22 49 0.5 38
25 48 0.5 38
25 47 0.5 38
24 48 0.5 38
24 49 0.5 38
24 50 0.5 38
23 49 0.5 38
21 46 0.5 38
20 46 0.5 38
27 44 0.5 38
28 44 0.5 38
26 44 0.5 38
27 43 0.5 38
26 46 0.5 38
26 45 0.5 38
25 46 0.5 38
24 46 0.5 38
32 42 0.5 38
32 43 0.5 38
33 42 0.5 38
29 43 0.5 38
30 43 0.5 38
31 43 0.5 38
29 44 0.5 38
29 45 0.5 38
28 45 0.5 38
31 41 0.5 38
32 41 0.5 38
30 41 0.5 38
30 40 0.5 38
29 40 0.5 38
31 40 0.5 38
85 2 0.5 60
85 3 0.5 60
84 2 0.5 60
84 1 0.5 60
82 2 0.5 60
83 3 0.5 60
82 3 0.5 60
83 2 0.5 60
84 0 0.5 60
88 3 0.5 60
88 4 0.5 60
87 3 0.5 60
86 3 0.5 60
86 4 0.5 60
92 2 0.5 60
91 2 0.5 60
91 1 0.5 60
90 1 0.5 60
89 1 0.5 60
89 2 0.5 60
88 2 0.5 60
88 0 0.5 60
87 0 0.5 60
86 0 0.5 60
85 0 0.5 60
87 99 0.5 60
87 98 0.5 60
85 99 0.5 60
85 98 0.5 60
87 95 0.5 60
87 96 0.5 60
87 97 0.5 60
86 95 0.5 60
86 94 0.5 60
84 93 0.5 60
85 93 0.5 60
85 95 0.5 60
85 94 0.5 60
94 5 0.5 60
93 5 0.5 60
92 5 0.5 60
96 3 0.5 60
96 4 0.5 60
96 2 0.5 60
97 2 0.5 60
94 4 0.5 60
95 4 0.5 60
97 1 0.5 60
92 4 0.5 60
92 3 0.5 60
97 0 0.5 60
91 4 0.5 60
98 1 0.5 60
99 1 0.5 60
94 6 0.5 60
98 2 0.5 60
90 6 0.5 60
90 5 0.5 60
90 4 0.5 60
94 7 0.5 60
42 50 0.5 16
42 49 0.5 16
42 47 0.5 16
42 48 0.5 16
41 46 0.5 16
41 47 0.5 16
45 46 0.5 16
46 46 0.5 16
46 45 0.5 16
45 47 0.5 16
45 48 0.5 16
46 48 0.5 16
47 48 0.5 16
43 48 0.5 16
44 48 0.5 16
46 44 0.5 16
88 57 0.5 48
89 57 0.5 48
90 57 0.5 48
90 56 0.5 48
87 57 0.5 48
91 56 0.5 48
88 56 0.5 48
85 59 0.5 48
85 58 0.5 48
86 58 0.5 48
85 62 0.5 48
85 60 0.5 48
85 61 0.5 48
86 57 0.5 48
91 55 0.5 48
89 59 0.5 48
89 58 0.5 48
89 60 0.5 48
90 60 0.5 48
91 60 0.5 48
88 59 0.5 48
90 55 0.5 48
90 53 0.5 48
90 54 0.5 48
91 54 0.5 48
88 53 0.5 48
89 53 0.5 48
85 63 0.5 48
85 64 0.5 48
95 55 0.5 48
94 55 0.5 48
93 55 0.5 48
94 54 0.5 48
95 56 0.5 48
92 53 0.5 48
92 54 0.5 48
92 55 0.5 48
96 55 0.5 48
83 65 0.5 48
84 65 0.5 48
85 65 0.5 48
80 66 0.5 48
80 65 0.5 48
80 67 0.5 48
82 66 0.5 48
83 66 0.5 48
81 66 0.5 48
79 65 0.5 48
49 91 0.5 24
48 91 0.5 24
47 90 0.5 24
48 90 0.5 24
48 89 0.5 24
47 86 0.5 24
49 86 0.5 24
49 87 0.5 24
48 86 0.5 24
50 87 0.5 24
49 88 0.5 24
48 88 0.5 24
46 86 0.5 24
43 88 0.5 24
43 89 0.5 24
43 91 0.5 24
43 90 0.5 24
45 91 0.5 24
44 91 0.5 24
45 90 0.5 24
46 89 0.5 24
46 90 0.5 24
42 91 0.5 24
42 90 0.5 24
7 60 0.5 31
6 60 0.5 31
8 61 0.5 31
8 60 0.5 31
3 62 0.5 31
2 62 0.5 31
2 63 0.5 31
3 63 0.5 31
1 63 0.5 31
1 65 0.5 31
1 64 0.5 31
2 66 0.5 31
3 65 0.5 31
2 65 0.5 31
4 62 0.5 31
4 61 0.5 31
4 60 0.5 31
4 65 0.5 31
5 60 0.5 31
5 59 0.5 31
8 56 0.5 31
8 57 0.5 31
8 58 0.5 31
8 59 0.5 31
7 59 0.5 31
6 59 0.5 31
3 67 0.5 31
2 67 0.5 31
0 65 0.5 31
0 66 0.5 31
0 67 0.5 31
60 34 0.5 20
61 34 0.5 20
59 34 0.5 20
57 32 0.5 20
58 32 0.5 20
56 32 0.5 20
59 33 0.5 20
58 33 0.5 20
56 29 0.5 20
56 30 0.5 20
56 31 0.5 20
58 34 0.5 20
62 34 0.5 20
62 33 0.5 20
62 35 0.5 20
55 31 0.5 20
55 32 0.5 20
58 35 0.5 20
56 34 0.5 20
56 33 0.5 20
54 71 0.5 22
53 70 0.5 22
53 69 0.5 22
54 70 0.5 22
52 69 0.5 22
54 72 0.5 22
55 73 0.5 22
54 73 0.5 22
53 68 0.5 22
58 73 0.5 22
57 73 0.5 22
56 73 0.5 22
59 75 0.5 22
58 75 0.5 22
58 74 0.5 22
57 74 0.5 22
55 74 0.5 22
56 74 0.5 22
56 75 0.5 22
54 68 0.5 22
54 67 0.5 22
54 66 0.5 22
83 15 0.5 18
83 16 0.5 18
84 16 0.5 18
84 15 0.5 18
85 16 0.5 18
86 16 0.5 18
86 15 0.5 18
82 14 0.5 18
81 14 0.5 18
81 15 0.5 18
80 14 0.5 18
83 14 0.5 18
79 16 0.5 18
79 15 0.5 18
79 14 0.5 18
78 14 0.5 18
83 12 0.5 18
83 13 0.5 18
62 94 0.5 16
63 94 0.5 16
61 94 0.5 16
60 94 0.5 16
61 95 0.5 16
67 95 0.5 16
67 94 0.5 16
64 95 0.5 16
65 95 0.5 16
66 95 0.5 16
64 94 0.5 16
66 94 0.5 16
68 95 0.5 16
60 95 0.5 16
59 95 0.5 16
58 95 0.5 16
13 9 0.5 44
14 10 0.5 44
13 10 0.5 44
14 11 0.5 44
12 10 0.5 44
11 9 0.5 44
12 9 0.5 44
10 9 0.5 44
10 10 0.5 44
14 6 0.5 44
13 6 0.5 44
14 8 0.5 44
13 8 0.5 44
13 7 0.5 44
14 9 0.5 44
13 5 0.5 44
14 5 0.5 44
15 5 0.5 44
14 4 0.5 44
14 3 0.5 44
13 4 0.5 44
12 3 0.5 44
13 3 0.5 44
11 3 0.5 44
15 9 0.5 44
16 8 0.5 44
16 10 0.5 44
16 9 0.5 44
10 3 0.5 44
10 2 0.5 44
9 2 0.5 44
9 3 0.5 44
8 1 0.5 44
9 1 0.5 44
7 1 0.5 44
14 0 0.5 44
14 1 0.5 44
13 2 0.5 44
14 2 0.5 44
13 0 0.5 44
12 0 0.5 44
12 99 0.5 44
11 0 0.5 44
7 0 0.5 44
10 93 0.5 8
11 93 0.5 8
10 92 0.5 8
11 92 0.5 8
12 93 0.5 8
12 92 0.5 8
13 92 0.5 8
12 94 0.5 8
87 34 0.5 2
86 34 0.5 2
37 56 0.5 39
38 58 0.5 39
37 57 0.5 39
37 58 0.5 39
44 59 0.5 39
43 59 0.5 39
42 59 0.5 39
41 59 0.5 39
40 59 0.5 39
39 57 0.5 39
40 58 0.5 39
39 58 0.5 39
44 58 0.5 39
44 57 0.5 39
44 56 0.5 39
45 55 0.5 39
45 54 0.5 39
45 56 0.5 39
37 59 0.5 39
44 62 0.5 39
43 62 0.5 39
42 62 0.5 39
42 60 0.5 39
42 61 0.5 39
45 62 0.5 39
44 63 0.5 39
43 63 0.5 39
46 63 0.5 39
46 62 0.5 39
36 55 0.5 39
35 55 0.5 39
37 55 0.5 39
35 57 0.5 39
35 56 0.5 39
34 56 0.5 39
34 55 0.5 39
38 54 0.5 39
38 53 0.5 39
37 54 0.5 39
51 57 0.5 15
51 58 0.5 15
52 58 0.5 15
52 57 0.5 15
50 58 0.5 15
53 58 0.5 15
51 59 0.5 15
51 60 0.5 15
52 60 0.5 15
56 58 0.5 15
56 59 0.5 15
54 58 0.5 15
54 59 0.5 15
55 59 0.5 15
54 60 0.5 15
41 31 0.5 1
88 73 0.5 12
88 72 0.5 12
89 74 0.5 12
88 74 0.5 12
89 68 0.5 12
89 69 0.5 12
89 70 0.5 12
90 68 0.5 12
88 69 0.5 12
88 71 0.5 12
89 71 0.5 12
90 71 0.5 12
0 14 0.5 1
17 78 0.5 2
16 78 0.5 2
27 96 0.5 7
27 97 0.5 7
25 94 0.5 7
25 93 0.5 7
26 96 0.5 7
25 95 0.5 7
26 95 0.5 7
66 78 0.5 2
67 78 0.5 2
41 85 0.5 10
41 84 0.5 10
40 85 0.5 10
40 84 0.5 10
37 85 0.5 10
39 85 0.5 10
38 87 0.5 10
38 86 0.5 10
38 85 0.5 10
38 88 0.5 10
1 35 0.5 3
2 34 0.5 3
1 34 0.5 3
32 99 0.5 2
32 98 0.5 2
94 16 0.5 6
94 15 0.5 6
95 16 0.5 6
93 17 0.5 6
94 17 0.5 6
92 17 0.5 6
58 38 0.5 1
22 21 0.5 2
23 21 0.5 2
53 2 0.5 4
52 3 0.5 4
53 3 0.5 4
51 3 0.5 4
95 94 0.5 7
96 93 0.5 7
96 94 0.5 7
95 96 0.5 7
96 96 0.5 7
95 95 0.5 7
97 96 0.5 7
89 40 0.5 1
37 81 0.5 11
36 82 0.5 11
36 81 0.5 11
34 81 0.5 11
35 81 0.5 11
37 80 0.5 11
38 80 0.5 11
40 80 0.5 11
39 80 0.5 11
37 79 0.5 11
41 80 0.5 11
75 77 0.5 1
22 44 0.5 1
5 94 0.5 1
28 69 0.5 1
17 95 0.5 1
