67 72 0.5 27
69 72 0.5 27
69 73 0.5 27
68 72 0.5 27
67 71 0.5 27
66 72 0.5 27
69 75 0.5 27
70 74 0.5 27
69 74 0.5 27
65 72 0.5 27
65 73 0.5 27
65 75 0.5 27
65 74 0.5 27
64 73 0.5 27
63 70 0.5 27
63 72 0.5 27
63 73 0.5 27
62 73 0.5 27
63 71 0.5 27
62 74 0.5 27
73 72 0.5 27
73 73 0.5 27
73 74 0.5 27
74 74 0.5 27
72 74 0.5 27
71 75 0.5 27
71 74 0.5 27
96 24 0.5 115
95 24 0.5 115
95 23 0.5 115
1 27 0.5 115
1 28 0.5 115
2 27 0.5 115
0 28 0.5 115
3 27 0.5 115
98 26 0.5 115
98 27 0.5 115
99 27 0.5 115
0 27 0.5 115
97 26 0.5 115
98 28 0.5 115
4 27 0.5 115
5 27 0.5 115
3 26 0.5 115
2 26 0.5 115
7 29 0.5 115
6 29 0.5 115
6 28 0.5 115
6 26 0.5 115
6 27 0.5 115
7 25 0.5 115
7 26 0.5 115
8 30 0.5 115
8 29 0.5 115
98 25 0.5 115
97 25 0.5 115
97 24 0.5 115
11 30 0.5 115
10 30 0.5 115
10 29 0.5 115
9 30 0.5 115
9 31 0.5 115
7 35 0.5 115
7 36 0.5 115
6 39 0.5 115
6 38 0.5 115
6 37 0.5 115
6 36 0.5 115
8 35 0.5 115
8 36 0.5 115
11 32 0.5 115
10 32 0.5 115
11 33 0.5 115
9 32 0.5 115
10 31 0.5 115
12 33 0.5 115
9 33 0.5 115
8 33 0.5 115
8 34 0.5 115
13 34 0.5 115
12 34 0.5 115
12 35 0.5 115
14 34 0.5 115
15 34 0.5 115
16 34 0.5 115
2 29 0.5 115
1 29 0.5 115
2 41 0.5 115
1 41 0.5 115
3 40 0.5 115
4 40 0.5 115
4 41 0.5 115
5 41 0.5 115
3 41 0.5 115
2 40 0.5 115
2 39 0.5 115
2 38 0.5 115
3 38 0.5 115
4 38 0.5 115
5 39 0.5 115
4 39 0.5 115
85 24 0.5 115
85 25 0.5 115
84 26 0.5 115
85 26 0.5 115
83 26 0.5 115
86 26 0.5 115
86 25 0.5 115
84 25 0.5 115
88 25 0.5 115
87 25 0.5 115
83 22 0.5 115
83 23 0.5 115
83 24 0.5 115
83 25 0.5 115
84 22 0.5 115
83 28 0.5 115
83 27 0.5 115
85 28 0.5 115
84 28 0.5 115
86 28 0.5 115
88 29 0.5 115
88 30 0.5 115
89 30 0.5 115
89 28 0.5 115
88 28 0.5 115
87 28 0.5 115
91 27 0.5 115
92 27 0.5 115
93 27 0.5 115
93 26 0.5 115
91 28 0.5 115
90 27 0.5 115
89 27 0.5 115
89 26 0.5 115
95 26 0.5 115
94 26 0.5 115
96 28 0.5 115
97 28 0.5 115
95 29 0.5 115
95 28 0.5 115
95 27 0.5 115
10 76 0.5 40
9 76 0.5 40
9 74 0.5 40
8 74 0.5 40
9 75 0.5 40
7 77 0.5 40
8 77 0.5 40
6 77 0.5 40
9 77 0.5 40
5 77 0.5 40
3 79 0.5 40
5 78 0.5 40
5 79 0.5 40
4 79 0.5 40
5 82 0.5 40
4 82 0.5 40
4 81 0.5 40
4 80 0.5 40
4 83 0.5 40
5 80 0.5 40
6 80 0.5 40
7 80 0.5 40
2 78 0.5 40
3 78 0.5 40
1 78 0.5 40
99 81 0.5 40
0 79 0.5 40
99 79 0.5 40
99 80 0.5 40
0 78 0.5 40
98 82 0.5 40
99 82 0.5 40
99 83 0.5 40
0 83 0.5 40
0 84 0.5 40
98 80 0.5 40
0 85 0.5 40
0 86 0.5 40
99 87 0.5 40
0 87 0.5 40
95 44 0.5 20
96 44 0.5 20
97 44 0.5 20
94 44 0.5 20
1 44 0.5 20
0 44 0.5 20
0 45 0.5 20
99 45 0.5 20
98 44 0.5 20
99 44 0.5 20
98 43 0.5 20
1 45 0.5 20
95 43 0.5 20
1 47 0.5 20
1 46 0.5 20
2 46 0.5 20
96 40 0.5 20
95 41 0.5 20
95 42 0.5 20
96 41 0.5 20
71 30 0.5 60
69 30 0.5 60
70 30 0.5 60
72 30 0.5 60
74 30 0.5 60
73 30 0.5 60
74 29 0.5 60
73 31 0.5 60
73 32 0.5 60
66 30 0.5 60
66 29 0.5 60
68 30 0.5 60
67 30 0.5 60
67 29 0.5 60
67 28 0.5 60
74 28 0.5 60
65 26 0.5 60
67 27 0.5 60
66 27 0.5 60
65 27 0.5 60
66 28 0.5 60
64 26 0.5 60
67 26 0.5 60
60 24 0.5 60
60 22 0.5 60
61 22 0.5 60
61 24 0.5 60
61 23 0.5 60
62 25 0.5 60
62 24 0.5 60
63 24 0.5 60
64 24 0.5 60
64 23 0.5 60
63 22 0.5 60
64 22 0.5 60
65 22 0.5 60
60 25 0.5 60
65 24 0.5 60
66 24 0.5 60
69 24 0.5 60
68 24 0.5 60
67 24 0.5 60
59 21 0.5 60
57 21 0.5 60
58 21 0.5 60
59 22 0.5 60
65 25 0.5 60
57 23 0.5 60
55 22 0.5 60
55 21 0.5 60
55 23 0.5 60
56 22 0.5 60
56 23 0.5 60
57 22 0.5 60
55 18 0.5 60
55 19 0.5 60
55 20 0.5 60
54 23 0.5 60
53 24 0.5 60
53 23 0.5 60
21 58 0.5 39
21 57 0.5 39
19 58 0.5 39
19 59 0.5 39
20 58 0.5 39
18 55 0.5 39
19 57 0.5 39
19 55 0.5 39
19 56 0.5 39
20 63 0.5 39
21 63 0.5 39
19 63 0.5 39
18 64 0.5 39
19 64 0.5 39
20 64 0.5 39
21 61 0.5 39
20 61 0.5 39
19 62 0.5 39
19 61 0.5 39
18 60 0.5 39
18 61 0.5 39
22 63 0.5 39
22 62 0.5 39
22 64 0.5 39
23 63 0.5 39
22 61 0.5 39
23 61 0.5 39
24 64 0.5 39
25 64 0.5 39
23 64 0.5 39
24 63 0.5 39
24 60 0.5 39
23 60 0.5 39
22 58 0.5 39
23 58 0.5 39
23 59 0.5 39
22 59 0.5 39
18 54 0.5 39
17 60 0.5 39
77 43 0.5 65
78 43 0.5 65
78 44 0.5 65
76 42 0.5 65
75 42 0.5 65
76 43 0.5 65
76 41 0.5 65
78 42 0.5 65
79 42 0.5 65
80 42 0.5 65
81 42 0.5 65
82 42 0.5 65
80 43 0.5 65
83 42 0.5 65
83 43 0.5 65
82 43 0.5 65
82 44 0.5 65
84 42 0.5 65
84 41 0.5 65
74 44 0.5 65
74 45 0.5 65
73 45 0.5 65
75 44 0.5 65
76 46 0.5 65
76 45 0.5 65
75 46 0.5 65
74 46 0.5 65
77 46 0.5 65
76 47 0.5 65
74 43 0.5 65
75 43 0.5 65
74 49 0.5 65
75 49 0.5 65
73 49 0.5 65
73 50 0.5 65
73 51 0.5 65
73 52 0.5 65
72 53 0.5 65
72 54 0.5 65
72 52 0.5 65
73 55 0.5 65
72 55 0.5 65
71 51 0.5 65
72 51 0.5 65
73 48 0.5 65
73 47 0.5 65
73 46 0.5 65
72 46 0.5 65
68 60 0.5 65
69 60 0.5 65
69 62 0.5 65
69 61 0.5 65
70 61 0.5 65
67 60 0.5 65
71 61 0.5 65
72 61 0.5 65
73 61 0.5 65
74 58 0.5 65
74 57 0.5 65
74 56 0.5 65
73 56 0.5 65
74 60 0.5 65
73 60 0.5 65
74 59 0.5 65
75 56 0.5 65
35 69 0.5 6
36 69 0.5 6
37 69 0.5 6
37 70 0.5 6
34 69 0.5 6
34 68 0.5 6
86 82 0.5 43
86 83 0.5 43
86 81 0.5 43
88 82 0.5 43
88 83 0.5 43
88 81 0.5 43
87 83 0.5 43
88 80 0.5 43
86 80 0.5 43
87 80 0.5 43
86 78 0.5 43
86 79 0.5 43
87 78 0.5 43
85 80 0.5 43
85 79 0.5 43
88 88 0.5 43
89 88 0.5 43
87 88 0.5 43
87 87 0.5 43
88 89 0.5 43
85 86 0.5 43
86 86 0.5 43
86 85 0.5 43
87 86 0.5 43
86 84 0.5 43
87 84 0.5 43
90 88 0.5 43
83 77 0.5 43
83 76 0.5 43
82 75 0.5 43
83 75 0.5 43
83 78 0.5 43
83 79 0.5 43
82 78 0.5 43
84 79 0.5 43
84 83 0.5 43
84 82 0.5 43
83 82 0.5 43
82 80 0.5 43
83 80 0.5 43
82 81 0.5 43
82 82 0.5 43
81 80 0.5 43
39 17 0.5 107
39 16 0.5 107
38 16 0.5 107
35 17 0.5 107
35 16 0.5 107
36 16 0.5 107
37 16 0.5 107
34 17 0.5 107
33 17 0.5 107
33 18 0.5 107
33 16 0.5 107
31 19 0.5 107
31 20 0.5 107
33 19 0.5 107
32 19 0.5 107
32 17 0.5 107
30 19 0.5 107
39 18 0.5 107
39 19 0.5 107
34 25 0.5 107
35 24 0.5 107
34 24 0.5 107
33 24 0.5 107
33 20 0.5 107
33 22 0.5 107
33 21 0.5 107
33 23 0.5 107
34 23 0.5 107
32 21 0.5 107
42 23 0.5 107
42 22 0.5 107
40 22 0.5 107
41 22 0.5 107
43 22 0.5 107
40 23 0.5 107
40 24 0.5 107
39 23 0.5 107
40 21 0.5 107
40 20 0.5 107
40 19 0.5 107
42 7 0.5 107
42 8 0.5 107
43 8 0.5 107
40 10 0.5 107
41 10 0.5 107
41 11 0.5 107
42 10 0.5 107
42 9 0.5 107
41 17 0.5 107
41 15 0.5 107
40 16 0.5 107
41 16 0.5 107
41 14 0.5 107
41 13 0.5 107
41 12 0.5 107
31 11 0.5 107
31 10 0.5 107
31 9 0.5 107
30 13 0.5 107
30 11 0.5 107
30 12 0.5 107
29 13 0.5 107
28 13 0.5 107
27 13 0.5 107
34 13 0.5 107
34 14 0.5 107
33 13 0.5 107
33 12 0.5 107
34 15 0.5 107
33 15 0.5 107
32 12 0.5 107
32 11 0.5 107
27 12 0.5 107
27 4 0.5 107
26 4 0.5 107
27 5 0.5 107
26 5 0.5 107
27 3 0.5 107
26 2 0.5 107
26 3 0.5 107
25 2 0.5 107
24 2 0.5 107
27 2 0.5 107
26 1 0.5 107
25 1 0.5 107
24 1 0.5 107
28 4 0.5 107
23 10 0.5 107
23 9 0.5 107
24 8 0.5 107
24 9 0.5 107
25 7 0.5 107
24 7 0.5 107
25 6 0.5 107
26 6 0.5 107
28 7 0.5 107
29 8 0.5 107
28 8 0.5 107
30 8 0.5 107
31 8 0.5 107
27 6 0.5 107
27 7 0.5 107
26 7 0.5 107
44 8 0.5 107
45 8 0.5 107
45 7 0.5 107
45 6 0.5 107
21 48 0.5 38
20 48 0.5 38
20 49 0.5 38
22 49 0.5 38
22 48 0.5 38
23 49 0.5 38
22 50 0.5 38
25 49 0.5 38
25 48 0.5 38
24 49 0.5 38
24 50 0.5 38
24 51 0.5 38
23 50 0.5 38
21 47 0.5 38
20 47 0.5 38
27 45 0.5 38
28 45 0.5 38
26 45 0.5 38
27 44 0.5 38
26 47 0.5 38
26 46 0.5 38
25 47 0.5 38
24 47 0.5 38
32 43 0.5 38
32 44 0.5 38
33 43 0.5 38
29 44 0.5 38
30 44 0.5 38
31 44 0.5 38
29 45 0.5 38
29 46 0.5 38
28 46 0.5 38
31 42 0.5 38
32 42 0.5 38
30 42 0.5 38
30 41 0.5 38
29 41 0.5 38
31 41 0.5 38
84 2 0.5 60
84 3 0.5 60
83 2 0.5 60
83 1 0.5 60
81 2 0.5 60
82 3 0.5 60
81 3 0.5 60
82 2 0.5 60
83 0 0.5 60
87 3 0.5 60
87 4 0.5 60
86 3 0.5 60
85 3 0.5 60
85 4 0.5 60
91 2 0.5 60
90 2 0.5 60
90 1 0.5 60
89 1 0.5 60
88 1 0.5 60
88 2 0.5 60
87 2 0.5 60
87 0 0.5 60
86 0 0.5 60
85 0 0.5 60
84 0 0.5 60
86 99 0.5 60
86 98 0.5 60
84 99 0.5 60
84 98 0.5 60
86 95 0.5 60
86 96 0.5 60
86 97 0.5 60
85 95 0.5 60
85 94 0.5 60
83 93 0.5 60
84 93 0.5 60
84 95 0.5 60
84 94 0.5 60
93 5 0.5 60
92 5 0.5 60
91 5 0.5 60
95 3 0.5 60
95 4 0.5 60
95 2 0.5 60
96 2 0.5 60
93 4 0.5 60
94 4 0.5 60
96 1 0.5 60
91 4 0.5 60
91 3 0.5 60
96 0 0.5 60
90 4 0.5 60
97 1 0.5 60
98 1 0.5 60
93 6 0.5 60
97 2 0.5 60
89 6 0.5 60
89 5 0.5 60
89 4 0.5 60
93 7 0.5 60
41 50 0.5 16
41 49 0.5 16
41 47 0.5 16
41 48 0.5 16
40 46 0.5 16
40 47 0.5 16
44 46 0.5 16
45 46 0.5 16
45 45 0.5 16
44 47 0.5 16
44 48 0.5 16
45 48 0.5 16
46 48 0.5 16
42 48 0.5 16
43 48 0.5 16
45 44 0.5 16
89 57 0.5 48
90 57 0.5 48
91 57 0.5 48
91 56 0.5 48
88 57 0.5 48
92 56 0.5 48
89 56 0.5 48
86 59 0.5 48
86 58 0.5 48
87 58 0.5 48
86 62 0.5 48
86 60 0.5 48
86 61 0.5 48
87 57 0.5 48
92 55 0.5 48
90 59 0.5 48
90 58 0.5 48
90 60 0.5 48
91 60 0.5 48
92 60 0.5 48
89 59 0.5 48
91 55 0.5 48
91 53 0.5 48
91 54 0.5 48
92 54 0.5 48
89 53 0.5 48
90 53 0.5 48
86 63 0.5 48
86 64 0.5 48
96 55 0.5 48
95 55 0.5 48
94 55 0.5 48
95 54 0.5 48
96 56 0.5 48
93 53 0.5 48
93 54 0.5 48
93 55 0.5 48
97 55 0.5 48
84 65 0.5 48
85 65 0.5 48
86 65 0.5 48
81 66 0.5 48
81 65 0.5 48
81 67 0.5 48
83 66 0.5 48
84 66 0.5 48
82 66 0.5 48
80 65 0.5 48
49 90 0.5 24
48 90 0.5 24
47 89 0.5 24
48 89 0.5 24
48 88 0.5 24
47 85 0.5 24
49 85 0.5 24
49 86 0.5 24
48 85 0.5 24
50 86 0.5 24
49 87 0.5 24
48 87 0.5 24
46 85 0.5 24
43 87 0.5 24
43 88 0.5 24
43 90 0.5 24
43 89 0.5 24
45 90 0.5 24
44 90 0.5 24
45 89 0.5 24
46 88 0.5 24
46 89 0.5 24
42 90 0.5 24
42 89 0.5 24
7 61 0.5 31
6 61 0.5 31
8 62 0.5 31
8 61 0.5 31
3 63 0.5 31
2 63 0.5 31
2 64 0.5 31
3 64 0.5 31
1 64 0.5 31
1 66 0.5 31
1 65 0.5 31
2 67 0.5 31
3 66 0.5 31
2 66 0.5 31
4 63 0.5 31
4 62 0.5 31
4 61 0.5 31
4 66 0.5 31
5 61 0.5 31
5 60 0.5 31
8 57 0.5 31
8 58 0.5 31
8 59 0.5 31
8 60 0.5 31
7 60 0.5 31
6 60 0.5 31
3 68 0.5 31
2 68 0.5 31
0 66 0.5 31
0 67 0.5 31
0 68 0.5 31
61 34 0.5 20
62 34 0.5 20
60 34 0.5 20
58 32 0.5 20
59 32 0.5 20
57 32 0.5 20
60 33 0.5 20
59 33 0.5 20
57 29 0.5 20
57 30 0.5 20
57 31 0.5 20
59 34 0.5 20
63 34 0.5 20
63 33 0.5 20
63 35 0.5 20
56 31 0.5 20
56 32 0.5 20
59 35 0.5 20
57 34 0.5 20
57 33 0.5 20
53 71 0.5 22
52 70 0.5 22
52 69 0.5 22
53 70 0.5 22
51 69 0.5 22
53 72 0.5 22
54 73 0.5 22
53 73 0.5 22
52 68 0.5 22
57 73 0.5 22
56 73 0.5 22
55 73 0.5 22
58 75 0.5 22
57 75 0.5 22
57 74 0.5 22
56 74 0.5 22
54 74 0.5 22
55 74 0.5 22
55 75 0.5 22
53 68 0.5 22
53 67 0.5 22
53 66 0.5 22
83 16 0.5 18
83 17 0.5 18
84 17 0.5 18
84 16 0.5 18
85 17 0.5 18
86 17 0.5 18
86 16 0.5 18
82 15 0.5 18
81 15 0.5 18
81 16 0.5 18
80 15 0.5 18
83 15 0.5 18
79 17 0.5 18
79 16 0.5 18
79 15 0.5 18
78 15 0.5 18
83 13 0.5 18
83 14 0.5 18
61 94 0.5 16
62 94 0.5 16
60 94 0.5 16
59 94 0.5 16
60 95 0.5 16
66 95 0.5 16
66 94 0.5 16
63 95 0.5 16
64 95 0.5 16
65 95 0.5 16
63 94 0.5 16
65 94 0.5 16
67 95 0.5 16
59 95 0.5 16
58 95 0.5 16
57 95 0.5 16
14 9 0.5 44
15 10 0.5 44
14 10 0.5 44
15 11 0.5 44
13 10 0.5 44
12 9 0.5 44
13 9 0.5 44
11 9 0.5 44
11 10 0.5 44
15 6 0.5 44
14 6 0.5 44
15 8 0.5 44
14 8 0.5 44
14 7 0.5 44
15 9 0.5 44
14 5 0.5 44
15 5 0.5 44
16 5 0.5 44
15 4 0.5 44
15 3 0.5 44
14 4 0.5 44
13 3 0.5 44
14 3 0.5 44
12 3 0.5 44
16 9 0.5 44
17 8 0.5 44
17 10 0.5 44
17 9 0.5 44
11 3 0.5 44
11 2 0.5 44
10 2 0.5 44
10 3 0.5 44
9 1 0.5 44
10 1 0.5 44
8 1 0.5 44
15 0 0.5 44
15 1 0.5 44
14 2 0.5 44
15 2 0.5 44
14 0 0.5 44
13 0 0.5 44
13 99 0.5 44
12 0 0.5 44
8 0 0.5 44
10 92 0.5 8
11 92 0.5 8
10 91 0.5 8
11 91 0.5 8
12 92 0.5 8
12 91 0.5 8
13 91 0.5 8
12 93 0.5 8
86 34 0.5 2
85 34 0.5 2
37 55 0.5 39
38 57 0.5 39
37 56 0.5 39
37 57 0.5 39
44 58 0.5 39
43 58 0.5 39
42 58 0.5 39
41 58 0.5 39
40 58 0.5 39
39 56 0.5 39
40 57 0.5 39
39 57 0.5 39
44 57 0.5 39
44 56 0.5 39
44 55 0.5 39
45 54 0.5 39
45 53 0.5 39
45 55 0.5 39
37 58 0.5 39
44 61 0.5 39
43 61 0.5 39
42 61 0.5 39
42 59 0.5 39
42 60 0.5 39
45 61 0.5 39
44 62 0.5 39
43 62 0.5 39
46 62 0.5 39
46 61 0.5 39
36 54 0.5 39
35 54 0.5 39
37 54 0.5 39
35 56 0.5 39
35 55 0.5 39
34 55 0.5 39
34 54 0.5 39
38 53 0.5 39
38 52 0.5 39
37 53 0.5 39
51 58 0.5 15
51 59 0.5 15
52 59 0.5 15
52 58 0.5 15
50 59 0.5 15
53 59 0.5 15
51 60 0.5 15
51 61 0.5 15
52 61 0.5 15
56 59 0.5 15
56 60 0.5 15
54 59 0.5 15
54 60 0.5 15
55 60 0.5 15
54 61 0.5 15
42 31 0.5 1
89 73 0.5 12
89 72 0.5 12
90 74 0.5 12
89 74 0.5 12
90 68 0.5 12
90 69 0.5 12
90 70 0.5 12
91 68 0.5 12
89 69 0.5 12
89 71 0.5 12
90 71 0.5 12
91 71 0.5 12
1 14 0.5 1
18 78 0.5 2
17 78 0.5 2
28 96 0.5 7
28 97 0.5 7
26 94 0.5 7
26 93 0.5 7
27 96 0.5 7
26 95 0.5 7
27 95 0.5 7
65 78 0.5 2
66 78 0.5 2
41 84 0.5 10
41 83 0.5 10
40 84 0.5 10
40 83 0.5 10
37 84 0.5 10
39 84 0.5 10
38 86 0.5 10
38 85 0.5 10
38 84 0.5 10
38 87 0.5 10
0 35 0.5 3
1 34 0.5 3
0 34 0.5 3
33 99 0.5 2
33 98 0.5 2
94 15 0.5 6
94 14 0.5 6
95 15 0.5 6
93 16 0.5 6
94 16 0.5 6
92 16 0.5 6
58 39 0.5 1
21 21 0.5 2
22 21 0.5 2
53 1 0.5 4
52 2 0.5 4
53 2 0.5 4
51 2 0.5 4
96 94 0.5 7
97 93 0.5 7
97 94 0.5 7
96 96 0.5 7
97 96 0.5 7
96 95 0.5 7
98 96 0.5 7
88 40 0.5 1
37 82 0.5 11
36 83 0.5 11
36 82 0.5 11
34 82 0.5 11
35 82 0.5 11
37 81 0.5 11
38 81 0.5 11
40 81 0.5 11
39 81 0.5 11
37 80 0.5 11
41 81 0.5 11
75 76 0.5 1
23 44 0.5 1
5 93 0.5 1
29 69 0.5 1
17 96 0.5 1
