67 72 0.5 27
69 72 0.5 27
69 73 0.5 27
68 72 0.5 27
67 71 0.5 27
66 72 0.5 27
69 75 0.5 27
70 74 0.5 27
69 74 0.5 27
65 72 0.5 27
65 73 0.5 27
65 75 0.5 27
65 74 0.5 27
64 73 0.5 27
63 70 0.5 27
63 72 0.5 27
63 73 0.5 27
62 73 0.5 27
63 71 0.5 27
62 74 0.5 27
73 72 0.5 27
73 73 0.5 27
73 74 0.5 27
74 74 0.5 27
72 74 0.5 27
71 75 0.5 27
71 74 0.5 27
97 25 0.5 115
96 25 0.5 115
96 24 0.5 115
2 28 0.5 115
2 29 0.5 115
3 28 0.5 115
1 29 0.5 115
4 28 0.5 115
99 27 0.5 115
99 28 0.5 115
0 28 0.5 115
1 28 0.5 115
98 27 0.5 115
99 29 0.5 115
5 28 0.5 115
6 28 0.5 115
4 27 0.5 115
3 27 0.5 115
8 30 0.5 115
7 30 0.5 115
7 29 0.5 115
7 27 0.5 115
7 28 0.5 115
8 26 0.5 115
8 27 0.5 115
9 31 0.5 115
9 30 0.5 115
99 26 0.5 115
98 26 0.5 115
98 25 0.5 115
12 31 0.5 115
11 31 0.5 115
11 30 0.5 115
10 31 0.5 115
10 32 0.5 115
8 36 0.5 115
8 37 0.5 115
7 40 0.5 115
7 39 0.5 115
7 38 0.5 115
7 37 0.5 115
9 36 0.5 115
9 37 0.5 115
12 33 0.5 115
11 33 0.5 115
12 34 0.5 115
10 33 0.5 115
11 32 0.5 115
13 34 0.5 115
10 34 0.5 115
9 34 0.5 115
9 35 0.5 115
14 35 0.5 115
13 35 0.5 115
13 36 0.5 115
15 35 0.5 115
16 35 0.5 115
17 35 0.5 115
3 30 0.5 115
2 30 0.5 115
3 42 0.5 115
2 42 0.5 115
4 41 0.5 115
5 41 0.5 115
5 42 0.5 115
6 42 0.5 115
4 42 0.5 115
3 41 0.5 115
3 40 0.5 115
3 39 0.5 115
4 39 0.5 115
5 39 0.5 115
6 40 0.5 115
5 40 0.5 115
86 25 0.5 115
86 26 0.5 115
85 27 0.5 115
86 27 0.5 115
84 27 0.5 115
87 27 0.5 115
87 26 0.5 115
85 26 0.5 115
89 26 0.5 115
88 26 0.5 115
84 23 0.5 115
84 24 0.5 115
84 25 0.5 115
84 26 0.5 115
85 23 0.5 115
84 29 0.5 115
84 28 0.5 115
86 29 0.5 115
85 29 0.5 115
87 29 0.5 115
89 30 0.5 115
89 31 0.5 115
90 31 0.5 115
90 29 0.5 115
89 29 0.5 115
88 29 0.5 115
92 28 0.5 115
93 28 0.5 115
94 28 0.5 115
94 27 0.5 115
92 29 0.5 115
91 28 0.5 115
90 28 0.5 115
90 27 0.5 115
96 27 0.5 115
95 27 0.5 115
97 29 0.5 115
98 29 0.5 115
96 30 0.5 115
96 29 0.5 115
96 28 0.5 115
11 75 0.5 40
10 75 0.5 40
10 73 0.5 40
9 73 0.5 40
10 74 0.5 40
8 76 0.5 40
9 76 0.5 40
7 76 0.5 40
10 76 0.5 40
6 76 0.5 40
4 78 0.5 40
6 77 0.5 40
6 78 0.5 40
5 78 0.5 40
6 81 0.5 40
5 81 0.5 40
5 80 0.5 40
5 79 0.5 40
5 82 0.5 40
6 79 0.5 40
7 79 0.5 40
8 79 0.5 40
3 77 0.5 40
4 77 0.5 40
2 77 0.5 40
0 80 0.5 40
1 78 0.5 40
0 78 0.5 40
0 79 0.5 40
1 77 0.5 40
99 81 0.5 40
0 81 0.5 40
0 82 0.5 40
1 82 0.5 40
1 83 0.5 40
99 79 0.5 40
1 84 0.5 40
1 85 0.5 40
0 86 0.5 40
1 86 0.5 40
96 45 0.5 20
97 45 0.5 20
98 45 0.5 20
95 45 0.5 20
2 45 0.5 20
1 45 0.5 20
1 46 0.5 20
0 46 0.5 20
99 45 0.5 20
0 45 0.5 20
99 44 0.5 20
2 46 0.5 20
96 44 0.5 20
2 48 0.5 20
2 47 0.5 20
3 47 0.5 20
97 41 0.5 20
96 42 0.5 20
96 43 0.5 20
97 42 0.5 20
71 28 0.5 60
69 28 0.5 60
70 28 0.5 60
72 28 0.5 60
74 28 0.5 60
73 28 0.5 60
74 27 0.5 60
73 29 0.5 60
73 30 0.5 60
66 28 0.5 60
66 27 0.5 60
68 28 0.5 60
67 28 0.5 60
67 27 0.5 60
67 26 0.5 60
74 26 0.5 60
65 24 0.5 60
67 25 0.5 60
66 25 0.5 60
65 25 0.5 60
66 26 0.5 60
64 24 0.5 60
67 24 0.5 60
60 22 0.5 60
60 20 0.5 60
61 20 0.5 60
61 22 0.5 60
61 21 0.5 60
62 23 0.5 60
62 22 0.5 60
63 22 0.5 60
64 22 0.5 60
64 21 0.5 60
63 20 0.5 60
64 20 0.5 60
65 20 0.5 60
60 23 0.5 60
65 22 0.5 60
66 22 0.5 60
69 22 0.5 60
68 22 0.5 60
67 22 0.5 60
59 19 0.5 60
57 19 0.5 60
58 19 0.5 60
59 20 0.5 60
65 23 0.5 60
57 21 0.5 60
55 20 0.5 60
55 19 0.5 60
55 21 0.5 60
56 20 0.5 60
56 21 0.5 60
57 20 0.5 60
55 16 0.5 60
55 17 0.5 60
55 18 0.5 60
54 21 0.5 60
53 22 0.5 60
53 21 0.5 60
23 58 0.5 39
23 57 0.5 39
21 58 0.5 39
21 59 0.5 39
22 58 0.5 39
20 55 0.5 39
21 57 0.5 39
21 55 0.5 39
21 56 0.5 39
22 63 0.5 39
23 63 0.5 39
21 63 0.5 39
20 64 0.5 39
21 64 0.5 39
22 64 0.5 39
23 61 0.5 39
22 61 0.5 39
21 62 0.5 39
21 61 0.5 39
20 60 0.5 39
20 61 0.5 39
24 63 0.5 39
24 62 0.5 39
24 64 0.5 39
25 63 0.5 39
24 61 0.5 39
25 61 0.5 39
26 64 0.5 39
27 64 0.5 39
25 64 0.5 39
26 63 0.5 39
26 60 0.5 39
25 60 0.5 39
24 58 0.5 39
25 58 0.5 39
25 59 0.5 39
24 59 0.5 39
20 54 0.5 39
19 60 0.5 39
77 41 0.5 65
78 41 0.5 65
78 42 0.5 65
76 40 0.5 65
75 40 0.5 65
76 41 0.5 65
76 39 0.5 65
78 40 0.5 65
79 40 0.5 65
80 40 0.5 65
81 40 0.5 65
82 40 0.5 65
80 41 0.5 65
83 40 0.5 65
83 41 0.5 65
82 41 0.5 65
82 42 0.5 65
84 40 0.5 65
84 39 0.5 65
74 42 0.5 65
74 43 0.5 65
73 43 0.5 65
75 42 0.5 65
76 44 0.5 65
76 43 0.5 65
75 44 0.5 65
74 44 0.5 65
77 44 0.5 65
76 45 0.5 65
74 41 0.5 65
75 41 0.5 65
74 47 0.5 65
75 47 0.5 65
73 47 0.5 65
73 48 0.5 65
73 49 0.5 65
73 50 0.5 65
72 51 0.5 65
72 52 0.5 65
72 50 0.5 65
73 53 0.5 65
72 53 0.5 65
71 49 0.5 65
72 49 0.5 65
73 46 0.5 65
73 45 0.5 65
73 44 0.5 65
72 44 0.5 65
68 58 0.5 65
69 58 0.5 65
69 60 0.5 65
69 59 0.5 65
70 59 0.5 65
67 58 0.5 65
71 59 0.5 65
72 59 0.5 65
73 59 0.5 65
74 56 0.5 65
74 55 0.5 65
74 54 0.5 65
73 54 0.5 65
74 58 0.5 65
73 58 0.5 65
74 57 0.5 65
75 54 0.5 65
36 68 0.5 6
37 68 0.5 6
38 68 0.5 6
38 69 0.5 6
35 68 0.5 6
35 67 0.5 6
84 82 0.5 43
84 83 0.5 43
84 81 0.5 43
86 82 0.5 43
86 83 0.5 43
86 81 0.5 43
85 83 0.5 43
86 80 0.5 43
84 80 0.5 43
85 80 0.5 43
84 78 0.5 43
84 79 0.5 43
85 78 0.5 43
83 80 0.5 43
83 79 0.5 43
86 88 0.5 43
87 88 0.5 43
85 88 0.5 43
85 87 0.5 43
86 89 0.5 43
83 86 0.5 43
84 86 0.5 43
84 85 0.5 43
85 86 0.5 43
84 84 0.5 43
85 84 0.5 43
88 88 0.5 43
81 77 0.5 43
81 76 0.5 43
80 75 0.5 43
81 75 0.5 43
81 78 0.5 43
81 79 0.5 43
80 78 0.5 43
82 79 0.5 43
82 83 0.5 43
82 82 0.5 43
81 82 0.5 43
80 80 0.5 43
81 80 0.5 43
80 81 0.5 43
80 82 0.5 43
79 80 0.5 43
40 16 0.5 107
40 15 0.5 107
39 15 0.5 107
36 16 0.5 107
36 15 0.5 107
37 15 0.5 107
38 15 0.5 107
35 16 0.5 107
34 16 0.5 107
34 17 0.5 107
34 15 0.5 107
32 18 0.5 107
32 19 0.5 107
34 18 0.5 107
33 18 0.5 107
33 16 0.5 107
31 18 0.5 107
40 17 0.5 107
40 18 0.5 107
35 24 0.5 107
36 23 0.5 107
35 23 0.5 107
34 23 0.5 107
34 19 0.5 107
34 21 0.5 107
34 20 0.5 107
34 22 0.5 107
35 22 0.5 107
33 20 0.5 107
43 22 0.5 107
43 21 0.5 107
41 21 0.5 107
42 21 0.5 107
44 21 0.5 107
41 22 0.5 107
41 23 0.5 107
40 22 0.5 107
41 20 0.5 107
41 19 0.5 107
41 18 0.5 107
43 6 0.5 107
43 7 0.5 107
44 7 0.5 107
41 9 0.5 107
42 9 0.5 107
42 10 0.5 107
43 9 0.5 107
43 8 0.5 107
42 16 0.5 107
42 14 0.5 107
41 15 0.5 107
42 15 0.5 107
42 13 0.5 107
42 12 0.5 107
42 11 0.5 107
32 10 0.5 107
32 9 0.5 107
32 8 0.5 107
31 12 0.5 107
31 10 0.5 107
31 11 0.5 107
30 12 0.5 107
29 12 0.5 107
28 12 0.5 107
35 12 0.5 107
35 13 0.5 107
34 12 0.5 107
34 11 0.5 107
35 14 0.5 107
34 14 0.5 107
33 11 0.5 107
33 10 0.5 107
28 11 0.5 107
28 3 0.5 107
27 3 0.5 107
28 4 0.5 107
27 4 0.5 107
28 2 0.5 107
27 1 0.5 107
27 2 0.5 107
26 1 0.5 107
25 1 0.5 107
28 1 0.5 107
27 0 0.5 107
26 0 0.5 107
25 0 0.5 107
29 3 0.5 107
24 9 0.5 107
24 8 0.5 107
25 7 0.5 107
25 8 0.5 107
26 6 0.5 107
25 6 0.5 107
26 5 0.5 107
27 5 0.5 107
29 6 0.5 107
30 7 0.5 107
29 7 0.5 107
31 7 0.5 107
32 7 0.5 107
28 5 0.5 107
28 6 0.5 107
27 6 0.5 107
45 7 0.5 107
46 7 0.5 107
46 6 0.5 107
46 5 0.5 107
23 48 0.5 38
22 48 0.5 38
22 49 0.5 38
24 49 0.5 38
24 48 0.5 38
25 49 0.5 38
24 50 0.5 38
27 49 0.5 38
27 48 0.5 38
26 49 0.5 38
26 50 0.5 38
26 51 0.5 38
25 50 0.5 38
23 47 0.5 38
22 47 0.5 38
29 45 0.5 38
30 45 0.5 38
28 45 0.5 38
29 44 0.5 38
28 47 0.5 38
28 46 0.5 38
27 47 0.5 38
26 47 0.5 38
34 43 0.5 38
34 44 0.5 38
35 43 0.5 38
31 44 0.5 38
32 44 0.5 38
33 44 0.5 38
31 45 0.5 38
31 46 0.5 38
30 46 0.5 38
33 42 0.5 38
34 42 0.5 38
32 42 0.5 38
32 41 0.5 38
31 41 0.5 38
33 41 0.5 38
85 3 0.5 60
85 4 0.5 60
84 3 0.5 60
84 2 0.5 60
82 3 0.5 60
83 4 0.5 60
82 4 0.5 60
83 3 0.5 60
84 1 0.5 60
88 4 0.5 60
88 5 0.5 60
87 4 0.5 60
86 4 0.5 60
86 5 0.5 60
92 3 0.5 60
91 3 0.5 60
91 2 0.5 60
90 2 0.5 60
89 2 0.5 60
89 3 0.5 60
88 3 0.5 60
88 1 0.5 60
87 1 0.5 60
86 1 0.5 60
85 1 0.5 60
87 0 0.5 60
87 99 0.5 60
85 0 0.5 60
85 99 0.5 60
87 96 0.5 60
87 97 0.5 60
87 98 0.5 60
86 96 0.5 60
86 95 0.5 60
84 94 0.5 60
85 94 0.5 60
85 96 0.5 60
85 95 0.5 60
94 6 0.5 60
93 6 0.5 60
92 6 0.5 60
96 4 0.5 60
96 5 0.5 60
96 3 0.5 60
97 3 0.5 60
94 5 0.5 60
95 5 0.5 60
97 2 0.5 60
92 5 0.5 60
92 4 0.5 60
97 1 0.5 60
91 5 0.5 60
98 2 0.5 60
99 2 0.5 60
94 7 0.5 60
98 3 0.5 60
90 7 0.5 60
90 6 0.5 60
90 5 0.5 60
94 8 0.5 60
41 50 0.5 16
41 49 0.5 16
41 47 0.5 16
41 48 0.5 16
40 46 0.5 16
40 47 0.5 16
44 46 0.5 16
45 46 0.5 16
45 45 0.5 16
44 47 0.5 16
44 48 0.5 16
45 48 0.5 16
46 48 0.5 16
42 48 0.5 16
43 48 0.5 16
45 44 0.5 16
91 57 0.5 48
92 57 0.5 48
93 57 0.5 48
93 56 0.5 48
90 57 0.5 48
94 56 0.5 48
91 56 0.5 48
88 59 0.5 48
88 58 0.5 48
89 58 0.5 48
88 62 0.5 48
88 60 0.5 48
88 61 0.5 48
89 57 0.5 48
94 55 0.5 48
92 59 0.5 48
92 58 0.5 48
92 60 0.5 48
93 60 0.5 48
94 60 0.5 48
91 59 0.5 48
93 55 0.5 48
93 53 0.5 48
93 54 0.5 48
94 54 0.5 48
91 53 0.5 48
92 53 0.5 48
88 63 0.5 48
88 64 0.5 48
98 55 0.5 48
97 55 0.5 48
96 55 0.5 48
97 54 0.5 48
98 56 0.5 48
95 53 0.5 48
95 54 0.5 48
95 55 0.5 48
99 55 0.5 48
86 65 0.5 48
87 65 0.5 48
88 65 0.5 48
83 66 0.5 48
83 65 0.5 48
83 67 0.5 48
85 66 0.5 48
86 66 0.5 48
84 66 0.5 48
82 65 0.5 48
50 91 0.5 24
49 91 0.5 24
48 90 0.5 24
49 90 0.5 24
49 89 0.5 24
48 86 0.5 24
50 86 0.5 24
50 87 0.5 24
49 86 0.5 24
51 87 0.5 24
50 88 0.5 24
49 88 0.5 24
47 86 0.5 24
44 88 0.5 24
44 89 0.5 24
44 91 0.5 24
44 90 0.5 24
46 91 0.5 24
45 91 0.5 24
46 90 0.5 24
47 89 0.5 24
47 90 0.5 24
43 91 0.5 24
43 90 0.5 24
7 61 0.5 31
6 61 0.5 31
8 62 0.5 31
8 61 0.5 31
3 63 0.5 31
2 63 0.5 31
2 64 0.5 31
3 64 0.5 31
1 64 0.5 31
1 66 0.5 31
1 65 0.5 31
2 67 0.5 31
3 66 0.5 31
2 66 0.5 31
4 63 0.5 31
4 62 0.5 31
4 61 0.5 31
4 66 0.5 31
5 61 0.5 31
5 60 0.5 31
8 57 0.5 31
8 58 0.5 31
8 59 0.5 31
8 60 0.5 31
7 60 0.5 31
6 60 0.5 31
3 68 0.5 31
2 68 0.5 31
0 66 0.5 31
0 67 0.5 31
0 68 0.5 31
61 32 0.5 20
62 32 0.5 20
60 32 0.5 20
58 30 0.5 20
59 30 0.5 20
57 30 0.5 20
60 31 0.5 20
59 31 0.5 20
57 27 0.5 20
57 28 0.5 20
57 29 0.5 20
59 32 0.5 20
63 32 0.5 20
63 31 0.5 20
63 33 0.5 20
56 29 0.5 20
56 30 0.5 20
59 33 0.5 20
57 32 0.5 20
57 31 0.5 20
53 73 0.5 22
52 72 0.5 22
52 71 0.5 22
53 72 0.5 22
51 71 0.5 22
53 74 0.5 22
54 75 0.5 22
53 75 0.5 22
52 70 0.5 22
57 75 0.5 22
56 75 0.5 22
55 75 0.5 22
58 77 0.5 22
57 77 0.5 22
57 76 0.5 22
56 76 0.5 22
54 76 0.5 22
55 76 0.5 22
55 77 0.5 22
53 70 0.5 22
53 69 0.5 22
53 68 0.5 22
81 16 0.5 18
81 17 0.5 18
82 17 0.5 18
82 16 0.5 18
83 17 0.5 18
84 17 0.5 18
84 16 0.5 18
80 15 0.5 18
79 15 0.5 18
79 16 0.5 18
78 15 0.5 18
81 15 0.5 18
77 17 0.5 18
77 16 0.5 18
77 15 0.5 18
76 15 0.5 18
81 13 0.5 18
81 14 0.5 18
61 94 0.5 16
62 94 0.5 16
60 94 0.5 16
59 94 0.5 16
60 95 0.5 16
66 95 0.5 16
66 94 0.5 16
63 95 0.5 16
64 95 0.5 16
65 95 0.5 16
63 94 0.5 16
65 94 0.5 16
67 95 0.5 16
59 95 0.5 16
58 95 0.5 16
57 95 0.5 16
15 8 0.5 44
16 9 0.5 44
15 9 0.5 44
16 10 0.5 44
14 9 0.5 44
13 8 0.5 44
14 8 0.5 44
12 8 0.5 44
12 9 0.5 44
16 5 0.5 44
15 5 0.5 44
16 7 0.5 44
15 7 0.5 44
15 6 0.5 44
16 8 0.5 44
15 4 0.5 44
16 4 0.5 44
17 4 0.5 44
16 3 0.5 44
16 2 0.5 44
15 3 0.5 44
14 2 0.5 44
15 2 0.5 44
13 2 0.5 44
17 8 0.5 44
18 7 0.5 44
18 9 0.5 44
18 8 0.5 44
12 2 0.5 44
12 1 0.5 44
11 1 0.5 44
11 2 0.5 44
10 0 0.5 44
11 0 0.5 44
9 0 0.5 44
16 99 0.5 44
16 0 0.5 44
15 1 0.5 44
16 1 0.5 44
15 99 0.5 44
14 99 0.5 44
14 98 0.5 44
13 99 0.5 44
9 99 0.5 44
9 91 0.5 8
10 91 0.5 8
9 90 0.5 8
10 90 0.5 8
11 91 0.5 8
11 90 0.5 8
12 90 0.5 8
11 92 0.5 8
87 35 0.5 2
86 35 0.5 2
38 56 0.5 39
39 58 0.5 39
38 57 0.5 39
38 58 0.5 39
45 59 0.5 39
44 59 0.5 39
43 59 0.5 39
42 59 0.5 39
41 59 0.5 39
40 57 0.5 39
41 58 0.5 39
40 58 0.5 39
45 58 0.5 39
45 57 0.5 39
45 56 0.5 39
46 55 0.5 39
46 54 0.5 39
46 56 0.5 39
38 59 0.5 39
45 62 0.5 39
44 62 0.5 39
43 62 0.5 39
43 60 0.5 39
43 61 0.5 39
46 62 0.5 39
45 63 0.5 39
44 63 0.5 39
47 63 0.5 39
47 62 0.5 39
37 55 0.5 39
36 55 0.5 39
38 55 0.5 39
36 57 0.5 39
36 56 0.5 39
35 56 0.5 39
35 55 0.5 39
39 54 0.5 39
39 53 0.5 39
38 54 0.5 39
51 58 0.5 15
51 59 0.5 15
52 59 0.5 15
52 58 0.5 15
50 59 0.5 15
53 59 0.5 15
51 60 0.5 15
51 61 0.5 15
52 61 0.5 15
56 59 0.5 15
56 60 0.5 15
54 59 0.5 15
54 60 0.5 15
55 60 0.5 15
54 61 0.5 15
42 31 0.5 1
91 73 0.5 12
91 72 0.5 12
92 74 0.5 12
91 74 0.5 12
92 68 0.5 12
92 69 0.5 12
92 70 0.5 12
93 68 0.5 12
91 69 0.5 12
91 71 0.5 12
92 71 0.5 12
93 71 0.5 12
0 15 0.5 1
18 78 0.5 2
17 78 0.5 2
30 96 0.5 7
30 97 0.5 7
28 94 0.5 7
28 93 0.5 7
29 96 0.5 7
28 95 0.5 7
29 95 0.5 7
66 77 0.5 2
67 77 0.5 2
41 84 0.5 10
41 83 0.5 10
40 84 0.5 10
40 83 0.5 10
37 84 0.5 10
39 84 0.5 10
38 86 0.5 10
38 85 0.5 10
38 84 0.5 10
38 87 0.5 10
99 34 0.5 3
0 33 0.5 3
99 33 0.5 3
33 1 0.5 2
33 0 0.5 2
93 14 0.5 6
93 13 0.5 6
94 14 0.5 6
92 15 0.5 6
93 15 0.5 6
91 15 0.5 6
59 38 0.5 1
19 21 0.5 2
20 21 0.5 2
53 1 0.5 4
52 2 0.5 4
53 2 0.5 4
51 2 0.5 4
96 94 0.5 7
97 93 0.5 7
97 94 0.5 7
96 96 0.5 7
97 96 0.5 7
96 95 0.5 7
98 96 0.5 7
89 39 0.5 1
36 81 0.5 11
35 82 0.5 11
35 81 0.5 11
33 81 0.5 11
34 81 0.5 11
36 80 0.5 11
37 80 0.5 11
39 80 0.5 11
38 80 0.5 11
36 79 0.5 11
40 80 0.5 11
76 77 0.5 1
22 43 0.5 1
6 92 0.5 1
30 68 0.5 1
18 95 0.5 1
