67 71 0.5 27
69 71 0.5 27
69 72 0.5 27
68 71 0.5 27
67 70 0.5 27
66 71 0.5 27
69 74 0.5 27
70 73 0.5 27
69 73 0.5 27
65 71 0.5 27
65 72 0.5 27
65 74 0.5 27
65 73 0.5 27
64 72 0.5 27
63 69 0.5 27
63 71 0.5 27
63 72 0.5 27
62 72 0.5 27
63 70 0.5 27
62 73 0.5 27
73 71 0.5 27
73 72 0.5 27
73 73 0.5 27
74 73 0.5 27
72 73 0.5 27
71 74 0.5 27
71 73 0.5 27
97 24 0.5 115
96 24 0.5 115
96 23 0.5 115
2 27 0.5 115
2 28 0.5 115
3 27 0.5 115
1 28 0.5 115
4 27 0.5 115
99 26 0.5 115
99 27 0.5 115
0 27 0.5 115
1 27 0.5 115
98 26 0.5 115
99 28 0.5 115
5 27 0.5 115
6 27 0.5 115
4 26 0.5 115
3 26 0.5 115
8 29 0.5 115
7 29 0.5 115
7 28 0.5 115
7 26 0.5 115
7 27 0.5 115
8 25 0.5 115
8 26 0.5 115
9 30 0.5 115
9 29 0.5 115
99 25 0.5 115
98 25 0.5 115
98 24 0.5 115
12 30 0.5 115
11 30 0.5 115
11 29 0.5 115
10 30 0.5 115
10 31 0.5 115
8 35 0.5 115
8 36 0.5 115
7 39 0.5 115
7 38 0.5 115
7 37 0.5 115
7 36 0.5 115
9 35 0.5 115
9 36 0.5 115
12 32 0.5 115
11 32 0.5 115
12 33 0.5 115
10 32 0.5 115
11 31 0.5 115
13 33 0.5 115
10 33 0.5 115
9 33 0.5 115
9 34 0.5 115
14 34 0.5 115
13 34 0.5 115
13 35 0.5 115
15 34 0.5 115
16 34 0.5 115
17 34 0.5 115
3 29 0.5 115
2 29 0.5 115
3 41 0.5 115
2 41 0.5 115
4 40 0.5 115
5 40 0.5 115
5 41 0.5 115
6 41 0.5 115
4 41 0.5 115
3 40 0.5 115
3 39 0.5 115
3 38 0.5 115
4 38 0.5 115
5 38 0.5 115
6 39 0.5 115
5 39 0.5 115
86 24 0.5 115
86 25 0.5 115
85 26 0.5 115
86 26 0.5 115
84 26 0.5 115
87 26 0.5 115
87 25 0.5 115
85 25 0.5 115
89 25 0.5 115
88 25 0.5 115
84 22 0.5 115
84 23 0.5 115
84 24 0.5 115
84 25 0.5 115
85 22 0.5 115
84 28 0.5 115
84 27 0.5 115
86 28 0.5 115
85 28 0.5 115
87 28 0.5 115
89 29 0.5 115
89 30 0.5 115
90 30 0.5 115
90 28 0.5 115
89 28 0.5 115
88 28 0.5 115
92 27 0.5 115
93 27 0.5 115
94 27 0.5 115
94 26 0.5 115
92 28 0.5 115
91 27 0.5 115
90 27 0.5 115
90 26 0.5 115
96 26 0.5 115
95 26 0.5 115
97 28 0.5 115
98 28 0.5 115
96 29 0.5 115
96 28 0.5 115
96 27 0.5 115
11 74 0.5 40
10 74 0.5 40
10 72 0.5 40
9 72 0.5 40
10 73 0.5 40
8 75 0.5 40
9 75 0.5 40
7 75 0.5 40
10 75 0.5 40
6 75 0.5 40
4 77 0.5 40
6 76 0.5 40
6 77 0.5 40
5 77 0.5 40
6 80 0.5 40
5 80 0.5 40
5 79 0.5 40
5 78 0.5 40
5 81 0.5 40
6 78 0.5 40
7 78 0.5 40
8 78 0.5 40
3 76 0.5 40
4 76 0.5 40
2 76 0.5 40
0 79 0.5 40
1 77 0.5 40
0 77 0.5 40
0 78 0.5 40
1 76 0.5 40
99 80 0.5 40
0 80 0.5 40
0 81 0.5 40
1 81 0.5 40
1 82 0.5 40
99 78 0.5 40
1 83 0.5 40
1 84 0.5 40
0 85 0.5 40
1 85 0.5 40
97 45 0.5 20
98 45 0.5 20
99 45 0.5 20
96 45 0.5 20
3 45 0.5 20
2 45 0.5 20
2 46 0.5 20
1 46 0.5 20
0 45 0.5 20
1 45 0.5 20
0 44 0.5 20
3 46 0.5 20
97 44 0.5 20
3 48 0.5 20
3 47 0.5 20
4 47 0.5 20
98 41 0.5 20
97 42 0.5 20
97 43 0.5 20
98 42 0.5 20
70 28 0.5 60
68 28 0.5 60
69 28 0.5 60
71 28 0.5 60
73 28 0.5 60
72 28 0.5 60
73 27 0.5 60
72 29 0.5 60
72 30 0.5 60
65 28 0.5 60
65 27 0.5 60
67 28 0.5 60
66 28 0.5 60
66 27 0.5 60
66 26 0.5 60
73 26 0.5 60
64 24 0.5 60
66 25 0.5 60
65 25 0.5 60
64 25 0.5 60
65 26 0.5 60
63 24 0.5 60
66 24 0.5 60
59 22 0.5 60
59 20 0.5 60
60 20 0.5 60
60 22 0.5 60
60 21 0.5 60
61 23 0.5 60
61 22 0.5 60
62 22 0.5 60
63 22 0.5 60
63 21 0.5 60
62 20 0.5 60
63 20 0.5 60
64 20 0.5 60
59 23 0.5 60
64 22 0.5 60
65 22 0.5 60
68 22 0.5 60
67 22 0.5 60
66 22 0.5 60
58 19 0.5 60
56 19 0.5 60
57 19 0.5 60
58 20 0.5 60
64 23 0.5 60
56 21 0.5 60
54 20 0.5 60
54 19 0.5 60
54 21 0.5 60
55 20 0.5 60
55 21 0.5 60
56 20 0.5 60
54 16 0.5 60
54 17 0.5 60
54 18 0.5 60
53 21 0.5 60
52 22 0.5 60
52 21 0.5 60
23 57 0.5 39
23 56 0.5 39
21 57 0.5 39
21 58 0.5 39
22 57 0.5 39
20 54 0.5 39
21 56 0.5 39
21 54 0.5 39
21 55 0.5 39
22 62 0.5 39
23 62 0.5 39
21 62 0.5 39
20 63 0.5 39
21 63 0.5 39
22 63 0.5 39
23 60 0.5 39
22 60 0.5 39
21 61 0.5 39
21 60 0.5 39
20 59 0.5 39
20 60 0.5 39
24 62 0.5 39
24 61 0.5 39
24 63 0.5 39
25 62 0.5 39
24 60 0.5 39
25 60 0.5 39
26 63 0.5 39
27 63 0.5 39
25 63 0.5 39
26 62 0.5 39
26 59 0.5 39
25 59 0.5 39
24 57 0.5 39
25 57 0.5 39
25 58 0.5 39
24 58 0.5 39
20 53 0.5 39
19 59 0.5 39
77 40 0.5 65
78 40 0.5 65
78 41 0.5 65
76 39 0.5 65
75 39 0.5 65
76 40 0.5 65
76 38 0.5 65
78 39 0.5 65
79 39 0.5 65
80 39 0.5 65
81 39 0.5 65
82 39 0.5 65
80 40 0.5 65
83 39 0.5 65
83 40 0.5 65
82 40 0.5 65
82 41 0.5 65
84 39 0.5 65
84 38 0.5 65
74 41 0.5 65
74 42 0.5 65
73 42 0.5 65
75 41 0.5 65
76 43 0.5 65
76 42 0.5 65
75 43 0.5 65
74 43 0.5 65
77 43 0.5 65
76 44 0.5 65
74 40 0.5 65
75 40 0.5 65
74 46 0.5 65
75 46 0.5 65
73 46 0.5 65
73 47 0.5 65
73 48 0.5 65
73 49 0.5 65
72 50 0.5 65
72 51 0.5 65
72 49 0.5 65
73 52 0.5 65
72 52 0.5 65
71 48 0.5 65
72 48 0.5 65
73 45 0.5 65
73 44 0.5 65
73 43 0.5 65
72 43 0.5 65
68 57 0.5 65
69 57 0.5 65
69 59 0.5 65
69 58 0.5 65
70 58 0.5 65
67 57 0.5 65
71 58 0.5 65
72 58 0.5 65
73 58 0.5 65
74 55 0.5 65
74 54 0.5 65
74 53 0.5 65
73 53 0.5 65
74 57 0.5 65
73 57 0.5 65
74 56 0.5 65
75 53 0.5 65
36 67 0.5 6
37 67 0.5 6
38 67 0.5 6
38 68 0.5 6
35 67 0.5 6
35 66 0.5 6
83 82 0.5 43
83 83 0.5 43
83 81 0.5 43
85 82 0.5 43
85 83 0.5 43
85 81 0.5 43
84 83 0.5 43
85 80 0.5 43
83 80 0.5 43
84 80 0.5 43
83 78 0.5 43
83 79 0.5 43
84 78 0.5 43
82 80 0.5 43
82 79 0.5 43
85 88 0.5 43
86 88 0.5 43
84 88 0.5 43
84 87 0.5 43
85 89 0.5 43
82 86 0.5 43
83 86 0.5 43
83 85 0.5 43
84 86 0.5 43
83 84 0.5 43
84 84 0.5 43
87 88 0.5 43
80 77 0.5 43
80 76 0.5 43
79 75 0.5 43
80 75 0.5 43
80 78 0.5 43
80 79 0.5 43
79 78 0.5 43
81 79 0.5 43
81 83 0.5 43
81 82 0.5 43
80 82 0.5 43
79 80 0.5 43
80 80 0.5 43
79 81 0.5 43
79 82 0.5 43
78 80 0.5 43
39 16 0.5 107
39 15 0.5 107
38 15 0.5 107
35 16 0.5 107
35 15 0.5 107
36 15 0.5 107
37 15 0.5 107
34 16 0.5 107
33 16 0.5 107
33 17 0.5 107
33 15 0.5 107
31 18 0.5 107
31 19 0.5 107
33 18 0.5 107
32 18 0.5 107
32 16 0.5 107
30 18 0.5 107
39 17 0.5 107
39 18 0.5 107
34 24 0.5 107
35 23 0.5 107
34 23 0.5 107
33 23 0.5 107
33 19 0.5 107
33 21 0.5 107
33 20 0.5 107
33 22 0.5 107
34 22 0.5 107
32 20 0.5 107
42 22 0.5 107
42 21 0.5 107
40 21 0.5 107
41 21 0.5 107
43 21 0.5 107
40 22 0.5 107
40 23 0.5 107
39 22 0.5 107
40 20 0.5 107
40 19 0.5 107
40 18 0.5 107
42 6 0.5 107
42 7 0.5 107
43 7 0.5 107
40 9 0.5 107
41 9 0.5 107
41 10 0.5 107
42 9 0.5 107
42 8 0.5 107
41 16 0.5 107
41 14 0.5 107
40 15 0.5 107
41 15 0.5 107
41 13 0.5 107
41 12 0.5 107
41 11 0.5 107
31 10 0.5 107
31 9 0.5 107
31 8 0.5 107
30 12 0.5 107
30 10 0.5 107
30 11 0.5 107
29 12 0.5 107
28 12 0.5 107
27 12 0.5 107
34 12 0.5 107
34 13 0.5 107
33 12 0.5 107
33 11 0.5 107
34 14 0.5 107
33 14 0.5 107
32 11 0.5 107
32 10 0.5 107
27 11 0.5 107
27 3 0.5 107
26 3 0.5 107
27 4 0.5 107
26 4 0.5 107
27 2 0.5 107
26 1 0.5 107
26 2 0.5 107
25 1 0.5 107
24 1 0.5 107
27 1 0.5 107
26 0 0.5 107
25 0 0.5 107
24 0 0.5 107
28 3 0.5 107
23 9 0.5 107
23 8 0.5 107
24 7 0.5 107
24 8 0.5 107
25 6 0.5 107
24 6 0.5 107
25 5 0.5 107
26 5 0.5 107
28 6 0.5 107
29 7 0.5 107
28 7 0.5 107
30 7 0.5 107
31 7 0.5 107
27 5 0.5 107
27 6 0.5 107
26 6 0.5 107
44 7 0.5 107
45 7 0.5 107
45 6 0.5 107
45 5 0.5 107
23 47 0.5 38
22 47 0.5 38
22 48 0.5 38
24 48 0.5 38
24 47 0.5 38
25 48 0.5 38
24 49 0.5 38
27 48 0.5 38
27 47 0.5 38
26 48 0.5 38
26 49 0.5 38
26 50 0.5 38
25 49 0.5 38
23 46 0.5 38
22 46 0.5 38
29 44 0.5 38
30 44 0.5 38
28 44 0.5 38
29 43 0.5 38
28 46 0.5 38
28 45 0.5 38
27 46 0.5 38
26 46 0.5 38
34 42 0.5 38
34 43 0.5 38
35 42 0.5 38
31 43 0.5 38
32 43 0.5 38
33 43 0.5 38
31 44 0.5 38
31 45 0.5 38
30 45 0.5 38
33 41 0.5 38
34 41 0.5 38
32 41 0.5 38
32 40 0.5 38
31 40 0.5 38
33 40 0.5 38
85 2 0.5 60
85 3 0.5 60
84 2 0.5 60
84 1 0.5 60
82 2 0.5 60
83 3 0.5 60
82 3 0.5 60
83 2 0.5 60
84 0 0.5 60
88 3 0.5 60
88 4 0.5 60
87 3 0.5 60
86 3 0.5 60
86 4 0.5 60
92 2 0.5 60
91 2 0.5 60
91 1 0.5 60
90 1 0.5 60
89 1 0.5 60
89 2 0.5 60
88 2 0.5 60
88 0 0.5 60
87 0 0.5 60
86 0 0.5 60
85 0 0.5 60
87 99 0.5 60
87 98 0.5 60
85 99 0.5 60
85 98 0.5 60
87 95 0.5 60
87 96 0.5 60
87 97 0.5 60
86 95 0.5 60
86 94 0.5 60
84 93 0.5 60
85 93 0.5 60
85 95 0.5 60
85 94 0.5 60
94 5 0.5 60
93 5 0.5 60
92 5 0.5 60
96 3 0.5 60
96 4 0.5 60
96 2 0.5 60
97 2 0.5 60
94 4 0.5 60
95 4 0.5 60
97 1 0.5 60
92 4 0.5 60
92 3 0.5 60
97 0 0.5 60
91 4 0.5 60
98 1 0.5 60
99 1 0.5 60
94 6 0.5 60
98 2 0.5 60
90 6 0.5 60
90 5 0.5 60
90 4 0.5 60
94 7 0.5 60
41 49 0.5 16
41 48 0.5 16
41 46 0.5 16
41 47 0.5 16
40 45 0.5 16
40 46 0.5 16
44 45 0.5 16
45 45 0.5 16
45 44 0.5 16
44 46 0.5 16
44 47 0.5 16
45 47 0.5 16
46 47 0.5 16
42 47 0.5 16
43 47 0.5 16
45 43 0.5 16
91 58 0.5 48
92 58 0.5 48
93 58 0.5 48
93 57 0.5 48
90 58 0.5 48
94 57 0.5 48
91 57 0.5 48
88 60 0.5 48
88 59 0.5 48
89 59 0.5 48
88 63 0.5 48
88 61 0.5 48
88 62 0.5 48
89 58 0.5 48
94 56 0.5 48
92 60 0.5 48
92 59 0.5 48
92 61 0.5 48
93 61 0.5 48
94 61 0.5 48
91 60 0.5 48
93 56 0.5 48
93 54 0.5 48
93 55 0.5 48
94 55 0.5 48
91 54 0.5 48
92 54 0.5 48
88 64 0.5 48
88 65 0.5 48
98 56 0.5 48
97 56 0.5 48
96 56 0.5 48
97 55 0.5 48
98 57 0.5 48
95 54 0.5 48
95 55 0.5 48
95 56 0.5 48
99 56 0.5 48
86 66 0.5 48
87 66 0.5 48
88 66 0.5 48
83 67 0.5 48
83 66 0.5 48
83 68 0.5 48
85 67 0.5 48
86 67 0.5 48
84 67 0.5 48
82 66 0.5 48
50 90 0.5 24
49 90 0.5 24
48 89 0.5 24
49 89 0.5 24
49 88 0.5 24
48 85 0.5 24
50 85 0.5 24
50 86 0.5 24
49 85 0.5 24
51 86 0.5 24
50 87 0.5 24
49 87 0.5 24
47 85 0.5 24
44 87 0.5 24
44 88 0.5 24
44 90 0.5 24
44 89 0.5 24
46 90 0.5 24
45 90 0.5 24
46 89 0.5 24
47 88 0.5 24
47 89 0.5 24
43 90 0.5 24
43 89 0.5 24
7 60 0.5 31
6 60 0.5 31
8 61 0.5 31
8 60 0.5 31
3 62 0.5 31
2 62 0.5 31
2 63 0.5 31
3 63 0.5 31
1 63 0.5 31
1 65 0.5 31
1 64 0.5 31
2 66 0.5 31
3 65 0.5 31
2 65 0.5 31
4 62 0.5 31
4 61 0.5 31
4 60 0.5 31
4 65 0.5 31
5 60 0.5 31
5 59 0.5 31
8 56 0.5 31
8 57 0.5 31
8 58 0.5 31
8 59 0.5 31
7 59 0.5 31
6 59 0.5 31
3 67 0.5 31
2 67 0.5 31
0 65 0.5 31
0 66 0.5 31
0 67 0.5 31
61 33 0.5 20
62 33 0.5 20
60 33 0.5 20
58 31 0.5 20
59 31 0.5 20
57 31 0.5 20
60 32 0.5 20
59 32 0.5 20
57 28 0.5 20
57 29 0.5 20
57 30 0.5 20
59 33 0.5 20
63 33 0.5 20
63 32 0.5 20
63 34 0.5 20
56 30 0.5 20
56 31 0.5 20
59 34 0.5 20
57 33 0.5 20
57 32 0.5 20
53 72 0.5 22
52 71 0.5 22
52 70 0.5 22
53 71 0.5 22
51 70 0.5 22
53 73 0.5 22
54 74 0.5 22
53 74 0.5 22
52 69 0.5 22
57 74 0.5 22
56 74 0.5 22
55 74 0.5 22
58 76 0.5 22
57 76 0.5 22
57 75 0.5 22
56 75 0.5 22
54 75 0.5 22
55 75 0.5 22
55 76 0.5 22
53 69 0.5 22
53 68 0.5 22
53 67 0.5 22
80 16 0.5 18
80 17 0.5 18
81 17 0.5 18
81 16 0.5 18
82 17 0.5 18
83 17 0.5 18
83 16 0.5 18
79 15 0.5 18
78 15 0.5 18
78 16 0.5 18
77 15 0.5 18
80 15 0.5 18
76 17 0.5 18
76 16 0.5 18
76 15 0.5 18
75 15 0.5 18
80 13 0.5 18
80 14 0.5 18
62 94 0.5 16
63 94 0.5 16
61 94 0.5 16
60 94 0.5 16
61 95 0.5 16
67 95 0.5 16
67 94 0.5 16
64 95 0.5 16
65 95 0.5 16
66 95 0.5 16
64 94 0.5 16
66 94 0.5 16
68 95 0.5 16
60 95 0.5 16
59 95 0.5 16
58 95 0.5 16
15 7 0.5 44
16 8 0.5 44
15 8 0.5 44
16 9 0.5 44
14 8 0.5 44
13 7 0.5 44
14 7 0.5 44
12 7 0.5 44
12 8 0.5 44
16 4 0.5 44
15 4 0.5 44
16 6 0.5 44
15 6 0.5 44
15 5 0.5 44
16 7 0.5 44
15 3 0.5 44
16 3 0.5 44
17 3 0.5 44
16 2 0.5 44
16 1 0.5 44
15 2 0.5 44
14 1 0.5 44
15 1 0.5 44
13 1 0.5 44
17 7 0.5 44
18 6 0.5 44
18 8 0.5 44
18 7 0.5 44
12 1 0.5 44
12 0 0.5 44
11 0 0.5 44
11 1 0.5 44
10 99 0.5 44
11 99 0.5 44
9 99 0.5 44
16 98 0.5 44
16 99 0.5 44
15 0 0.5 44
16 0 0.5 44
15 98 0.5 44
14 98 0.5 44
14 97 0.5 44
13 98 0.5 44
9 98 0.5 44
10 91 0.5 8
11 91 0.5 8
10 90 0.5 8
11 90 0.5 8
12 91 0.5 8
12 90 0.5 8
13 90 0.5 8
12 92 0.5 8
87 34 0.5 2
86 34 0.5 2
37 56 0.5 39
38 58 0.5 39
37 57 0.5 39
37 58 0.5 39
44 59 0.5 39
43 59 0.5 39
42 59 0.5 39
41 59 0.5 39
40 59 0.5 39
39 57 0.5 39
40 58 0.5 39
39 58 0.5 39
44 58 0.5 39
44 57 0.5 39
44 56 0.5 39
45 55 0.5 39
45 54 0.5 39
45 56 0.5 39
37 59 0.5 39
44 62 0.5 39
43 62 0.5 39
42 62 0.5 39
42 60 0.5 39
42 61 0.5 39
45 62 0.5 39
44 63 0.5 39
43 63 0.5 39
46 63 0.5 39
46 62 0.5 39
36 55 0.5 39
35 55 0.5 39
37 55 0.5 39
35 57 0.5 39
35 56 0.5 39
34 56 0.5 39
34 55 0.5 39
38 54 0.5 39
38 53 0.5 39
37 54 0.5 39
51 59 0.5 15
51 60 0.5 15
52 60 0.5 15
52 59 0.5 15
50 60 0.5 15
53 60 0.5 15
51 61 0.5 15
51 62 0.5 15
52 62 0.5 15
56 60 0.5 15
56 61 0.5 15
54 60 0.5 15
54 61 0.5 15
55 61 0.5 15
54 62 0.5 15
43 31 0.5 1
91 72 0.5 12
91 71 0.5 12
92 73 0.5 12
91 73 0.5 12
92 67 0.5 12
92 68 0.5 12
92 69 0.5 12
93 67 0.5 12
91 68 0.5 12
91 70 0.5 12
92 70 0.5 12
93 70 0.5 12
0 16 0.5 1
18 77 0.5 2
17 77 0.5 2
30 97 0.5 7
30 98 0.5 7
28 95 0.5 7
28 94 0.5 7
29 97 0.5 7
28 96 0.5 7
29 96 0.5 7
66 78 0.5 2
67 78 0.5 2
41 85 0.5 10
41 84 0.5 10
40 85 0.5 10
40 84 0.5 10
37 85 0.5 10
39 85 0.5 10
38 87 0.5 10
38 86 0.5 10
38 85 0.5 10
38 88 0.5 10
0 34 0.5 3
1 33 0.5 3
0 33 0.5 3
33 0 0.5 2
33 99 0.5 2
93 15 0.5 6
93 14 0.5 6
94 15 0.5 6
92 16 0.5 6
93 16 0.5 6
91 16 0.5 6
59 39 0.5 1
18 21 0.5 2
19 21 0.5 2
52 1 0.5 4
51 2 0.5 4
52 2 0.5 4
50 2 0.5 4
97 94 0.5 7
98 93 0.5 7
98 94 0.5 7
97 96 0.5 7
98 96 0.5 7
97 95 0.5 7
99 96 0.5 7
89 40 0.5 1
36 82 0.5 11
35 83 0.5 11
35 82 0.5 11
33 82 0.5 11
34 82 0.5 11
36 81 0.5 11
37 81 0.5 11
39 81 0.5 11
38 81 0.5 11
36 80 0.5 11
40 81 0.5 11
76 78 0.5 1
23 43 0.5 1
6 91 0.5 1
29 68 0.5 1
18 96 0.5 1
