34 20 0.5 5
34 18 0.5 5
34 19 0.5 5
34 17 0.5 5
33 17 0.5 5
79 22 0.5 2
79 21 0.5 2
60 12 0.5 3
62 12 0.5 3
61 12 0.5 3
39 41 0.5 6
38 41 0.5 6
37 41 0.5 6
38 42 0.5 6
38 43 0.5 6
38 44 0.5 6
98 64 0.5 3
98 63 0.5 3
98 62 0.5 3
93 8 0.5 2
92 8 0.5 2
30 86 0.5 5
30 85 0.5 5
30 84 0.5 5
31 84 0.5 5
31 86 0.5 5
43 21 0.5 3
43 20 0.5 3
44 20 0.5 3
69 47 0.5 11
68 47 0.5 11
69 48 0.5 11
70 47 0.5 11
68 46 0.5 11
67 46 0.5 11
66 46 0.5 11
66 45 0.5 11
69 46 0.5 11
69 49 0.5 11
68 49 0.5 11
96 63 0.5 1
51 28 0.5 7
51 27 0.5 7
50 29 0.5 7
51 29 0.5 7
51 30 0.5 7
51 31 0.5 7
50 27 0.5 7
31 39 0.5 7
31 40 0.5 7
31 38 0.5 7
28 40 0.5 7
29 40 0.5 7
30 40 0.5 7
30 41 0.5 7
66 37 0.5 9
67 37 0.5 9
65 37 0.5 9
65 36 0.5 9
67 35 0.5 9
67 36 0.5 9
67 34 0.5 9
66 34 0.5 9
67 33 0.5 9
54 2 0.5 10
54 3 0.5 10
54 5 0.5 10
54 4 0.5 10
53 5 0.5 10
55 3 0.5 10
55 4 0.5 10
55 5 0.5 10
53 1 0.5 10
53 2 0.5 10
50 58 0.5 2
50 59 0.5 2
4 9 0.5 5
2 9 0.5 5
3 9 0.5 5
2 10 0.5 5
2 8 0.5 5
19 60 0.5 3
19 61 0.5 3
18 60 0.5 3
79 43 0.5 2
79 42 0.5 2
12 15 0.5 2
12 16 0.5 2
95 18 0.5 3
96 18 0.5 3
95 19 0.5 3
80 93 0.5 7
81 93 0.5 7
81 92 0.5 7
81 91 0.5 7
82 91 0.5 7
82 94 0.5 7
82 93 0.5 7
46 74 0.5 12
46 78 0.5 12
45 77 0.5 12
46 77 0.5 12
44 78 0.5 12
44 77 0.5 12
44 76 0.5 12
46 76 0.5 12
46 75 0.5 12
47 79 0.5 12
47 78 0.5 12
48 78 0.5 12
19 93 0.5 11
18 93 0.5 11
20 93 0.5 11
20 92 0.5 11
20 91 0.5 11
20 89 0.5 11
20 90 0.5 11
22 90 0.5 11
21 90 0.5 11
23 90 0.5 11
24 90 0.5 11
78 35 0.5 5
79 35 0.5 5
77 35 0.5 5
80 35 0.5 5
79 34 0.5 5
82 7 0.5 5
81 7 0.5 5
79 7 0.5 5
78 7 0.5 5
80 7 0.5 5
59 32 0.5 4
58 32 0.5 4
58 33 0.5 4
59 33 0.5 4
23 74 0.5 7
24 74 0.5 7
24 72 0.5 7
24 73 0.5 7
23 72 0.5 7
22 74 0.5 7
22 73 0.5 7
49 66 0.5 6
49 67 0.5 6
49 68 0.5 6
49 65 0.5 6
50 65 0.5 6
48 66 0.5 6
51 93 0.5 6
51 94 0.5 6
51 95 0.5 6
50 95 0.5 6
50 92 0.5 6
51 92 0.5 6
36 58 0.5 16
37 58 0.5 16
35 58 0.5 16
35 57 0.5 16
34 57 0.5 16
34 58 0.5 16
37 54 0.5 16
37 55 0.5 16
36 56 0.5 16
37 56 0.5 16
35 56 0.5 16
35 54 0.5 16
35 53 0.5 16
36 54 0.5 16
35 52 0.5 16
36 52 0.5 16
48 10 0.5 4
47 10 0.5 4
49 9 0.5 4
48 9 0.5 4
2 14 0.5 8
3 14 0.5 8
3 13 0.5 8
4 14 0.5 8
4 18 0.5 8
4 17 0.5 8
4 16 0.5 8
4 15 0.5 8
38 27 0.5 12
38 26 0.5 12
38 25 0.5 12
37 25 0.5 12
39 25 0.5 12
38 24 0.5 12
37 24 0.5 12
39 26 0.5 12
39 27 0.5 12
40 27 0.5 12
41 27 0.5 12
39 28 0.5 12
87 86 0.5 5
86 86 0.5 5
86 85 0.5 5
86 84 0.5 5
87 85 0.5 5
98 13 0.5 1
12 19 0.5 4
13 19 0.5 4
12 18 0.5 4
11 18 0.5 4
20 5 0.5 1
20 47 0.5 11
17 47 0.5 11
17 48 0.5 11
20 48 0.5 11
19 48 0.5 11
18 48 0.5 11
16 48 0.5 11
18 47 0.5 11
20 50 0.5 11
19 49 0.5 11
19 50 0.5 11
98 29 0.5 4
99 29 0.5 4
97 29 0.5 4
97 30 0.5 4
72 2 0.5 5
71 1 0.5 5
72 1 0.5 5
72 3 0.5 5
71 3 0.5 5
38 8 0.5 3
39 7 0.5 3
39 8 0.5 3
78 58 0.5 2
77 58 0.5 2
20 8 0.5 3
21 8 0.5 3
19 8 0.5 3
26 6 0.5 2
26 5 0.5 2
60 66 0.5 7
59 66 0.5 7
59 65 0.5 7
61 66 0.5 7
61 67 0.5 7
61 65 0.5 7
59 64 0.5 7
0 25 0.5 2
0 24 0.5 2
95 51 0.5 15
94 51 0.5 15
93 51 0.5 15
93 52 0.5 15
94 52 0.5 15
95 53 0.5 15
95 52 0.5 15
95 54 0.5 15
96 54 0.5 15
94 56 0.5 15
93 56 0.5 15
95 56 0.5 15
96 56 0.5 15
95 55 0.5 15
92 56 0.5 15
93 92 0.5 12
94 92 0.5 12
92 92 0.5 12
96 92 0.5 12
97 92 0.5 12
98 92 0.5 12
97 91 0.5 12
95 92 0.5 12
97 90 0.5 12
95 93 0.5 12
95 94 0.5 12
95 95 0.5 12
97 69 0.5 6
96 69 0.5 6
96 68 0.5 6
97 71 0.5 6
97 70 0.5 6
97 72 0.5 6
77 69 0.5 2
78 69 0.5 2
16 62 0.5 5
16 60 0.5 5
16 61 0.5 5
17 62 0.5 5
18 62 0.5 5
15 78 0.5 7
14 78 0.5 7
15 79 0.5 7
15 77 0.5 7
15 80 0.5 7
12 78 0.5 7
13 78 0.5 7
42 65 0.5 4
41 65 0.5 4
42 64 0.5 4
43 64 0.5 4
95 39 0.5 11
96 39 0.5 11
97 39 0.5 11
96 40 0.5 11
95 40 0.5 11
94 39 0.5 11
98 39 0.5 11
97 38 0.5 11
97 37 0.5 11
97 36 0.5 11
97 35 0.5 11
93 83 0.5 1
61 28 0.5 2
62 28 0.5 2
3 99 0.5 1
22 10 0.5 3
23 10 0.5 3
22 11 0.5 3
25 96 0.5 1
71 75 0.5 3
70 75 0.5 3
71 74 0.5 3
22 77 0.5 5
22 75 0.5 5
22 76 0.5 5
24 76 0.5 5
23 76 0.5 5
71 80 0.5 10
71 81 0.5 10
72 81 0.5 10
71 82 0.5 10
75 81 0.5 10
74 80 0.5 10
75 80 0.5 10
73 81 0.5 10
74 81 0.5 10
76 81 0.5 10
27 57 0.5 4
28 58 0.5 4
27 58 0.5 4
28 59 0.5 4
87 40 0.5 8
85 39 0.5 8
84 39 0.5 8
86 40 0.5 8
86 39 0.5 8
85 38 0.5 8
86 38 0.5 8
88 40 0.5 8
82 33 0.5 4
82 32 0.5 4
83 32 0.5 4
82 31 0.5 4
9 84 0.5 7
6 84 0.5 7
7 84 0.5 7
8 84 0.5 7
5 85 0.5 7
6 85 0.5 7
6 86 0.5 7
36 29 0.5 8
35 29 0.5 8
36 28 0.5 8
34 29 0.5 8
34 28 0.5 8
35 30 0.5 8
33 30 0.5 8
33 29 0.5 8
39 15 0.5 2
40 15 0.5 2
78 52 0.5 12
77 52 0.5 12
77 51 0.5 12
79 48 0.5 12
80 48 0.5 12
76 49 0.5 12
77 49 0.5 12
77 48 0.5 12
77 47 0.5 12
78 48 0.5 12
77 50 0.5 12
75 49 0.5 12
77 64 0.5 18
77 63 0.5 18
77 62 0.5 18
81 66 0.5 18
80 66 0.5 18
79 66 0.5 18
79 67 0.5 18
78 67 0.5 18
81 68 0.5 18
82 67 0.5 18
81 67 0.5 18
82 66 0.5 18
78 65 0.5 18
79 65 0.5 18
77 65 0.5 18
78 66 0.5 18
80 65 0.5 18
80 64 0.5 18
57 80 0.5 9
57 79 0.5 9
58 80 0.5 9
58 81 0.5 9
58 78 0.5 9
58 79 0.5 9
60 77 0.5 9
59 78 0.5 9
60 78 0.5 9
85 26 0.5 2
85 25 0.5 2
84 60 0.5 1
58 51 0.5 6
58 50 0.5 6
58 49 0.5 6
57 49 0.5 6
57 48 0.5 6
57 47 0.5 6
68 3 0.5 3
68 2 0.5 3
67 3 0.5 3
78 76 0.5 3
78 75 0.5 3
79 75 0.5 3
71 58 0.5 1
57 90 0.5 2
57 89 0.5 2
91 12 0.5 6
91 13 0.5 6
92 16 0.5 6
92 14 0.5 6
92 15 0.5 6
92 13 0.5 6
81 18 0.5 3
82 18 0.5 3
81 17 0.5 3
39 77 0.5 2
39 78 0.5 2
47 34 0.5 6
47 35 0.5 6
47 36 0.5 6
47 33 0.5 6
46 32 0.5 6
46 33 0.5 6
72 13 0.5 8
73 13 0.5 8
72 14 0.5 8
72 15 0.5 8
72 16 0.5 8
74 12 0.5 8
74 13 0.5 8
73 12 0.5 8
69 99 0.5 1
76 12 0.5 3
77 13 0.5 3
76 13 0.5 3
79 84 0.5 6
78 84 0.5 6
79 83 0.5 6
80 82 0.5 6
79 82 0.5 6
77 84 0.5 6
43 0 0.5 6
42 98 0.5 6
42 97 0.5 6
43 99 0.5 6
43 98 0.5 6
43 97 0.5 6
28 16 0.5 4
28 15 0.5 4
29 17 0.5 4
29 16 0.5 4
31 98 0.5 11
31 99 0.5 11
31 0 0.5 11
31 1 0.5 11
31 2 0.5 11
30 2 0.5 11
29 2 0.5 11
29 3 0.5 11
29 4 0.5 11
29 5 0.5 11
31 3 0.5 11
15 83 0.5 5
15 84 0.5 5
15 85 0.5 5
14 85 0.5 5
15 82 0.5 5
87 17 0.5 6
86 18 0.5 6
86 17 0.5 6
87 18 0.5 6
88 18 0.5 6
88 17 0.5 6
54 72 0.5 6
55 72 0.5 6
54 73 0.5 6
53 72 0.5 6
56 72 0.5 6
54 74 0.5 6
63 30 0.5 4
64 30 0.5 4
64 28 0.5 4
64 29 0.5 4
87 95 0.5 1
12 70 0.5 4
12 71 0.5 4
13 71 0.5 4
13 72 0.5 4
52 8 0.5 2
52 7 0.5 2
65 18 0.5 5
65 19 0.5 5
65 20 0.5 5
65 21 0.5 5
64 21 0.5 5
91 75 0.5 2
92 75 0.5 2
41 9 0.5 5
42 9 0.5 5
41 10 0.5 5
42 10 0.5 5
41 11 0.5 5
70 36 0.5 2
70 37 0.5 2
57 20 0.5 5
57 21 0.5 5
58 21 0.5 5
59 21 0.5 5
58 20 0.5 5
88 64 0.5 9
89 62 0.5 9
89 63 0.5 9
88 63 0.5 9
89 65 0.5 9
90 65 0.5 9
89 64 0.5 9
91 65 0.5 9
92 65 0.5 9
48 44 0.5 2
48 45 0.5 2
54 66 0.5 3
54 65 0.5 3
54 64 0.5 3
1 45 0.5 5
0 44 0.5 5
0 43 0.5 5
0 45 0.5 5
0 42 0.5 5
29 19 0.5 1
34 62 0.5 4
32 61 0.5 4
33 61 0.5 4
34 61 0.5 4
84 77 0.5 7
85 77 0.5 7
85 78 0.5 7
86 76 0.5 7
86 77 0.5 7
84 78 0.5 7
84 79 0.5 7
68 22 0.5 10
67 22 0.5 10
68 23 0.5 10
73 24 0.5 10
72 24 0.5 10
71 24 0.5 10
69 24 0.5 10
68 24 0.5 10
70 24 0.5 10
74 24 0.5 10
38 70 0.5 12
38 72 0.5 12
38 73 0.5 12
38 71 0.5 12
37 73 0.5 12
37 70 0.5 12
36 67 0.5 12
36 68 0.5 12
37 68 0.5 12
36 70 0.5 12
36 71 0.5 12
36 69 0.5 12
19 3 0.5 1
15 68 0.5 2
15 69 0.5 2
9 25 0.5 1
35 5 0.5 2
35 6 0.5 2
32 14 0.5 4
32 13 0.5 4
32 12 0.5 4
32 11 0.5 4
37 0 0.5 3
37 1 0.5 3
38 1 0.5 3
64 49 0.5 2
63 49 0.5 2
44 31 0.5 5
43 32 0.5 5
43 31 0.5 5
43 33 0.5 5
43 34 0.5 5
44 50 0.5 2
44 49 0.5 2
91 37 0.5 1
27 94 0.5 4
28 93 0.5 4
28 94 0.5 4
27 95 0.5 4
66 82 0.5 4
67 82 0.5 4
67 83 0.5 4
65 82 0.5 4
69 56 0.5 3
69 57 0.5 3
69 55 0.5 3
54 38 0.5 5
53 38 0.5 5
52 38 0.5 5
52 39 0.5 5
51 38 0.5 5
44 17 0.5 5
45 17 0.5 5
43 18 0.5 5
43 17 0.5 5
43 16 0.5 5
15 35 0.5 2
14 35 0.5 2
56 97 0.5 5
57 96 0.5 5
56 96 0.5 5
55 96 0.5 5
58 96 0.5 5
3 68 0.5 2
2 68 0.5 2
48 87 0.5 5
48 88 0.5 5
49 87 0.5 5
49 86 0.5 5
49 88 0.5 5
37 92 0.5 3
36 92 0.5 3
37 93 0.5 3
63 11 0.5 1
45 60 0.5 2
44 60 0.5 2
10 67 0.5 3
8 67 0.5 3
9 67 0.5 3
81 60 0.5 2
82 60 0.5 2
26 26 0.5 2
26 25 0.5 2
69 88 0.5 5
70 88 0.5 5
71 87 0.5 5
72 87 0.5 5
70 87 0.5 5
28 51 0.5 3
29 51 0.5 3
28 52 0.5 3
22 18 0.5 11
23 18 0.5 11
21 18 0.5 11
20 18 0.5 11
19 18 0.5 11
22 19 0.5 11
19 19 0.5 11
18 19 0.5 11
21 19 0.5 11
20 19 0.5 11
23 17 0.5 11
85 43 0.5 6
84 43 0.5 6
83 43 0.5 6
83 44 0.5 6
82 44 0.5 6
86 43 0.5 6
56 56 0.5 6
57 58 0.5 6
57 57 0.5 6
56 57 0.5 6
55 55 0.5 6
56 55 0.5 6
22 81 0.5 3
22 82 0.5 3
23 82 0.5 3
63 86 0.5 2
63 85 0.5 2
20 65 0.5 1
35 74 0.5 7
37 76 0.5 7
36 76 0.5 7
35 76 0.5 7
34 75 0.5 7
34 76 0.5 7
34 74 0.5 7
47 68 0.5 6
47 69 0.5 6
47 70 0.5 6
47 71 0.5 6
49 71 0.5 6
48 71 0.5 6
95 98 0.5 2
94 98 0.5 2
61 71 0.5 1
41 33 0.5 2
40 33 0.5 2
45 11 0.5 1
5 3 0.5 3
7 3 0.5 3
6 3 0.5 3
22 28 0.5 1
53 85 0.5 3
53 84 0.5 3
52 85 0.5 3
46 92 0.5 1
52 13 0.5 1
4 60 0.5 6
3 60 0.5 6
2 58 0.5 6
2 59 0.5 6
3 59 0.5 6
4 59 0.5 6
76 30 0.5 5
76 31 0.5 5
76 32 0.5 5
75 30 0.5 5
77 31 0.5 5
51 16 0.5 2
52 16 0.5 2
5 27 0.5 5
4 27 0.5 5
3 27 0.5 5
3 28 0.5 5
4 28 0.5 5
19 96 0.5 1
23 49 0.5 5
24 49 0.5 5
25 49 0.5 5
24 50 0.5 5
25 50 0.5 5
79 27 0.5 2
80 27 0.5 2
96 25 0.5 2
96 26 0.5 2
11 13 0.5 2
10 13 0.5 2
35 11 0.5 4
35 13 0.5 4
35 12 0.5 4
35 14 0.5 4
24 38 0.5 1
9 17 0.5 3
9 18 0.5 3
8 18 0.5 3
23 98 0.5 4
21 98 0.5 4
22 98 0.5 4
23 99 0.5 4
60 68 0.5 2
59 68 0.5 2
61 94 0.5 2
61 95 0.5 2
47 13 0.5 3
47 12 0.5 3
46 12 0.5 3
6 31 0.5 1
61 1 0.5 1
99 98 0.5 1
1 54 0.5 1
83 71 0.5 3
84 71 0.5 3
83 70 0.5 3
42 52 0.5 1
2 85 0.5 1
48 82 0.5 2
49 82 0.5 2
20 26 0.5 6
21 25 0.5 6
21 26 0.5 6
22 26 0.5 6
22 25 0.5 6
22 24 0.5 6
80 0 0.5 1
64 6 0.5 1
54 21 0.5 2
55 21 0.5 2
99 71 0.5 1
63 64 0.5 2
64 64 0.5 2
4 93 0.5 3
4 92 0.5 3
5 92 0.5 3
91 99 0.5 1
27 47 0.5 1
51 76 0.5 1
84 65 0.5 1
70 7 0.5 2
71 7 0.5 2
6 0 0.5 1
12 87 0.5 1
40 43 0.5 1
11 8 0.5 1
0 35 0.5 1
62 44 0.5 1
72 57 0.5 1
91 50 0.5 1
13 30 0.5 3
12 30 0.5 3
13 31 0.5 3
49 50 0.5 2
49 51 0.5 2
89 3 0.5 1
2 90 0.5 1
42 70 0.5 5
42 69 0.5 5
44 69 0.5 5
44 70 0.5 5
43 69 0.5 5
61 39 0.5 3
62 39 0.5 3
62 40 0.5 3
40 31 0.5 1
0 72 0.5 2
0 73 0.5 2
49 19 0.5 2
49 20 0.5 2
25 45 0.5 5
25 46 0.5 5
24 44 0.5 5
25 44 0.5 5
23 44 0.5 5
5 48 0.5 3
4 48 0.5 3
3 48 0.5 3
95 71 0.5 2
95 72 0.5 2
8 61 0.5 3
8 62 0.5 3
8 63 0.5 3
69 64 0.5 3
68 64 0.5 3
68 63 0.5 3
94 6 0.5 1
5 78 0.5 2
6 78 0.5 2
88 1 0.5 3
88 0 0.5 3
87 1 0.5 3
12 47 0.5 1
46 94 0.5 1
34 55 0.5 1
83 74 0.5 3
83 73 0.5 3
83 75 0.5 3
19 41 0.5 1
14 98 0.5 1
4 36 0.5 1
85 81 0.5 1
70 65 0.5 1
64 60 0.5 1
98 21 0.5 1
10 92 0.5 1
30 25 0.5 3
31 25 0.5 3
30 26 0.5 3
32 82 0.5 4
33 82 0.5 4
33 83 0.5 4
31 82 0.5 4
84 10 0.5 3
82 10 0.5 3
83 10 0.5 3
19 69 0.5 1
69 41 0.5 1
82 15 0.5 1
53 43 0.5 1
31 8 0.5 2
31 9 0.5 2
84 2 0.5 1
27 81 0.5 1
59 41 0.5 2
60 41 0.5 2
89 71 0.5 2
90 71 0.5 2
27 33 0.5 1
46 6 0.5 2
46 5 0.5 2
77 21 0.5 1
0 94 0.5 1
97 43 0.5 1
90 2 0.5 1
86 91 0.5 1
95 75 0.5 1
40 37 0.5 1
55 59 0.5 2
55 58 0.5 2
37 89 0.5 1
5 51 0.5 2
6 51 0.5 2
18 29 0.5 2
19 29 0.5 2
94 28 0.5 1
43 48 0.5 3
43 47 0.5 3
43 46 0.5 3
3 63 0.5 1
99 6 0.5 1
87 69 0.5 3
85 69 0.5 3
86 69 0.5 3
99 50 0.5 1
62 70 0.5 1
66 74 0.5 5
67 74 0.5 5
65 73 0.5 5
65 74 0.5 5
64 74 0.5 5
23 61 0.5 1
91 94 0.5 1
48 64 0.5 1
61 5 0.5 2
61 4 0.5 2
89 20 0.5 1
65 86 0.5 1
13 39 0.5 2
12 39 0.5 2
47 18 0.5 1
57 1 0.5 3
56 0 0.5 3
57 0 0.5 3
79 97 0.5 1
42 3 0.5 2
42 2 0.5 2
66 58 0.5 1
93 1 0.5 1
24 42 0.5 1
69 12 0.5 1
2 81 0.5 1
42 83 0.5 1
11 3 0.5 1
33 33 0.5 2
32 33 0.5 2
44 89 0.5 1
59 90 0.5 1
65 8 0.5 1
12 68 0.5 1
96 45 0.5 2
97 45 0.5 2
53 53 0.5 1
95 15 0.5 1
35 47 0.5 1
88 27 0.5 2
88 28 0.5 2
71 92 0.5 1
8 42 0.5 2
9 42 0.5 2
68 96 0.5 2
68 95 0.5 2
17 90 0.5 1
50 40 0.5 1
76 88 0.5 3
76 89 0.5 3
77 89 0.5 3
19 14 0.5 2
19 15 0.5 2
32 69 0.5 2
32 68 0.5 2
81 77 0.5 1
10 10 0.5 1
7 68 0.5 1
36 81 0.5 1
6 15 0.5 1
83 52 0.5 1
89 23 0.5 1
32 37 0.5 1
61 10 0.5 1
8 73 0.5 1
75 94 0.5 1
90 89 0.5 1
6 37 0.5 1
51 42 0.5 1
33 92 0.5 1
4 24 0.5 1
70 18 0.5 1
14 9 0.5 1
13 50 0.5 1
46 38 0.5 1
46 56 0.5 2
46 57 0.5 2
44 39 0.5 1
90 79 0.5 1
6 93 0.5 1
25 23 0.5 1
90 9 0.5 1
10 29 0.5 1
91 32 0.5 2
90 32 0.5 2
89 35 0.5 1
11 31 0.5 1
54 18 0.5 1
59 82 0.5 1
91 46 0.5 1
