67 72 0.5 27
69 72 0.5 27
69 73 0.5 27
68 72 0.5 27
67 71 0.5 27
66 72 0.5 27
69 75 0.5 27
70 74 0.5 27
69 74 0.5 27
65 72 0.5 27
65 73 0.5 27
65 75 0.5 27
65 74 0.5 27
64 73 0.5 27
63 70 0.5 27
63 72 0.5 27
63 73 0.5 27
62 73 0.5 27
63 71 0.5 27
62 74 0.5 27
73 72 0.5 27
73 73 0.5 27
73 74 0.5 27
74 74 0.5 27
72 74 0.5 27
71 75 0.5 27
71 74 0.5 27
97 25 0.5 115
96 25 0.5 115
96 24 0.5 115
2 28 0.5 115
2 29 0.5 115
3 28 0.5 115
1 29 0.5 115
4 28 0.5 115
99 27 0.5 115
99 28 0.5 115
0 28 0.5 115
1 28 0.5 115
98 27 0.5 115
99 29 0.5 115
5 28 0.5 115
6 28 0.5 115
4 27 0.5 115
3 27 0.5 115
8 30 0.5 115
7 30 0.5 115
7 29 0.5 115
7 27 0.5 115
7 28 0.5 115
8 26 0.5 115
8 27 0.5 115
9 31 0.5 115
9 30 0.5 115
99 26 0.5 115
98 26 0.5 115
98 25 0.5 115
12 31 0.5 115
11 31 0.5 115
11 30 0.5 115
10 31 0.5 115
10 32 0.5 115
8 36 0.5 115
8 37 0.5 115
7 40 0.5 115
7 39 0.5 115
7 38 0.5 115
7 37 0.5 115
9 36 0.5 115
9 37 0.5 115
12 33 0.5 115
11 33 0.5 115
12 34 0.5 115
10 33 0.5 115
11 32 0.5 115
13 34 0.5 115
10 34 0.5 115
9 34 0.5 115
9 35 0.5 115
14 35 0.5 115
13 35 0.5 115
13 36 0.5 115
15 35 0.5 115
16 35 0.5 115
17 35 0.5 115
3 30 0.5 115
2 30 0.5 115
3 42 0.5 115
2 42 0.5 115
4 41 0.5 115
5 41 0.5 115
5 42 0.5 115
6 42 0.5 115
4 42 0.5 115
3 41 0.5 115
3 40 0.5 115
3 39 0.5 115
4 39 0.5 115
5 39 0.5 115
6 40 0.5 115
5 40 0.5 115
86 25 0.5 115
86 26 0.5 115
85 27 0.5 115
86 27 0.5 115
84 27 0.5 115
87 27 0.5 115
87 26 0.5 115
85 26 0.5 115
89 26 0.5 115
88 26 0.5 115
84 23 0.5 115
84 24 0.5 115
84 25 0.5 115
84 26 0.5 115
85 23 0.5 115
84 29 0.5 115
84 28 0.5 115
86 29 0.5 115
85 29 0.5 115
87 29 0.5 115
89 30 0.5 115
89 31 0.5 115
90 31 0.5 115
90 29 0.5 115
89 29 0.5 115
88 29 0.5 115
92 28 0.5 115
93 28 0.5 115
94 28 0.5 115
94 27 0.5 115
92 29 0.5 115
91 28 0.5 115
90 28 0.5 115
90 27 0.5 115
96 27 0.5 115
95 27 0.5 115
97 29 0.5 115
98 29 0.5 115
96 30 0.5 115
96 29 0.5 115
96 28 0.5 115
10 74 0.5 40
9 74 0.5 40
9 72 0.5 40
8 72 0.5 40
9 73 0.5 40
7 75 0.5 40
8 75 0.5 40
6 75 0.5 40
9 75 0.5 40
5 75 0.5 40
3 77 0.5 40
5 76 0.5 40
5 77 0.5 40
4 77 0.5 40
5 80 0.5 40
4 80 0.5 40
4 79 0.5 40
4 78 0.5 40
4 81 0.5 40
5 78 0.5 40
6 78 0.5 40
7 78 0.5 40
2 76 0.5 40
3 76 0.5 40
1 76 0.5 40
99 79 0.5 40
0 77 0.5 40
99 77 0.5 40
99 78 0.5 40
0 76 0.5 40
98 80 0.5 40
99 80 0.5 40
99 81 0.5 40
0 81 0.5 40
0 82 0.5 40
98 78 0.5 40
0 83 0.5 40
0 84 0.5 40
99 85 0.5 40
0 85 0.5 40
98 45 0.5 20
99 45 0.5 20
0 45 0.5 20
97 45 0.5 20
4 45 0.5 20
3 45 0.5 20
3 46 0.5 20
2 46 0.5 20
1 45 0.5 20
2 45 0.5 20
1 44 0.5 20
4 46 0.5 20
98 44 0.5 20
4 48 0.5 20
4 47 0.5 20
5 47 0.5 20
99 41 0.5 20
98 42 0.5 20
98 43 0.5 20
99 42 0.5 20
70 29 0.5 60
68 29 0.5 60
69 29 0.5 60
71 29 0.5 60
73 29 0.5 60
72 29 0.5 60
73 28 0.5 60
72 30 0.5 60
72 31 0.5 60
65 29 0.5 60
65 28 0.5 60
67 29 0.5 60
66 29 0.5 60
66 28 0.5 60
66 27 0.5 60
73 27 0.5 60
64 25 0.5 60
66 26 0.5 60
65 26 0.5 60
64 26 0.5 60
65 27 0.5 60
63 25 0.5 60
66 25 0.5 60
59 23 0.5 60
59 21 0.5 60
60 21 0.5 60
60 23 0.5 60
60 22 0.5 60
61 24 0.5 60
61 23 0.5 60
62 23 0.5 60
63 23 0.5 60
63 22 0.5 60
62 21 0.5 60
63 21 0.5 60
64 21 0.5 60
59 24 0.5 60
64 23 0.5 60
65 23 0.5 60
68 23 0.5 60
67 23 0.5 60
66 23 0.5 60
58 20 0.5 60
56 20 0.5 60
57 20 0.5 60
58 21 0.5 60
64 24 0.5 60
56 22 0.5 60
54 21 0.5 60
54 20 0.5 60
54 22 0.5 60
55 21 0.5 60
55 22 0.5 60
56 21 0.5 60
54 17 0.5 60
54 18 0.5 60
54 19 0.5 60
53 22 0.5 60
52 23 0.5 60
52 22 0.5 60
23 58 0.5 39
23 57 0.5 39
21 58 0.5 39
21 59 0.5 39
22 58 0.5 39
20 55 0.5 39
21 57 0.5 39
21 55 0.5 39
21 56 0.5 39
22 63 0.5 39
23 63 0.5 39
21 63 0.5 39
20 64 0.5 39
21 64 0.5 39
22 64 0.5 39
23 61 0.5 39
22 61 0.5 39
21 62 0.5 39
21 61 0.5 39
20 60 0.5 39
20 61 0.5 39
24 63 0.5 39
24 62 0.5 39
24 64 0.5 39
25 63 0.5 39
24 61 0.5 39
25 61 0.5 39
26 64 0.5 39
27 64 0.5 39
25 64 0.5 39
26 63 0.5 39
26 60 0.5 39
25 60 0.5 39
24 58 0.5 39
25 58 0.5 39
25 59 0.5 39
24 59 0.5 39
20 54 0.5 39
19 60 0.5 39
76 40 0.5 65
77 40 0.5 65
77 41 0.5 65
75 39 0.5 65
74 39 0.5 65
75 40 0.5 65
75 38 0.5 65
77 39 0.5 65
78 39 0.5 65
79 39 0.5 65
80 39 0.5 65
81 39 0.5 65
79 40 0.5 65
82 39 0.5 65
82 40 0.5 65
81 40 0.5 65
81 41 0.5 65
83 39 0.5 65
83 38 0.5 65
73 41 0.5 65
73 42 0.5 65
72 42 0.5 65
74 41 0.5 65
75 43 0.5 65
75 42 0.5 65
74 43 0.5 65
73 43 0.5 65
76 43 0.5 65
75 44 0.5 65
73 40 0.5 65
74 40 0.5 65
73 46 0.5 65
74 46 0.5 65
72 46 0.5 65
72 47 0.5 65
72 48 0.5 65
72 49 0.5 65
71 50 0.5 65
71 51 0.5 65
71 49 0.5 65
72 52 0.5 65
71 52 0.5 65
70 48 0.5 65
71 48 0.5 65
72 45 0.5 65
72 44 0.5 65
72 43 0.5 65
71 43 0.5 65
67 57 0.5 65
68 57 0.5 65
68 59 0.5 65
68 58 0.5 65
69 58 0.5 65
66 57 0.5 65
70 58 0.5 65
71 58 0.5 65
72 58 0.5 65
73 55 0.5 65
73 54 0.5 65
73 53 0.5 65
72 53 0.5 65
73 57 0.5 65
72 57 0.5 65
73 56 0.5 65
74 53 0.5 65
37 67 0.5 6
38 67 0.5 6
39 67 0.5 6
39 68 0.5 6
36 67 0.5 6
36 66 0.5 6
84 82 0.5 43
84 83 0.5 43
84 81 0.5 43
86 82 0.5 43
86 83 0.5 43
86 81 0.5 43
85 83 0.5 43
86 80 0.5 43
84 80 0.5 43
85 80 0.5 43
84 78 0.5 43
84 79 0.5 43
85 78 0.5 43
83 80 0.5 43
83 79 0.5 43
86 88 0.5 43
87 88 0.5 43
85 88 0.5 43
85 87 0.5 43
86 89 0.5 43
83 86 0.5 43
84 86 0.5 43
84 85 0.5 43
85 86 0.5 43
84 84 0.5 43
85 84 0.5 43
88 88 0.5 43
81 77 0.5 43
81 76 0.5 43
80 75 0.5 43
81 75 0.5 43
81 78 0.5 43
81 79 0.5 43
80 78 0.5 43
82 79 0.5 43
82 83 0.5 43
82 82 0.5 43
81 82 0.5 43
80 80 0.5 43
81 80 0.5 43
80 81 0.5 43
80 82 0.5 43
79 80 0.5 43
39 15 0.5 107
39 14 0.5 107
38 14 0.5 107
35 15 0.5 107
35 14 0.5 107
36 14 0.5 107
37 14 0.5 107
34 15 0.5 107
33 15 0.5 107
33 16 0.5 107
33 14 0.5 107
31 17 0.5 107
31 18 0.5 107
33 17 0.5 107
32 17 0.5 107
32 15 0.5 107
30 17 0.5 107
39 16 0.5 107
39 17 0.5 107
34 23 0.5 107
35 22 0.5 107
34 22 0.5 107
33 22 0.5 107
33 18 0.5 107
33 20 0.5 107
33 19 0.5 107
33 21 0.5 107
34 21 0.5 107
32 19 0.5 107
42 21 0.5 107
42 20 0.5 107
40 20 0.5 107
41 20 0.5 107
43 20 0.5 107
40 21 0.5 107
40 22 0.5 107
39 21 0.5 107
40 19 0.5 107
40 18 0.5 107
40 17 0.5 107
42 5 0.5 107
42 6 0.5 107
43 6 0.5 107
40 8 0.5 107
41 8 0.5 107
41 9 0.5 107
42 8 0.5 107
42 7 0.5 107
41 15 0.5 107
41 13 0.5 107
40 14 0.5 107
41 14 0.5 107
41 12 0.5 107
41 11 0.5 107
41 10 0.5 107
31 9 0.5 107
31 8 0.5 107
31 7 0.5 107
30 11 0.5 107
30 9 0.5 107
30 10 0.5 107
29 11 0.5 107
28 11 0.5 107
27 11 0.5 107
34 11 0.5 107
34 12 0.5 107
33 11 0.5 107
33 10 0.5 107
34 13 0.5 107
33 13 0.5 107
32 10 0.5 107
32 9 0.5 107
27 10 0.5 107
27 2 0.5 107
26 2 0.5 107
27 3 0.5 107
26 3 0.5 107
27 1 0.5 107
26 0 0.5 107
26 1 0.5 107
25 0 0.5 107
24 0 0.5 107
27 0 0.5 107
26 99 0.5 107
25 99 0.5 107
24 99 0.5 107
28 2 0.5 107
23 8 0.5 107
23 7 0.5 107
24 6 0.5 107
24 7 0.5 107
25 5 0.5 107
24 5 0.5 107
25 4 0.5 107
26 4 0.5 107
28 5 0.5 107
29 6 0.5 107
28 6 0.5 107
30 6 0.5 107
31 6 0.5 107
27 4 0.5 107
27 5 0.5 107
26 5 0.5 107
44 6 0.5 107
45 6 0.5 107
45 5 0.5 107
45 4 0.5 107
22 47 0.5 38
21 47 0.5 38
21 48 0.5 38
23 48 0.5 38
23 47 0.5 38
24 48 0.5 38
23 49 0.5 38
26 48 0.5 38
26 47 0.5 38
25 48 0.5 38
25 49 0.5 38
25 50 0.5 38
24 49 0.5 38
22 46 0.5 38
21 46 0.5 38
28 44 0.5 38
29 44 0.5 38
27 44 0.5 38
28 43 0.5 38
27 46 0.5 38
27 45 0.5 38
26 46 0.5 38
25 46 0.5 38
33 42 0.5 38
33 43 0.5 38
34 42 0.5 38
30 43 0.5 38
31 43 0.5 38
32 43 0.5 38
30 44 0.5 38
30 45 0.5 38
29 45 0.5 38
32 41 0.5 38
33 41 0.5 38
31 41 0.5 38
31 40 0.5 38
30 40 0.5 38
32 40 0.5 38
85 1 0.5 60
85 2 0.5 60
84 1 0.5 60
84 0 0.5 60
82 1 0.5 60
83 2 0.5 60
82 2 0.5 60
83 1 0.5 60
84 99 0.5 60
88 2 0.5 60
88 3 0.5 60
87 2 0.5 60
86 2 0.5 60
86 3 0.5 60
92 1 0.5 60
91 1 0.5 60
91 0 0.5 60
90 0 0.5 60
89 0 0.5 60
89 1 0.5 60
88 1 0.5 60
88 99 0.5 60
87 99 0.5 60
86 99 0.5 60
85 99 0.5 60
87 98 0.5 60
87 97 0.5 60
85 98 0.5 60
85 97 0.5 60
87 94 0.5 60
87 95 0.5 60
87 96 0.5 60
86 94 0.5 60
86 93 0.5 60
84 92 0.5 60
85 92 0.5 60
85 94 0.5 60
85 93 0.5 60
94 4 0.5 60
93 4 0.5 60
92 4 0.5 60
96 2 0.5 60
96 3 0.5 60
96 1 0.5 60
97 1 0.5 60
94 3 0.5 60
95 3 0.5 60
97 0 0.5 60
92 3 0.5 60
92 2 0.5 60
97 99 0.5 60
91 3 0.5 60
98 0 0.5 60
99 0 0.5 60
94 5 0.5 60
98 1 0.5 60
90 5 0.5 60
90 4 0.5 60
90 3 0.5 60
94 6 0.5 60
41 48 0.5 16
41 47 0.5 16
41 45 0.5 16
41 46 0.5 16
40 44 0.5 16
40 45 0.5 16
44 44 0.5 16
45 44 0.5 16
45 43 0.5 16
44 45 0.5 16
44 46 0.5 16
45 46 0.5 16
46 46 0.5 16
42 46 0.5 16
43 46 0.5 16
45 42 0.5 16
91 57 0.5 48
92 57 0.5 48
93 57 0.5 48
93 56 0.5 48
90 57 0.5 48
94 56 0.5 48
91 56 0.5 48
88 59 0.5 48
88 58 0.5 48
89 58 0.5 48
88 62 0.5 48
88 60 0.5 48
88 61 0.5 48
89 57 0.5 48
94 55 0.5 48
92 59 0.5 48
92 58 0.5 48
92 60 0.5 48
93 60 0.5 48
94 60 0.5 48
91 59 0.5 48
93 55 0.5 48
93 53 0.5 48
93 54 0.5 48
94 54 0.5 48
91 53 0.5 48
92 53 0.5 48
88 63 0.5 48
88 64 0.5 48
98 55 0.5 48
97 55 0.5 48
96 55 0.5 48
97 54 0.5 48
98 56 0.5 48
95 53 0.5 48
95 54 0.5 48
95 55 0.5 48
99 55 0.5 48
86 65 0.5 48
87 65 0.5 48
88 65 0.5 48
83 66 0.5 48
83 65 0.5 48
83 67 0.5 48
85 66 0.5 48
86 66 0.5 48
84 66 0.5 48
82 65 0.5 48
51 90 0.5 24
50 90 0.5 24
49 89 0.5 24
50 89 0.5 24
50 88 0.5 24
49 85 0.5 24
51 85 0.5 24
51 86 0.5 24
50 85 0.5 24
52 86 0.5 24
51 87 0.5 24
50 87 0.5 24
48 85 0.5 24
45 87 0.5 24
45 88 0.5 24
45 90 0.5 24
45 89 0.5 24
47 90 0.5 24
46 90 0.5 24
47 89 0.5 24
48 88 0.5 24
48 89 0.5 24
44 90 0.5 24
44 89 0.5 24
7 59 0.5 31
6 59 0.5 31
8 60 0.5 31
8 59 0.5 31
3 61 0.5 31
2 61 0.5 31
2 62 0.5 31
3 62 0.5 31
1 62 0.5 31
1 64 0.5 31
1 63 0.5 31
2 65 0.5 31
3 64 0.5 31
2 64 0.5 31
4 61 0.5 31
4 60 0.5 31
4 59 0.5 31
4 64 0.5 31
5 59 0.5 31
5 58 0.5 31
8 55 0.5 31
8 56 0.5 31
8 57 0.5 31
8 58 0.5 31
7 58 0.5 31
6 58 0.5 31
3 66 0.5 31
2 66 0.5 31
0 64 0.5 31
0 65 0.5 31
0 66 0.5 31
61 32 0.5 20
62 32 0.5 20
60 32 0.5 20
58 30 0.5 20
59 30 0.5 20
57 30 0.5 20
60 31 0.5 20
59 31 0.5 20
57 27 0.5 20
57 28 0.5 20
57 29 0.5 20
59 32 0.5 20
63 32 0.5 20
63 31 0.5 20
63 33 0.5 20
56 29 0.5 20
56 30 0.5 20
59 33 0.5 20
57 32 0.5 20
57 31 0.5 20
54 72 0.5 22
53 71 0.5 22
53 70 0.5 22
54 71 0.5 22
52 70 0.5 22
54 73 0.5 22
55 74 0.5 22
54 74 0.5 22
53 69 0.5 22
58 74 0.5 22
57 74 0.5 22
56 74 0.5 22
59 76 0.5 22
58 76 0.5 22
58 75 0.5 22
57 75 0.5 22
55 75 0.5 22
56 75 0.5 22
56 76 0.5 22
54 69 0.5 22
54 68 0.5 22
54 67 0.5 22
80 15 0.5 18
80 16 0.5 18
81 16 0.5 18
81 15 0.5 18
82 16 0.5 18
83 16 0.5 18
83 15 0.5 18
79 14 0.5 18
78 14 0.5 18
78 15 0.5 18
77 14 0.5 18
80 14 0.5 18
76 16 0.5 18
76 15 0.5 18
76 14 0.5 18
75 14 0.5 18
80 12 0.5 18
80 13 0.5 18
61 94 0.5 16
62 94 0.5 16
60 94 0.5 16
59 94 0.5 16
60 95 0.5 16
66 95 0.5 16
66 94 0.5 16
63 95 0.5 16
64 95 0.5 16
65 95 0.5 16
63 94 0.5 16
65 94 0.5 16
67 95 0.5 16
59 95 0.5 16
58 95 0.5 16
57 95 0.5 16
15 6 0.5 44
16 7 0.5 44
15 7 0.5 44
16 8 0.5 44
14 7 0.5 44
13 6 0.5 44
14 6 0.5 44
12 6 0.5 44
12 7 0.5 44
16 3 0.5 44
15 3 0.5 44
16 5 0.5 44
15 5 0.5 44
15 4 0.5 44
16 6 0.5 44
15 2 0.5 44
16 2 0.5 44
17 2 0.5 44
16 1 0.5 44
16 0 0.5 44
15 1 0.5 44
14 0 0.5 44
15 0 0.5 44
13 0 0.5 44
17 6 0.5 44
18 5 0.5 44
18 7 0.5 44
18 6 0.5 44
12 0 0.5 44
12 99 0.5 44
11 99 0.5 44
11 0 0.5 44
10 98 0.5 44
11 98 0.5 44
9 98 0.5 44
16 97 0.5 44
16 98 0.5 44
15 99 0.5 44
16 99 0.5 44
15 97 0.5 44
14 97 0.5 44
14 96 0.5 44
13 97 0.5 44
9 97 0.5 44
10 92 0.5 8
11 92 0.5 8
10 91 0.5 8
11 91 0.5 8
12 92 0.5 8
12 91 0.5 8
13 91 0.5 8
12 93 0.5 8
86 34 0.5 2
85 34 0.5 2
36 56 0.5 39
37 58 0.5 39
36 57 0.5 39
36 58 0.5 39
43 59 0.5 39
42 59 0.5 39
41 59 0.5 39
40 59 0.5 39
39 59 0.5 39
38 57 0.5 39
39 58 0.5 39
38 58 0.5 39
43 58 0.5 39
43 57 0.5 39
43 56 0.5 39
44 55 0.5 39
44 54 0.5 39
44 56 0.5 39
36 59 0.5 39
43 62 0.5 39
42 62 0.5 39
41 62 0.5 39
41 60 0.5 39
41 61 0.5 39
44 62 0.5 39
43 63 0.5 39
42 63 0.5 39
45 63 0.5 39
45 62 0.5 39
35 55 0.5 39
34 55 0.5 39
36 55 0.5 39
34 57 0.5 39
34 56 0.5 39
33 56 0.5 39
33 55 0.5 39
37 54 0.5 39
37 53 0.5 39
36 54 0.5 39
52 59 0.5 15
52 60 0.5 15
53 60 0.5 15
53 59 0.5 15
51 60 0.5 15
54 60 0.5 15
52 61 0.5 15
52 62 0.5 15
53 62 0.5 15
57 60 0.5 15
57 61 0.5 15
55 60 0.5 15
55 61 0.5 15
56 61 0.5 15
55 62 0.5 15
44 31 0.5 1
91 71 0.5 12
91 70 0.5 12
92 72 0.5 12
91 72 0.5 12
92 66 0.5 12
92 67 0.5 12
92 68 0.5 12
93 66 0.5 12
91 67 0.5 12
91 69 0.5 12
92 69 0.5 12
93 69 0.5 12
1 16 0.5 1
18 78 0.5 2
17 78 0.5 2
30 96 0.5 7
30 97 0.5 7
28 94 0.5 7
28 93 0.5 7
29 96 0.5 7
28 95 0.5 7
29 95 0.5 7
66 77 0.5 2
67 77 0.5 2
41 84 0.5 10
41 83 0.5 10
40 84 0.5 10
40 83 0.5 10
37 84 0.5 10
39 84 0.5 10
38 86 0.5 10
38 85 0.5 10
38 84 0.5 10
38 87 0.5 10
99 34 0.5 3
0 33 0.5 3
99 33 0.5 3
32 0 0.5 2
32 99 0.5 2
93 16 0.5 6
93 15 0.5 6
94 16 0.5 6
92 17 0.5 6
93 17 0.5 6
91 17 0.5 6
59 38 0.5 1
18 20 0.5 2
19 20 0.5 2
52 2 0.5 4
51 3 0.5 4
52 3 0.5 4
50 3 0.5 4
97 93 0.5 7
98 92 0.5 7
98 93 0.5 7
97 95 0.5 7
98 95 0.5 7
97 94 0.5 7
99 95 0.5 7
88 40 0.5 1
36 81 0.5 11
35 82 0.5 11
35 81 0.5 11
33 81 0.5 11
34 81 0.5 11
36 80 0.5 11
37 80 0.5 11
39 80 0.5 11
38 80 0.5 11
36 79 0.5 11
40 80 0.5 11
77 78 0.5 1
22 43 0.5 1
5 91 0.5 1
29 67 0.5 1
17 96 0.5 1
