66 72 0.5 27
68 72 0.5 27
68 73 0.5 27
67 72 0.5 27
66 71 0.5 27
65 72 0.5 27
68 75 0.5 27
69 74 0.5 27
68 74 0.5 27
64 72 0.5 27
64 73 0.5 27
64 75 0.5 27
64 74 0.5 27
63 73 0.5 27
62 70 0.5 27
62 72 0.5 27
62 73 0.5 27
61 73 0.5 27
62 71 0.5 27
61 74 0.5 27
72 72 0.5 27
72 73 0.5 27
72 74 0.5 27
73 74 0.5 27
71 74 0.5 27
70 75 0.5 27
70 74 0.5 27
98 25 0.5 115
97 25 0.5 115
97 24 0.5 115
3 28 0.5 115
3 29 0.5 115
4 28 0.5 115
2 29 0.5 115
5 28 0.5 115
0 27 0.5 115
0 28 0.5 115
1 28 0.5 115
2 28 0.5 115
99 27 0.5 115
0 29 0.5 115
6 28 0.5 115
7 28 0.5 115
5 27 0.5 115
4 27 0.5 115
9 30 0.5 115
8 30 0.5 115
8 29 0.5 115
8 27 0.5 115
8 28 0.5 115
9 26 0.5 115
9 27 0.5 115
10 31 0.5 115
10 30 0.5 115
0 26 0.5 115
99 26 0.5 115
99 25 0.5 115
13 31 0.5 115
12 31 0.5 115
12 30 0.5 115
11 31 0.5 115
11 32 0.5 115
9 36 0.5 115
9 37 0.5 115
8 40 0.5 115
8 39 0.5 115
8 38 0.5 115
8 37 0.5 115
10 36 0.5 115
10 37 0.5 115
13 33 0.5 115
12 33 0.5 115
13 34 0.5 115
11 33 0.5 115
12 32 0.5 115
14 34 0.5 115
11 34 0.5 115
10 34 0.5 115
10 35 0.5 115
15 35 0.5 115
14 35 0.5 115
14 36 0.5 115
16 35 0.5 115
17 35 0.5 115
18 35 0.5 115
4 30 0.5 115
3 30 0.5 115
4 42 0.5 115
3 42 0.5 115
5 41 0.5 115
6 41 0.5 115
6 42 0.5 115
7 42 0.5 115
5 42 0.5 115
4 41 0.5 115
4 40 0.5 115
4 39 0.5 115
5 39 0.5 115
6 39 0.5 115
7 40 0.5 115
6 40 0.5 115
87 25 0.5 115
87 26 0.5 115
86 27 0.5 115
87 27 0.5 115
85 27 0.5 115
88 27 0.5 115
88 26 0.5 115
86 26 0.5 115
90 26 0.5 115
89 26 0.5 115
85 23 0.5 115
85 24 0.5 115
85 25 0.5 115
85 26 0.5 115
86 23 0.5 115
85 29 0.5 115
85 28 0.5 115
87 29 0.5 115
86 29 0.5 115
88 29 0.5 115
90 30 0.5 115
90 31 0.5 115
91 31 0.5 115
91 29 0.5 115
90 29 0.5 115
89 29 0.5 115
93 28 0.5 115
94 28 0.5 115
95 28 0.5 115
95 27 0.5 115
93 29 0.5 115
92 28 0.5 115
91 28 0.5 115
91 27 0.5 115
97 27 0.5 115
96 27 0.5 115
98 29 0.5 115
99 29 0.5 115
97 30 0.5 115
97 29 0.5 115
97 28 0.5 115
9 74 0.5 40
8 74 0.5 40
8 72 0.5 40
7 72 0.5 40
8 73 0.5 40
6 75 0.5 40
7 75 0.5 40
5 75 0.5 40
8 75 0.5 40
4 75 0.5 40
2 77 0.5 40
4 76 0.5 40
4 77 0.5 40
3 77 0.5 40
4 80 0.5 40
3 80 0.5 40
3 79 0.5 40
3 78 0.5 40
3 81 0.5 40
4 78 0.5 40
5 78 0.5 40
6 78 0.5 40
1 76 0.5 40
2 76 0.5 40
0 76 0.5 40
98 79 0.5 40
99 77 0.5 40
98 77 0.5 40
98 78 0.5 40
99 76 0.5 40
97 80 0.5 40
98 80 0.5 40
98 81 0.5 40
99 81 0.5 40
99 82 0.5 40
97 78 0.5 40
99 83 0.5 40
99 84 0.5 40
98 85 0.5 40
99 85 0.5 40
97 45 0.5 20
98 45 0.5 20
99 45 0.5 20
96 45 0.5 20
3 45 0.5 20
2 45 0.5 20
2 46 0.5 20
1 46 0.5 20
0 45 0.5 20
1 45 0.5 20
0 44 0.5 20
3 46 0.5 20
97 44 0.5 20
3 48 0.5 20
3 47 0.5 20
4 47 0.5 20
98 41 0.5 20
97 42 0.5 20
97 43 0.5 20
98 42 0.5 20
70 30 0.5 60
68 30 0.5 60
69 30 0.5 60
71 30 0.5 60
73 30 0.5 60
72 30 0.5 60
73 29 0.5 60
72 31 0.5 60
72 32 0.5 60
65 30 0.5 60
65 29 0.5 60
67 30 0.5 60
66 30 0.5 60
66 29 0.5 60
66 28 0.5 60
73 28 0.5 60
64 26 0.5 60
66 27 0.5 60
65 27 0.5 60
64 27 0.5 60
65 28 0.5 60
63 26 0.5 60
66 26 0.5 60
59 24 0.5 60
59 22 0.5 60
60 22 0.5 60
60 24 0.5 60
60 23 0.5 60
61 25 0.5 60
61 24 0.5 60
62 24 0.5 60
63 24 0.5 60
63 23 0.5 60
62 22 0.5 60
63 22 0.5 60
64 22 0.5 60
59 25 0.5 60
64 24 0.5 60
65 24 0.5 60
68 24 0.5 60
67 24 0.5 60
66 24 0.5 60
58 21 0.5 60
56 21 0.5 60
57 21 0.5 60
58 22 0.5 60
64 25 0.5 60
56 23 0.5 60
54 22 0.5 60
54 21 0.5 60
54 23 0.5 60
55 22 0.5 60
55 23 0.5 60
56 22 0.5 60
54 18 0.5 60
54 19 0.5 60
54 20 0.5 60
53 23 0.5 60
52 24 0.5 60
52 23 0.5 60
23 57 0.5 39
23 56 0.5 39
21 57 0.5 39
21 58 0.5 39
22 57 0.5 39
20 54 0.5 39
21 56 0.5 39
21 54 0.5 39
21 55 0.5 39
22 62 0.5 39
23 62 0.5 39
21 62 0.5 39
20 63 0.5 39
21 63 0.5 39
22 63 0.5 39
23 60 0.5 39
22 60 0.5 39
21 61 0.5 39
21 60 0.5 39
20 59 0.5 39
20 60 0.5 39
24 62 0.5 39
24 61 0.5 39
24 63 0.5 39
25 62 0.5 39
24 60 0.5 39
25 60 0.5 39
26 63 0.5 39
27 63 0.5 39
25 63 0.5 39
26 62 0.5 39
26 59 0.5 39
25 59 0.5 39
24 57 0.5 39
25 57 0.5 39
25 58 0.5 39
24 58 0.5 39
20 53 0.5 39
19 59 0.5 39
76 39 0.5 65
77 39 0.5 65
77 40 0.5 65
75 38 0.5 65
74 38 0.5 65
75 39 0.5 65
75 37 0.5 65
77 38 0.5 65
78 38 0.5 65
79 38 0.5 65
80 38 0.5 65
81 38 0.5 65
79 39 0.5 65
82 38 0.5 65
82 39 0.5 65
81 39 0.5 65
81 40 0.5 65
83 38 0.5 65
83 37 0.5 65
73 40 0.5 65
73 41 0.5 65
72 41 0.5 65
74 40 0.5 65
75 42 0.5 65
75 41 0.5 65
74 42 0.5 65
73 42 0.5 65
76 42 0.5 65
75 43 0.5 65
73 39 0.5 65
74 39 0.5 65
73 45 0.5 65
74 45 0.5 65
72 45 0.5 65
72 46 0.5 65
72 47 0.5 65
72 48 0.5 65
71 49 0.5 65
71 50 0.5 65
71 48 0.5 65
72 51 0.5 65
71 51 0.5 65
70 47 0.5 65
71 47 0.5 65
72 44 0.5 65
72 43 0.5 65
72 42 0.5 65
71 42 0.5 65
67 56 0.5 65
68 56 0.5 65
68 58 0.5 65
68 57 0.5 65
69 57 0.5 65
66 56 0.5 65
70 57 0.5 65
71 57 0.5 65
72 57 0.5 65
73 54 0.5 65
73 53 0.5 65
73 52 0.5 65
72 52 0.5 65
73 56 0.5 65
72 56 0.5 65
73 55 0.5 65
74 52 0.5 65
37 66 0.5 6
38 66 0.5 6
39 66 0.5 6
39 67 0.5 6
36 66 0.5 6
36 65 0.5 6
85 82 0.5 43
85 83 0.5 43
85 81 0.5 43
87 82 0.5 43
87 83 0.5 43
87 81 0.5 43
86 83 0.5 43
87 80 0.5 43
85 80 0.5 43
86 80 0.5 43
85 78 0.5 43
85 79 0.5 43
86 78 0.5 43
84 80 0.5 43
84 79 0.5 43
87 88 0.5 43
88 88 0.5 43
86 88 0.5 43
86 87 0.5 43
87 89 0.5 43
84 86 0.5 43
85 86 0.5 43
85 85 0.5 43
86 86 0.5 43
85 84 0.5 43
86 84 0.5 43
89 88 0.5 43
82 77 0.5 43
82 76 0.5 43
81 75 0.5 43
82 75 0.5 43
82 78 0.5 43
82 79 0.5 43
81 78 0.5 43
83 79 0.5 43
83 83 0.5 43
83 82 0.5 43
82 82 0.5 43
81 80 0.5 43
82 80 0.5 43
81 81 0.5 43
81 82 0.5 43
80 80 0.5 43
39 14 0.5 107
39 13 0.5 107
38 13 0.5 107
35 14 0.5 107
35 13 0.5 107
36 13 0.5 107
37 13 0.5 107
34 14 0.5 107
33 14 0.5 107
33 15 0.5 107
33 13 0.5 107
31 16 0.5 107
31 17 0.5 107
33 16 0.5 107
32 16 0.5 107
32 14 0.5 107
30 16 0.5 107
39 15 0.5 107
39 16 0.5 107
34 22 0.5 107
35 21 0.5 107
34 21 0.5 107
33 21 0.5 107
33 17 0.5 107
33 19 0.5 107
33 18 0.5 107
33 20 0.5 107
34 20 0.5 107
32 18 0.5 107
42 20 0.5 107
42 19 0.5 107
40 19 0.5 107
41 19 0.5 107
43 19 0.5 107
40 20 0.5 107
40 21 0.5 107
39 20 0.5 107
40 18 0.5 107
40 17 0.5 107
40 16 0.5 107
42 4 0.5 107
42 5 0.5 107
43 5 0.5 107
40 7 0.5 107
41 7 0.5 107
41 8 0.5 107
42 7 0.5 107
42 6 0.5 107
41 14 0.5 107
41 12 0.5 107
40 13 0.5 107
41 13 0.5 107
41 11 0.5 107
41 10 0.5 107
41 9 0.5 107
31 8 0.5 107
31 7 0.5 107
31 6 0.5 107
30 10 0.5 107
30 8 0.5 107
30 9 0.5 107
29 10 0.5 107
28 10 0.5 107
27 10 0.5 107
34 10 0.5 107
34 11 0.5 107
33 10 0.5 107
33 9 0.5 107
34 12 0.5 107
33 12 0.5 107
32 9 0.5 107
32 8 0.5 107
27 9 0.5 107
27 1 0.5 107
26 1 0.5 107
27 2 0.5 107
26 2 0.5 107
27 0 0.5 107
26 99 0.5 107
26 0 0.5 107
25 99 0.5 107
24 99 0.5 107
27 99 0.5 107
26 98 0.5 107
25 98 0.5 107
24 98 0.5 107
28 1 0.5 107
23 7 0.5 107
23 6 0.5 107
24 5 0.5 107
24 6 0.5 107
25 4 0.5 107
24 4 0.5 107
25 3 0.5 107
26 3 0.5 107
28 4 0.5 107
29 5 0.5 107
28 5 0.5 107
30 5 0.5 107
31 5 0.5 107
27 3 0.5 107
27 4 0.5 107
26 4 0.5 107
44 5 0.5 107
45 5 0.5 107
45 4 0.5 107
45 3 0.5 107
22 46 0.5 38
21 46 0.5 38
21 47 0.5 38
23 47 0.5 38
23 46 0.5 38
24 47 0.5 38
23 48 0.5 38
26 47 0.5 38
26 46 0.5 38
25 47 0.5 38
25 48 0.5 38
25 49 0.5 38
24 48 0.5 38
22 45 0.5 38
21 45 0.5 38
28 43 0.5 38
29 43 0.5 38
27 43 0.5 38
28 42 0.5 38
27 45 0.5 38
27 44 0.5 38
26 45 0.5 38
25 45 0.5 38
33 41 0.5 38
33 42 0.5 38
34 41 0.5 38
30 42 0.5 38
31 42 0.5 38
32 42 0.5 38
30 43 0.5 38
30 44 0.5 38
29 44 0.5 38
32 40 0.5 38
33 40 0.5 38
31 40 0.5 38
31 39 0.5 38
30 39 0.5 38
32 39 0.5 38
85 0 0.5 60
85 1 0.5 60
84 0 0.5 60
84 99 0.5 60
82 0 0.5 60
83 1 0.5 60
82 1 0.5 60
83 0 0.5 60
84 98 0.5 60
88 1 0.5 60
88 2 0.5 60
87 1 0.5 60
86 1 0.5 60
86 2 0.5 60
92 0 0.5 60
91 0 0.5 60
91 99 0.5 60
90 99 0.5 60
89 99 0.5 60
89 0 0.5 60
88 0 0.5 60
88 98 0.5 60
87 98 0.5 60
86 98 0.5 60
85 98 0.5 60
87 97 0.5 60
87 96 0.5 60
85 97 0.5 60
85 96 0.5 60
87 93 0.5 60
87 94 0.5 60
87 95 0.5 60
86 93 0.5 60
86 92 0.5 60
84 91 0.5 60
85 91 0.5 60
85 93 0.5 60
85 92 0.5 60
94 3 0.5 60
93 3 0.5 60
92 3 0.5 60
96 1 0.5 60
96 2 0.5 60
96 0 0.5 60
97 0 0.5 60
94 2 0.5 60
95 2 0.5 60
97 99 0.5 60
92 2 0.5 60
92 1 0.5 60
97 98 0.5 60
91 2 0.5 60
98 99 0.5 60
99 99 0.5 60
94 4 0.5 60
98 0 0.5 60
90 4 0.5 60
90 3 0.5 60
90 2 0.5 60
94 5 0.5 60
41 47 0.5 16
41 46 0.5 16
41 44 0.5 16
41 45 0.5 16
40 43 0.5 16
40 44 0.5 16
44 43 0.5 16
45 43 0.5 16
45 42 0.5 16
44 44 0.5 16
44 45 0.5 16
45 45 0.5 16
46 45 0.5 16
42 45 0.5 16
43 45 0.5 16
45 41 0.5 16
91 58 0.5 48
92 58 0.5 48
93 58 0.5 48
93 57 0.5 48
90 58 0.5 48
94 57 0.5 48
91 57 0.5 48
88 60 0.5 48
88 59 0.5 48
89 59 0.5 48
88 63 0.5 48
88 61 0.5 48
88 62 0.5 48
89 58 0.5 48
94 56 0.5 48
92 60 0.5 48
92 59 0.5 48
92 61 0.5 48
93 61 0.5 48
94 61 0.5 48
91 60 0.5 48
93 56 0.5 48
93 54 0.5 48
93 55 0.5 48
94 55 0.5 48
91 54 0.5 48
92 54 0.5 48
88 64 0.5 48
88 65 0.5 48
98 56 0.5 48
97 56 0.5 48
96 56 0.5 48
97 55 0.5 48
98 57 0.5 48
95 54 0.5 48
95 55 0.5 48
95 56 0.5 48
99 56 0.5 48
86 66 0.5 48
87 66 0.5 48
88 66 0.5 48
83 67 0.5 48
83 66 0.5 48
83 68 0.5 48
85 67 0.5 48
86 67 0.5 48
84 67 0.5 48
82 66 0.5 48
50 90 0.5 24
49 90 0.5 24
48 89 0.5 24
49 89 0.5 24
49 88 0.5 24
48 85 0.5 24
50 85 0.5 24
50 86 0.5 24
49 85 0.5 24
51 86 0.5 24
50 87 0.5 24
49 87 0.5 24
47 85 0.5 24
44 87 0.5 24
44 88 0.5 24
44 90 0.5 24
44 89 0.5 24
46 90 0.5 24
45 90 0.5 24
46 89 0.5 24
47 88 0.5 24
47 89 0.5 24
43 90 0.5 24
43 89 0.5 24
7 58 0.5 31
6 58 0.5 31
8 59 0.5 31
8 58 0.5 31
3 60 0.5 31
2 60 0.5 31
2 61 0.5 31
3 61 0.5 31
1 61 0.5 31
1 63 0.5 31
1 62 0.5 31
2 64 0.5 31
3 63 0.5 31
2 63 0.5 31
4 60 0.5 31
4 59 0.5 31
4 58 0.5 31
4 63 0.5 31
5 58 0.5 31
5 57 0.5 31
8 54 0.5 31
8 55 0.5 31
8 56 0.5 31
8 57 0.5 31
7 57 0.5 31
6 57 0.5 31
3 65 0.5 31
2 65 0.5 31
0 63 0.5 31
0 64 0.5 31
0 65 0.5 31
61 33 0.5 20
62 33 0.5 20
60 33 0.5 20
58 31 0.5 20
59 31 0.5 20
57 31 0.5 20
60 32 0.5 20
59 32 0.5 20
57 28 0.5 20
57 29 0.5 20
57 30 0.5 20
59 33 0.5 20
63 33 0.5 20
63 32 0.5 20
63 34 0.5 20
56 30 0.5 20
56 31 0.5 20
59 34 0.5 20
57 33 0.5 20
57 32 0.5 20
54 71 0.5 22
53 70 0.5 22
53 69 0.5 22
54 70 0.5 22
52 69 0.5 22
54 72 0.5 22
55 73 0.5 22
54 73 0.5 22
53 68 0.5 22
58 73 0.5 22
57 73 0.5 22
56 73 0.5 22
59 75 0.5 22
58 75 0.5 22
58 74 0.5 22
57 74 0.5 22
55 74 0.5 22
56 74 0.5 22
56 75 0.5 22
54 68 0.5 22
54 67 0.5 22
54 66 0.5 22
79 15 0.5 18
79 16 0.5 18
80 16 0.5 18
80 15 0.5 18
81 16 0.5 18
82 16 0.5 18
82 15 0.5 18
78 14 0.5 18
77 14 0.5 18
77 15 0.5 18
76 14 0.5 18
79 14 0.5 18
75 16 0.5 18
75 15 0.5 18
75 14 0.5 18
74 14 0.5 18
79 12 0.5 18
79 13 0.5 18
60 94 0.5 16
61 94 0.5 16
59 94 0.5 16
58 94 0.5 16
59 95 0.5 16
65 95 0.5 16
65 94 0.5 16
62 95 0.5 16
63 95 0.5 16
64 95 0.5 16
62 94 0.5 16
64 94 0.5 16
66 95 0.5 16
58 95 0.5 16
57 95 0.5 16
56 95 0.5 16
16 6 0.5 45
17 7 0.5 45
16 7 0.5 45
17 8 0.5 45
15 7 0.5 45
14 6 0.5 45
15 6 0.5 45
13 6 0.5 45
13 7 0.5 45
17 3 0.5 45
16 3 0.5 45
17 5 0.5 45
16 5 0.5 45
16 4 0.5 45
17 6 0.5 45
16 2 0.5 45
17 2 0.5 45
18 2 0.5 45
17 1 0.5 45
17 0 0.5 45
16 1 0.5 45
15 0 0.5 45
16 0 0.5 45
14 0 0.5 45
18 6 0.5 45
19 5 0.5 45
19 7 0.5 45
19 6 0.5 45
13 0 0.5 45
13 99 0.5 45
12 99 0.5 45
12 0 0.5 45
11 98 0.5 45
12 98 0.5 45
10 98 0.5 45
17 97 0.5 45
17 98 0.5 45
16 99 0.5 45
17 99 0.5 45
16 97 0.5 45
15 97 0.5 45
15 96 0.5 45
14 97 0.5 45
10 97 0.5 45
17 96 0.5 45
10 91 0.5 8
11 91 0.5 8
10 90 0.5 8
11 90 0.5 8
12 91 0.5 8
12 90 0.5 8
13 90 0.5 8
12 92 0.5 8
86 33 0.5 2
85 33 0.5 2
37 56 0.5 39
38 58 0.5 39
37 57 0.5 39
37 58 0.5 39
44 59 0.5 39
43 59 0.5 39
42 59 0.5 39
41 59 0.5 39
40 59 0.5 39
39 57 0.5 39
40 58 0.5 39
39 58 0.5 39
44 58 0.5 39
44 57 0.5 39
44 56 0.5 39
45 55 0.5 39
45 54 0.5 39
45 56 0.5 39
37 59 0.5 39
44 62 0.5 39
43 62 0.5 39
42 62 0.5 39
42 60 0.5 39
42 61 0.5 39
45 62 0.5 39
44 63 0.5 39
43 63 0.5 39
46 63 0.5 39
46 62 0.5 39
36 55 0.5 39
35 55 0.5 39
37 55 0.5 39
35 57 0.5 39
35 56 0.5 39
34 56 0.5 39
34 55 0.5 39
38 54 0.5 39
38 53 0.5 39
37 54 0.5 39
51 59 0.5 15
51 60 0.5 15
52 60 0.5 15
52 59 0.5 15
50 60 0.5 15
53 60 0.5 15
51 61 0.5 15
51 62 0.5 15
52 62 0.5 15
56 60 0.5 15
56 61 0.5 15
54 60 0.5 15
54 61 0.5 15
55 61 0.5 15
54 62 0.5 15
45 31 0.5 1
92 71 0.5 12
92 70 0.5 12
93 72 0.5 12
92 72 0.5 12
93 66 0.5 12
93 67 0.5 12
93 68 0.5 12
94 66 0.5 12
92 67 0.5 12
92 69 0.5 12
93 69 0.5 12
94 69 0.5 12
0 16 0.5 1
19 78 0.5 2
18 78 0.5 2
29 96 0.5 7
29 97 0.5 7
27 94 0.5 7
27 93 0.5 7
28 96 0.5 7
27 95 0.5 7
28 95 0.5 7
65 77 0.5 2
66 77 0.5 2
41 83 0.5 21
41 82 0.5 21
40 83 0.5 21
40 82 0.5 21
37 83 0.5 21
39 83 0.5 21
38 85 0.5 21
38 84 0.5 21
38 83 0.5 21
38 86 0.5 21
36 82 0.5 21
35 83 0.5 21
35 82 0.5 21
33 82 0.5 21
34 82 0.5 21
36 81 0.5 21
37 81 0.5 21
39 81 0.5 21
38 81 0.5 21
36 80 0.5 21
40 81 0.5 21
99 33 0.5 3
0 32 0.5 3
99 32 0.5 3
31 0 0.5 2
31 99 0.5 2
94 16 0.5 6
94 15 0.5 6
95 16 0.5 6
93 17 0.5 6
94 17 0.5 6
92 17 0.5 6
58 38 0.5 1
18 19 0.5 2
19 19 0.5 2
52 3 0.5 4
51 4 0.5 4
52 4 0.5 4
50 4 0.5 4
97 92 0.5 7
98 91 0.5 7
98 92 0.5 7
97 94 0.5 7
98 94 0.5 7
97 93 0.5 7
99 94 0.5 7
87 40 0.5 1
77 78 0.5 1
21 43 0.5 1
5 90 0.5 1
28 67 0.5 1
