65 72 0.5 27
67 72 0.5 27
67 73 0.5 27
66 72 0.5 27
65 71 0.5 27
64 72 0.5 27
67 75 0.5 27
68 74 0.5 27
67 74 0.5 27
63 72 0.5 27
63 73 0.5 27
63 75 0.5 27
63 74 0.5 27
62 73 0.5 27
61 70 0.5 27
61 72 0.5 27
61 73 0.5 27
60 73 0.5 27
61 71 0.5 27
60 74 0.5 27
71 72 0.5 27
71 73 0.5 27
71 74 0.5 27
72 74 0.5 27
70 74 0.5 27
69 75 0.5 27
69 74 0.5 27
99 25 0.5 115
98 25 0.5 115
98 24 0.5 115
4 28 0.5 115
4 29 0.5 115
5 28 0.5 115
3 29 0.5 115
6 28 0.5 115
1 27 0.5 115
1 28 0.5 115
2 28 0.5 115
3 28 0.5 115
0 27 0.5 115
1 29 0.5 115
7 28 0.5 115
8 28 0.5 115
6 27 0.5 115
5 27 0.5 115
10 30 0.5 115
9 30 0.5 115
9 29 0.5 115
9 27 0.5 115
9 28 0.5 115
10 26 0.5 115
10 27 0.5 115
11 31 0.5 115
11 30 0.5 115
1 26 0.5 115
0 26 0.5 115
0 25 0.5 115
14 31 0.5 115
13 31 0.5 115
13 30 0.5 115
12 31 0.5 115
12 32 0.5 115
10 36 0.5 115
10 37 0.5 115
9 40 0.5 115
9 39 0.5 115
9 38 0.5 115
9 37 0.5 115
11 36 0.5 115
11 37 0.5 115
14 33 0.5 115
13 33 0.5 115
14 34 0.5 115
12 33 0.5 115
13 32 0.5 115
15 34 0.5 115
12 34 0.5 115
11 34 0.5 115
11 35 0.5 115
16 35 0.5 115
15 35 0.5 115
15 36 0.5 115
17 35 0.5 115
18 35 0.5 115
19 35 0.5 115
5 30 0.5 115
4 30 0.5 115
5 42 0.5 115
4 42 0.5 115
6 41 0.5 115
7 41 0.5 115
7 42 0.5 115
8 42 0.5 115
6 42 0.5 115
5 41 0.5 115
5 40 0.5 115
5 39 0.5 115
6 39 0.5 115
7 39 0.5 115
8 40 0.5 115
7 40 0.5 115
88 25 0.5 115
88 26 0.5 115
87 27 0.5 115
88 27 0.5 115
86 27 0.5 115
89 27 0.5 115
89 26 0.5 115
87 26 0.5 115
91 26 0.5 115
90 26 0.5 115
86 23 0.5 115
86 24 0.5 115
86 25 0.5 115
86 26 0.5 115
87 23 0.5 115
86 29 0.5 115
86 28 0.5 115
88 29 0.5 115
87 29 0.5 115
89 29 0.5 115
91 30 0.5 115
91 31 0.5 115
92 31 0.5 115
92 29 0.5 115
91 29 0.5 115
90 29 0.5 115
94 28 0.5 115
95 28 0.5 115
96 28 0.5 115
96 27 0.5 115
94 29 0.5 115
93 28 0.5 115
92 28 0.5 115
92 27 0.5 115
98 27 0.5 115
97 27 0.5 115
99 29 0.5 115
0 29 0.5 115
98 30 0.5 115
98 29 0.5 115
98 28 0.5 115
10 74 0.5 40
9 74 0.5 40
9 72 0.5 40
8 72 0.5 40
9 73 0.5 40
7 75 0.5 40
8 75 0.5 40
6 75 0.5 40
9 75 0.5 40
5 75 0.5 40
3 77 0.5 40
5 76 0.5 40
5 77 0.5 40
4 77 0.5 40
5 80 0.5 40
4 80 0.5 40
4 79 0.5 40
4 78 0.5 40
4 81 0.5 40
5 78 0.5 40
6 78 0.5 40
7 78 0.5 40
2 76 0.5 40
3 76 0.5 40
1 76 0.5 40
99 79 0.5 40
0 77 0.5 40
99 77 0.5 40
99 78 0.5 40
0 76 0.5 40
98 80 0.5 40
99 80 0.5 40
99 81 0.5 40
0 81 0.5 40
0 82 0.5 40
98 78 0.5 40
0 83 0.5 40
0 84 0.5 40
99 85 0.5 40
0 85 0.5 40
97 46 0.5 20
98 46 0.5 20
99 46 0.5 20
96 46 0.5 20
3 46 0.5 20
2 46 0.5 20
2 47 0.5 20
1 47 0.5 20
0 46 0.5 20
1 46 0.5 20
0 45 0.5 20
3 47 0.5 20
97 45 0.5 20
3 49 0.5 20
3 48 0.5 20
4 48 0.5 20
98 42 0.5 20
97 43 0.5 20
97 44 0.5 20
98 43 0.5 20
70 29 0.5 60
68 29 0.5 60
69 29 0.5 60
71 29 0.5 60
73 29 0.5 60
72 29 0.5 60
73 28 0.5 60
72 30 0.5 60
72 31 0.5 60
65 29 0.5 60
65 28 0.5 60
67 29 0.5 60
66 29 0.5 60
66 28 0.5 60
66 27 0.5 60
73 27 0.5 60
64 25 0.5 60
66 26 0.5 60
65 26 0.5 60
64 26 0.5 60
65 27 0.5 60
63 25 0.5 60
66 25 0.5 60
59 23 0.5 60
59 21 0.5 60
60 21 0.5 60
60 23 0.5 60
60 22 0.5 60
61 24 0.5 60
61 23 0.5 60
62 23 0.5 60
63 23 0.5 60
63 22 0.5 60
62 21 0.5 60
63 21 0.5 60
64 21 0.5 60
59 24 0.5 60
64 23 0.5 60
65 23 0.5 60
68 23 0.5 60
67 23 0.5 60
66 23 0.5 60
58 20 0.5 60
56 20 0.5 60
57 20 0.5 60
58 21 0.5 60
64 24 0.5 60
56 22 0.5 60
54 21 0.5 60
54 20 0.5 60
54 22 0.5 60
55 21 0.5 60
55 22 0.5 60
56 21 0.5 60
54 17 0.5 60
54 18 0.5 60
54 19 0.5 60
53 22 0.5 60
52 23 0.5 60
52 22 0.5 60
24 57 0.5 39
24 56 0.5 39
22 57 0.5 39
22 58 0.5 39
23 57 0.5 39
21 54 0.5 39
22 56 0.5 39
22 54 0.5 39
22 55 0.5 39
23 62 0.5 39
24 62 0.5 39
22 62 0.5 39
21 63 0.5 39
22 63 0.5 39
23 63 0.5 39
24 60 0.5 39
23 60 0.5 39
22 61 0.5 39
22 60 0.5 39
21 59 0.5 39
21 60 0.5 39
25 62 0.5 39
25 61 0.5 39
25 63 0.5 39
26 62 0.5 39
25 60 0.5 39
26 60 0.5 39
27 63 0.5 39
28 63 0.5 39
26 63 0.5 39
27 62 0.5 39
27 59 0.5 39
26 59 0.5 39
25 57 0.5 39
26 57 0.5 39
26 58 0.5 39
25 58 0.5 39
21 53 0.5 39
20 59 0.5 39
76 38 0.5 65
77 38 0.5 65
77 39 0.5 65
75 37 0.5 65
74 37 0.5 65
75 38 0.5 65
75 36 0.5 65
77 37 0.5 65
78 37 0.5 65
79 37 0.5 65
80 37 0.5 65
81 37 0.5 65
79 38 0.5 65
82 37 0.5 65
82 38 0.5 65
81 38 0.5 65
81 39 0.5 65
83 37 0.5 65
83 36 0.5 65
73 39 0.5 65
73 40 0.5 65
72 40 0.5 65
74 39 0.5 65
75 41 0.5 65
75 40 0.5 65
74 41 0.5 65
73 41 0.5 65
76 41 0.5 65
75 42 0.5 65
73 38 0.5 65
74 38 0.5 65
73 44 0.5 65
74 44 0.5 65
72 44 0.5 65
72 45 0.5 65
72 46 0.5 65
72 47 0.5 65
71 48 0.5 65
71 49 0.5 65
71 47 0.5 65
72 50 0.5 65
71 50 0.5 65
70 46 0.5 65
71 46 0.5 65
72 43 0.5 65
72 42 0.5 65
72 41 0.5 65
71 41 0.5 65
67 55 0.5 65
68 55 0.5 65
68 57 0.5 65
68 56 0.5 65
69 56 0.5 65
66 55 0.5 65
70 56 0.5 65
71 56 0.5 65
72 56 0.5 65
73 53 0.5 65
73 52 0.5 65
73 51 0.5 65
72 51 0.5 65
73 55 0.5 65
72 55 0.5 65
73 54 0.5 65
74 51 0.5 65
36 66 0.5 6
37 66 0.5 6
38 66 0.5 6
38 67 0.5 6
35 66 0.5 6
35 65 0.5 6
85 81 0.5 43
85 82 0.5 43
85 80 0.5 43
87 81 0.5 43
87 82 0.5 43
87 80 0.5 43
86 82 0.5 43
87 79 0.5 43
85 79 0.5 43
86 79 0.5 43
85 77 0.5 43
85 78 0.5 43
86 77 0.5 43
84 79 0.5 43
84 78 0.5 43
87 87 0.5 43
88 87 0.5 43
86 87 0.5 43
86 86 0.5 43
87 88 0.5 43
84 85 0.5 43
85 85 0.5 43
85 84 0.5 43
86 85 0.5 43
85 83 0.5 43
86 83 0.5 43
89 87 0.5 43
82 76 0.5 43
82 75 0.5 43
81 74 0.5 43
82 74 0.5 43
82 77 0.5 43
82 78 0.5 43
81 77 0.5 43
83 78 0.5 43
83 82 0.5 43
83 81 0.5 43
82 81 0.5 43
81 79 0.5 43
82 79 0.5 43
81 80 0.5 43
81 81 0.5 43
80 79 0.5 43
38 14 0.5 107
38 13 0.5 107
37 13 0.5 107
34 14 0.5 107
34 13 0.5 107
35 13 0.5 107
36 13 0.5 107
33 14 0.5 107
32 14 0.5 107
32 15 0.5 107
32 13 0.5 107
30 16 0.5 107
30 17 0.5 107
32 16 0.5 107
31 16 0.5 107
31 14 0.5 107
29 16 0.5 107
38 15 0.5 107
38 16 0.5 107
33 22 0.5 107
34 21 0.5 107
33 21 0.5 107
32 21 0.5 107
32 17 0.5 107
32 19 0.5 107
32 18 0.5 107
32 20 0.5 107
33 20 0.5 107
31 18 0.5 107
41 20 0.5 107
41 19 0.5 107
39 19 0.5 107
40 19 0.5 107
42 19 0.5 107
39 20 0.5 107
39 21 0.5 107
38 20 0.5 107
39 18 0.5 107
39 17 0.5 107
39 16 0.5 107
41 4 0.5 107
41 5 0.5 107
42 5 0.5 107
39 7 0.5 107
40 7 0.5 107
40 8 0.5 107
41 7 0.5 107
41 6 0.5 107
40 14 0.5 107
40 12 0.5 107
39 13 0.5 107
40 13 0.5 107
40 11 0.5 107
40 10 0.5 107
40 9 0.5 107
30 8 0.5 107
30 7 0.5 107
30 6 0.5 107
29 10 0.5 107
29 8 0.5 107
29 9 0.5 107
28 10 0.5 107
27 10 0.5 107
26 10 0.5 107
33 10 0.5 107
33 11 0.5 107
32 10 0.5 107
32 9 0.5 107
33 12 0.5 107
32 12 0.5 107
31 9 0.5 107
31 8 0.5 107
26 9 0.5 107
26 1 0.5 107
25 1 0.5 107
26 2 0.5 107
25 2 0.5 107
26 0 0.5 107
25 99 0.5 107
25 0 0.5 107
24 99 0.5 107
23 99 0.5 107
26 99 0.5 107
25 98 0.5 107
24 98 0.5 107
23 98 0.5 107
27 1 0.5 107
22 7 0.5 107
22 6 0.5 107
23 5 0.5 107
23 6 0.5 107
24 4 0.5 107
23 4 0.5 107
24 3 0.5 107
25 3 0.5 107
27 4 0.5 107
28 5 0.5 107
27 5 0.5 107
29 5 0.5 107
30 5 0.5 107
26 3 0.5 107
26 4 0.5 107
25 4 0.5 107
43 5 0.5 107
44 5 0.5 107
44 4 0.5 107
44 3 0.5 107
23 46 0.5 38
22 46 0.5 38
22 47 0.5 38
24 47 0.5 38
24 46 0.5 38
25 47 0.5 38
24 48 0.5 38
27 47 0.5 38
27 46 0.5 38
26 47 0.5 38
26 48 0.5 38
26 49 0.5 38
25 48 0.5 38
23 45 0.5 38
22 45 0.5 38
29 43 0.5 38
30 43 0.5 38
28 43 0.5 38
29 42 0.5 38
28 45 0.5 38
28 44 0.5 38
27 45 0.5 38
26 45 0.5 38
34 41 0.5 38
34 42 0.5 38
35 41 0.5 38
31 42 0.5 38
32 42 0.5 38
33 42 0.5 38
31 43 0.5 38
31 44 0.5 38
30 44 0.5 38
33 40 0.5 38
34 40 0.5 38
32 40 0.5 38
32 39 0.5 38
31 39 0.5 38
33 39 0.5 38
85 99 0.5 60
85 0 0.5 60
84 99 0.5 60
84 98 0.5 60
82 99 0.5 60
83 0 0.5 60
82 0 0.5 60
83 99 0.5 60
84 97 0.5 60
88 0 0.5 60
88 1 0.5 60
87 0 0.5 60
86 0 0.5 60
86 1 0.5 60
92 99 0.5 60
91 99 0.5 60
91 98 0.5 60
90 98 0.5 60
89 98 0.5 60
89 99 0.5 60
88 99 0.5 60
88 97 0.5 60
87 97 0.5 60
86 97 0.5 60
85 97 0.5 60
87 96 0.5 60
87 95 0.5 60
85 96 0.5 60
85 95 0.5 60
87 92 0.5 60
87 93 0.5 60
87 94 0.5 60
86 92 0.5 60
86 91 0.5 60
84 90 0.5 60
85 90 0.5 60
85 92 0.5 60
85 91 0.5 60
94 2 0.5 60
93 2 0.5 60
92 2 0.5 60
96 0 0.5 60
96 1 0.5 60
96 99 0.5 60
97 99 0.5 60
94 1 0.5 60
95 1 0.5 60
97 98 0.5 60
92 1 0.5 60
92 0 0.5 60
97 97 0.5 60
91 1 0.5 60
98 98 0.5 60
99 98 0.5 60
94 3 0.5 60
98 99 0.5 60
90 3 0.5 60
90 2 0.5 60
90 1 0.5 60
94 4 0.5 60
42 47 0.5 16
42 46 0.5 16
42 44 0.5 16
42 45 0.5 16
41 43 0.5 16
41 44 0.5 16
45 43 0.5 16
46 43 0.5 16
46 42 0.5 16
45 44 0.5 16
45 45 0.5 16
46 45 0.5 16
47 45 0.5 16
43 45 0.5 16
44 45 0.5 16
46 41 0.5 16
90 58 0.5 48
91 58 0.5 48
92 58 0.5 48
92 57 0.5 48
89 58 0.5 48
93 57 0.5 48
90 57 0.5 48
87 60 0.5 48
87 59 0.5 48
88 59 0.5 48
87 63 0.5 48
87 61 0.5 48
87 62 0.5 48
88 58 0.5 48
93 56 0.5 48
91 60 0.5 48
91 59 0.5 48
91 61 0.5 48
92 61 0.5 48
93 61 0.5 48
90 60 0.5 48
92 56 0.5 48
92 54 0.5 48
92 55 0.5 48
93 55 0.5 48
90 54 0.5 48
91 54 0.5 48
87 64 0.5 48
87 65 0.5 48
97 56 0.5 48
96 56 0.5 48
95 56 0.5 48
96 55 0.5 48
97 57 0.5 48
94 54 0.5 48
94 55 0.5 48
94 56 0.5 48
98 56 0.5 48
85 66 0.5 48
86 66 0.5 48
87 66 0.5 48
82 67 0.5 48
82 66 0.5 48
82 68 0.5 48
84 67 0.5 48
85 67 0.5 48
83 67 0.5 48
81 66 0.5 48
51 90 0.5 24
50 90 0.5 24
49 89 0.5 24
50 89 0.5 24
50 88 0.5 24
49 85 0.5 24
51 85 0.5 24
51 86 0.5 24
50 85 0.5 24
52 86 0.5 24
51 87 0.5 24
50 87 0.5 24
48 85 0.5 24
45 87 0.5 24
45 88 0.5 24
45 90 0.5 24
45 89 0.5 24
47 90 0.5 24
46 90 0.5 24
47 89 0.5 24
48 88 0.5 24
48 89 0.5 24
44 90 0.5 24
44 89 0.5 24
6 58 0.5 31
5 58 0.5 31
7 59 0.5 31
7 58 0.5 31
2 60 0.5 31
1 60 0.5 31
1 61 0.5 31
2 61 0.5 31
0 61 0.5 31
0 63 0.5 31
0 62 0.5 31
1 64 0.5 31
2 63 0.5 31
1 63 0.5 31
3 60 0.5 31
3 59 0.5 31
3 58 0.5 31
3 63 0.5 31
4 58 0.5 31
4 57 0.5 31
7 54 0.5 31
7 55 0.5 31
7 56 0.5 31
7 57 0.5 31
6 57 0.5 31
5 57 0.5 31
2 65 0.5 31
1 65 0.5 31
99 63 0.5 31
99 64 0.5 31
99 65 0.5 31
61 34 0.5 20
62 34 0.5 20
60 34 0.5 20
58 32 0.5 20
59 32 0.5 20
57 32 0.5 20
60 33 0.5 20
59 33 0.5 20
57 29 0.5 20
57 30 0.5 20
57 31 0.5 20
59 34 0.5 20
63 34 0.5 20
63 33 0.5 20
63 35 0.5 20
56 31 0.5 20
56 32 0.5 20
59 35 0.5 20
57 34 0.5 20
57 33 0.5 20
54 72 0.5 22
53 71 0.5 22
53 70 0.5 22
54 71 0.5 22
52 70 0.5 22
54 73 0.5 22
55 74 0.5 22
54 74 0.5 22
53 69 0.5 22
58 74 0.5 22
57 74 0.5 22
56 74 0.5 22
59 76 0.5 22
58 76 0.5 22
58 75 0.5 22
57 75 0.5 22
55 75 0.5 22
56 75 0.5 22
56 76 0.5 22
54 69 0.5 22
54 68 0.5 22
54 67 0.5 22
80 15 0.5 18
80 16 0.5 18
81 16 0.5 18
81 15 0.5 18
82 16 0.5 18
83 16 0.5 18
83 15 0.5 18
79 14 0.5 18
78 14 0.5 18
78 15 0.5 18
77 14 0.5 18
80 14 0.5 18
76 16 0.5 18
76 15 0.5 18
76 14 0.5 18
75 14 0.5 18
80 12 0.5 18
80 13 0.5 18
61 94 0.5 16
62 94 0.5 16
60 94 0.5 16
59 94 0.5 16
60 95 0.5 16
66 95 0.5 16
66 94 0.5 16
63 95 0.5 16
64 95 0.5 16
65 95 0.5 16
63 94 0.5 16
65 94 0.5 16
67 95 0.5 16
59 95 0.5 16
58 95 0.5 16
57 95 0.5 16
15 6 0.5 45
16 7 0.5 45
15 7 0.5 45
16 8 0.5 45
14 7 0.5 45
13 6 0.5 45
14 6 0.5 45
12 6 0.5 45
12 7 0.5 45
16 3 0.5 45
15 3 0.5 45
16 5 0.5 45
15 5 0.5 45
15 4 0.5 45
16 6 0.5 45
15 2 0.5 45
16 2 0.5 45
17 2 0.5 45
16 1 0.5 45
16 0 0.5 45
15 1 0.5 45
14 0 0.5 45
15 0 0.5 45
13 0 0.5 45
17 6 0.5 45
18 5 0.5 45
18 7 0.5 45
18 6 0.5 45
12 0 0.5 45
12 99 0.5 45
11 99 0.5 45
11 0 0.5 45
10 98 0.5 45
11 98 0.5 45
9 98 0.5 45
16 97 0.5 45
16 98 0.5 45
15 99 0.5 45
16 99 0.5 45
15 97 0.5 45
14 97 0.5 45
14 96 0.5 45
13 97 0.5 45
9 97 0.5 45
16 96 0.5 45
10 92 0.5 8
11 92 0.5 8
10 91 0.5 8
11 91 0.5 8
12 92 0.5 8
12 91 0.5 8
13 91 0.5 8
12 93 0.5 8
86 32 0.5 2
85 32 0.5 2
36 56 0.5 39
37 58 0.5 39
36 57 0.5 39
36 58 0.5 39
43 59 0.5 39
42 59 0.5 39
41 59 0.5 39
40 59 0.5 39
39 59 0.5 39
38 57 0.5 39
39 58 0.5 39
38 58 0.5 39
43 58 0.5 39
43 57 0.5 39
43 56 0.5 39
44 55 0.5 39
44 54 0.5 39
44 56 0.5 39
36 59 0.5 39
43 62 0.5 39
42 62 0.5 39
41 62 0.5 39
41 60 0.5 39
41 61 0.5 39
44 62 0.5 39
43 63 0.5 39
42 63 0.5 39
45 63 0.5 39
45 62 0.5 39
35 55 0.5 39
34 55 0.5 39
36 55 0.5 39
34 57 0.5 39
34 56 0.5 39
33 56 0.5 39
33 55 0.5 39
37 54 0.5 39
37 53 0.5 39
36 54 0.5 39
51 60 0.5 15
51 61 0.5 15
52 61 0.5 15
52 60 0.5 15
50 61 0.5 15
53 61 0.5 15
51 62 0.5 15
51 63 0.5 15
52 63 0.5 15
56 61 0.5 15
56 62 0.5 15
54 61 0.5 15
54 62 0.5 15
55 62 0.5 15
54 63 0.5 15
46 31 0.5 1
92 72 0.5 12
92 71 0.5 12
93 73 0.5 12
92 73 0.5 12
93 67 0.5 12
93 68 0.5 12
93 69 0.5 12
94 67 0.5 12
92 68 0.5 12
92 70 0.5 12
93 70 0.5 12
94 70 0.5 12
1 16 0.5 1
18 78 0.5 2
17 78 0.5 2
28 96 0.5 7
28 97 0.5 7
26 94 0.5 7
26 93 0.5 7
27 96 0.5 7
26 95 0.5 7
27 95 0.5 7
64 77 0.5 2
65 77 0.5 2
41 84 0.5 21
41 83 0.5 21
40 84 0.5 21
40 83 0.5 21
37 84 0.5 21
39 84 0.5 21
38 86 0.5 21
38 85 0.5 21
38 84 0.5 21
38 87 0.5 21
36 83 0.5 21
35 84 0.5 21
35 83 0.5 21
33 83 0.5 21
34 83 0.5 21
36 82 0.5 21
37 82 0.5 21
39 82 0.5 21
38 82 0.5 21
36 81 0.5 21
40 82 0.5 21
99 34 0.5 3
0 33 0.5 3
99 33 0.5 3
30 0 0.5 2
30 99 0.5 2
93 16 0.5 6
93 15 0.5 6
94 16 0.5 6
92 17 0.5 6
93 17 0.5 6
91 17 0.5 6
58 39 0.5 1
18 20 0.5 2
19 20 0.5 2
52 4 0.5 4
51 5 0.5 4
52 5 0.5 4
50 5 0.5 4
96 92 0.5 7
97 91 0.5 7
97 92 0.5 7
96 94 0.5 7
97 94 0.5 7
96 93 0.5 7
98 94 0.5 7
87 41 0.5 1
77 79 0.5 1
21 44 0.5 1
5 91 0.5 1
29 67 0.5 1
