66 72 0.5 27
68 72 0.5 27
68 73 0.5 27
67 72 0.5 27
66 71 0.5 27
65 72 0.5 27
68 75 0.5 27
69 74 0.5 27
68 74 0.5 27
64 72 0.5 27
64 73 0.5 27
64 75 0.5 27
64 74 0.5 27
63 73 0.5 27
62 70 0.5 27
62 72 0.5 27
62 73 0.5 27
61 73 0.5 27
62 71 0.5 27
61 74 0.5 27
72 72 0.5 27
72 73 0.5 27
72 74 0.5 27
73 74 0.5 27
71 74 0.5 27
70 75 0.5 27
70 74 0.5 27
0 25 0.5 115
99 25 0.5 115
99 24 0.5 115
5 28 0.5 115
5 29 0.5 115
6 28 0.5 115
4 29 0.5 115
7 28 0.5 115
2 27 0.5 115
2 28 0.5 115
3 28 0.5 115
4 28 0.5 115
1 27 0.5 115
2 29 0.5 115
8 28 0.5 115
9 28 0.5 115
7 27 0.5 115
6 27 0.5 115
11 30 0.5 115
10 30 0.5 115
10 29 0.5 115
10 27 0.5 115
10 28 0.5 115
11 26 0.5 115
11 27 0.5 115
12 31 0.5 115
12 30 0.5 115
2 26 0.5 115
1 26 0.5 115
1 25 0.5 115
15 31 0.5 115
14 31 0.5 115
14 30 0.5 115
13 31 0.5 115
13 32 0.5 115
11 36 0.5 115
11 37 0.5 115
10 40 0.5 115
10 39 0.5 115
10 38 0.5 115
10 37 0.5 115
12 36 0.5 115
12 37 0.5 115
15 33 0.5 115
14 33 0.5 115
15 34 0.5 115
13 33 0.5 115
14 32 0.5 115
16 34 0.5 115
13 34 0.5 115
12 34 0.5 115
12 35 0.5 115
17 35 0.5 115
16 35 0.5 115
16 36 0.5 115
18 35 0.5 115
19 35 0.5 115
20 35 0.5 115
6 30 0.5 115
5 30 0.5 115
6 42 0.5 115
5 42 0.5 115
7 41 0.5 115
8 41 0.5 115
8 42 0.5 115
9 42 0.5 115
7 42 0.5 115
6 41 0.5 115
6 40 0.5 115
6 39 0.5 115
7 39 0.5 115
8 39 0.5 115
9 40 0.5 115
8 40 0.5 115
89 25 0.5 115
89 26 0.5 115
88 27 0.5 115
89 27 0.5 115
87 27 0.5 115
90 27 0.5 115
90 26 0.5 115
88 26 0.5 115
92 26 0.5 115
91 26 0.5 115
87 23 0.5 115
87 24 0.5 115
87 25 0.5 115
87 26 0.5 115
88 23 0.5 115
87 29 0.5 115
87 28 0.5 115
89 29 0.5 115
88 29 0.5 115
90 29 0.5 115
92 30 0.5 115
92 31 0.5 115
93 31 0.5 115
93 29 0.5 115
92 29 0.5 115
91 29 0.5 115
95 28 0.5 115
96 28 0.5 115
97 28 0.5 115
97 27 0.5 115
95 29 0.5 115
94 28 0.5 115
93 28 0.5 115
93 27 0.5 115
99 27 0.5 115
98 27 0.5 115
0 29 0.5 115
1 29 0.5 115
99 30 0.5 115
99 29 0.5 115
99 28 0.5 115
9 74 0.5 40
8 74 0.5 40
8 72 0.5 40
7 72 0.5 40
8 73 0.5 40
6 75 0.5 40
7 75 0.5 40
5 75 0.5 40
8 75 0.5 40
4 75 0.5 40
2 77 0.5 40
4 76 0.5 40
4 77 0.5 40
3 77 0.5 40
4 80 0.5 40
3 80 0.5 40
3 79 0.5 40
3 78 0.5 40
3 81 0.5 40
4 78 0.5 40
5 78 0.5 40
6 78 0.5 40
1 76 0.5 40
2 76 0.5 40
0 76 0.5 40
98 79 0.5 40
99 77 0.5 40
98 77 0.5 40
98 78 0.5 40
99 76 0.5 40
97 80 0.5 40
98 80 0.5 40
98 81 0.5 40
99 81 0.5 40
99 82 0.5 40
97 78 0.5 40
99 83 0.5 40
99 84 0.5 40
98 85 0.5 40
99 85 0.5 40
97 45 0.5 20
98 45 0.5 20
99 45 0.5 20
96 45 0.5 20
3 45 0.5 20
2 45 0.5 20
2 46 0.5 20
1 46 0.5 20
0 45 0.5 20
1 45 0.5 20
0 44 0.5 20
3 46 0.5 20
97 44 0.5 20
3 48 0.5 20
3 47 0.5 20
4 47 0.5 20
98 41 0.5 20
97 42 0.5 20
97 43 0.5 20
98 42 0.5 20
71 29 0.5 60
69 29 0.5 60
70 29 0.5 60
72 29 0.5 60
74 29 0.5 60
73 29 0.5 60
74 28 0.5 60
73 30 0.5 60
73 31 0.5 60
66 29 0.5 60
66 28 0.5 60
68 29 0.5 60
67 29 0.5 60
67 28 0.5 60
67 27 0.5 60
74 27 0.5 60
65 25 0.5 60
67 26 0.5 60
66 26 0.5 60
65 26 0.5 60
66 27 0.5 60
64 25 0.5 60
67 25 0.5 60
60 23 0.5 60
60 21 0.5 60
61 21 0.5 60
61 23 0.5 60
61 22 0.5 60
62 24 0.5 60
62 23 0.5 60
63 23 0.5 60
64 23 0.5 60
64 22 0.5 60
63 21 0.5 60
64 21 0.5 60
65 21 0.5 60
60 24 0.5 60
65 23 0.5 60
66 23 0.5 60
69 23 0.5 60
68 23 0.5 60
67 23 0.5 60
59 20 0.5 60
57 20 0.5 60
58 20 0.5 60
59 21 0.5 60
65 24 0.5 60
57 22 0.5 60
55 21 0.5 60
55 20 0.5 60
55 22 0.5 60
56 21 0.5 60
56 22 0.5 60
57 21 0.5 60
55 17 0.5 60
55 18 0.5 60
55 19 0.5 60
54 22 0.5 60
53 23 0.5 60
53 22 0.5 60
25 57 0.5 39
25 56 0.5 39
23 57 0.5 39
23 58 0.5 39
24 57 0.5 39
22 54 0.5 39
23 56 0.5 39
23 54 0.5 39
23 55 0.5 39
24 62 0.5 39
25 62 0.5 39
23 62 0.5 39
22 63 0.5 39
23 63 0.5 39
24 63 0.5 39
25 60 0.5 39
24 60 0.5 39
23 61 0.5 39
23 60 0.5 39
22 59 0.5 39
22 60 0.5 39
26 62 0.5 39
26 61 0.5 39
26 63 0.5 39
27 62 0.5 39
26 60 0.5 39
27 60 0.5 39
28 63 0.5 39
29 63 0.5 39
27 63 0.5 39
28 62 0.5 39
28 59 0.5 39
27 59 0.5 39
26 57 0.5 39
27 57 0.5 39
27 58 0.5 39
26 58 0.5 39
22 53 0.5 39
21 59 0.5 39
75 38 0.5 65
76 38 0.5 65
76 39 0.5 65
74 37 0.5 65
73 37 0.5 65
74 38 0.5 65
74 36 0.5 65
76 37 0.5 65
77 37 0.5 65
78 37 0.5 65
79 37 0.5 65
80 37 0.5 65
78 38 0.5 65
81 37 0.5 65
81 38 0.5 65
80 38 0.5 65
80 39 0.5 65
82 37 0.5 65
82 36 0.5 65
72 39 0.5 65
72 40 0.5 65
71 40 0.5 65
73 39 0.5 65
74 41 0.5 65
74 40 0.5 65
73 41 0.5 65
72 41 0.5 65
75 41 0.5 65
74 42 0.5 65
72 38 0.5 65
73 38 0.5 65
72 44 0.5 65
73 44 0.5 65
71 44 0.5 65
71 45 0.5 65
71 46 0.5 65
71 47 0.5 65
70 48 0.5 65
70 49 0.5 65
70 47 0.5 65
71 50 0.5 65
70 50 0.5 65
69 46 0.5 65
70 46 0.5 65
71 43 0.5 65
71 42 0.5 65
71 41 0.5 65
70 41 0.5 65
66 55 0.5 65
67 55 0.5 65
67 57 0.5 65
67 56 0.5 65
68 56 0.5 65
65 55 0.5 65
69 56 0.5 65
70 56 0.5 65
71 56 0.5 65
72 53 0.5 65
72 52 0.5 65
72 51 0.5 65
71 51 0.5 65
72 55 0.5 65
71 55 0.5 65
72 54 0.5 65
73 51 0.5 65
36 65 0.5 6
37 65 0.5 6
38 65 0.5 6
38 66 0.5 6
35 65 0.5 6
35 64 0.5 6
84 81 0.5 43
84 82 0.5 43
84 80 0.5 43
86 81 0.5 43
86 82 0.5 43
86 80 0.5 43
85 82 0.5 43
86 79 0.5 43
84 79 0.5 43
85 79 0.5 43
84 77 0.5 43
84 78 0.5 43
85 77 0.5 43
83 79 0.5 43
83 78 0.5 43
86 87 0.5 43
87 87 0.5 43
85 87 0.5 43
85 86 0.5 43
86 88 0.5 43
83 85 0.5 43
84 85 0.5 43
84 84 0.5 43
85 85 0.5 43
84 83 0.5 43
85 83 0.5 43
88 87 0.5 43
81 76 0.5 43
81 75 0.5 43
80 74 0.5 43
81 74 0.5 43
81 77 0.5 43
81 78 0.5 43
80 77 0.5 43
82 78 0.5 43
82 82 0.5 43
82 81 0.5 43
81 81 0.5 43
80 79 0.5 43
81 79 0.5 43
80 80 0.5 43
80 81 0.5 43
79 79 0.5 43
39 14 0.5 107
39 13 0.5 107
38 13 0.5 107
35 14 0.5 107
35 13 0.5 107
36 13 0.5 107
37 13 0.5 107
34 14 0.5 107
33 14 0.5 107
33 15 0.5 107
33 13 0.5 107
31 16 0.5 107
31 17 0.5 107
33 16 0.5 107
32 16 0.5 107
32 14 0.5 107
30 16 0.5 107
39 15 0.5 107
39 16 0.5 107
34 22 0.5 107
35 21 0.5 107
34 21 0.5 107
33 21 0.5 107
33 17 0.5 107
33 19 0.5 107
33 18 0.5 107
33 20 0.5 107
34 20 0.5 107
32 18 0.5 107
42 20 0.5 107
42 19 0.5 107
40 19 0.5 107
41 19 0.5 107
43 19 0.5 107
40 20 0.5 107
40 21 0.5 107
39 20 0.5 107
40 18 0.5 107
40 17 0.5 107
40 16 0.5 107
42 4 0.5 107
42 5 0.5 107
43 5 0.5 107
40 7 0.5 107
41 7 0.5 107
41 8 0.5 107
42 7 0.5 107
42 6 0.5 107
41 14 0.5 107
41 12 0.5 107
40 13 0.5 107
41 13 0.5 107
41 11 0.5 107
41 10 0.5 107
41 9 0.5 107
31 8 0.5 107
31 7 0.5 107
31 6 0.5 107
30 10 0.5 107
30 8 0.5 107
30 9 0.5 107
29 10 0.5 107
28 10 0.5 107
27 10 0.5 107
34 10 0.5 107
34 11 0.5 107
33 10 0.5 107
33 9 0.5 107
34 12 0.5 107
33 12 0.5 107
32 9 0.5 107
32 8 0.5 107
27 9 0.5 107
27 1 0.5 107
26 1 0.5 107
27 2 0.5 107
26 2 0.5 107
27 0 0.5 107
26 99 0.5 107
26 0 0.5 107
25 99 0.5 107
24 99 0.5 107
27 99 0.5 107
26 98 0.5 107
25 98 0.5 107
24 98 0.5 107
28 1 0.5 107
23 7 0.5 107
23 6 0.5 107
24 5 0.5 107
24 6 0.5 107
25 4 0.5 107
24 4 0.5 107
25 3 0.5 107
26 3 0.5 107
28 4 0.5 107
29 5 0.5 107
28 5 0.5 107
30 5 0.5 107
31 5 0.5 107
27 3 0.5 107
27 4 0.5 107
26 4 0.5 107
44 5 0.5 107
45 5 0.5 107
45 4 0.5 107
45 3 0.5 107
23 45 0.5 39
22 45 0.5 39
22 46 0.5 39
24 46 0.5 39
24 45 0.5 39
25 46 0.5 39
24 47 0.5 39
27 46 0.5 39
27 45 0.5 39
26 46 0.5 39
26 47 0.5 39
26 48 0.5 39
25 47 0.5 39
23 44 0.5 39
22 44 0.5 39
29 42 0.5 39
30 42 0.5 39
28 42 0.5 39
29 41 0.5 39
28 44 0.5 39
28 43 0.5 39
27 44 0.5 39
26 44 0.5 39
34 40 0.5 39
34 41 0.5 39
35 40 0.5 39
31 41 0.5 39
32 41 0.5 39
33 41 0.5 39
31 42 0.5 39
31 43 0.5 39
30 43 0.5 39
33 39 0.5 39
34 39 0.5 39
32 39 0.5 39
32 38 0.5 39
31 38 0.5 39
33 38 0.5 39
21 44 0.5 39
85 0 0.5 60
85 1 0.5 60
84 0 0.5 60
84 99 0.5 60
82 0 0.5 60
83 1 0.5 60
82 1 0.5 60
83 0 0.5 60
84 98 0.5 60
88 1 0.5 60
88 2 0.5 60
87 1 0.5 60
86 1 0.5 60
86 2 0.5 60
92 0 0.5 60
91 0 0.5 60
91 99 0.5 60
90 99 0.5 60
89 99 0.5 60
89 0 0.5 60
88 0 0.5 60
88 98 0.5 60
87 98 0.5 60
86 98 0.5 60
85 98 0.5 60
87 97 0.5 60
87 96 0.5 60
85 97 0.5 60
85 96 0.5 60
87 93 0.5 60
87 94 0.5 60
87 95 0.5 60
86 93 0.5 60
86 92 0.5 60
84 91 0.5 60
85 91 0.5 60
85 93 0.5 60
85 92 0.5 60
94 3 0.5 60
93 3 0.5 60
92 3 0.5 60
96 1 0.5 60
96 2 0.5 60
96 0 0.5 60
97 0 0.5 60
94 2 0.5 60
95 2 0.5 60
97 99 0.5 60
92 2 0.5 60
92 1 0.5 60
97 98 0.5 60
91 2 0.5 60
98 99 0.5 60
99 99 0.5 60
94 4 0.5 60
98 0 0.5 60
90 4 0.5 60
90 3 0.5 60
90 2 0.5 60
94 5 0.5 60
42 46 0.5 16
42 45 0.5 16
42 43 0.5 16
42 44 0.5 16
41 42 0.5 16
41 43 0.5 16
45 42 0.5 16
46 42 0.5 16
46 41 0.5 16
45 43 0.5 16
45 44 0.5 16
46 44 0.5 16
47 44 0.5 16
43 44 0.5 16
44 44 0.5 16
46 40 0.5 16
90 57 0.5 48
91 57 0.5 48
92 57 0.5 48
92 56 0.5 48
89 57 0.5 48
93 56 0.5 48
90 56 0.5 48
87 59 0.5 48
87 58 0.5 48
88 58 0.5 48
87 62 0.5 48
87 60 0.5 48
87 61 0.5 48
88 57 0.5 48
93 55 0.5 48
91 59 0.5 48
91 58 0.5 48
91 60 0.5 48
92 60 0.5 48
93 60 0.5 48
90 59 0.5 48
92 55 0.5 48
92 53 0.5 48
92 54 0.5 48
93 54 0.5 48
90 53 0.5 48
91 53 0.5 48
87 63 0.5 48
87 64 0.5 48
97 55 0.5 48
96 55 0.5 48
95 55 0.5 48
96 54 0.5 48
97 56 0.5 48
94 53 0.5 48
94 54 0.5 48
94 55 0.5 48
98 55 0.5 48
85 65 0.5 48
86 65 0.5 48
87 65 0.5 48
82 66 0.5 48
82 65 0.5 48
82 67 0.5 48
84 66 0.5 48
85 66 0.5 48
83 66 0.5 48
81 65 0.5 48
51 89 0.5 24
50 89 0.5 24
49 88 0.5 24
50 88 0.5 24
50 87 0.5 24
49 84 0.5 24
51 84 0.5 24
51 85 0.5 24
50 84 0.5 24
52 85 0.5 24
51 86 0.5 24
50 86 0.5 24
48 84 0.5 24
45 86 0.5 24
45 87 0.5 24
45 89 0.5 24
45 88 0.5 24
47 89 0.5 24
46 89 0.5 24
47 88 0.5 24
48 87 0.5 24
48 88 0.5 24
44 89 0.5 24
44 88 0.5 24
5 58 0.5 31
4 58 0.5 31
6 59 0.5 31
6 58 0.5 31
1 60 0.5 31
0 60 0.5 31
0 61 0.5 31
1 61 0.5 31
99 61 0.5 31
99 63 0.5 31
99 62 0.5 31
0 64 0.5 31
1 63 0.5 31
0 63 0.5 31
2 60 0.5 31
2 59 0.5 31
2 58 0.5 31
2 63 0.5 31
3 58 0.5 31
3 57 0.5 31
6 54 0.5 31
6 55 0.5 31
6 56 0.5 31
6 57 0.5 31
5 57 0.5 31
4 57 0.5 31
1 65 0.5 31
0 65 0.5 31
98 63 0.5 31
98 64 0.5 31
98 65 0.5 31
61 33 0.5 20
62 33 0.5 20
60 33 0.5 20
58 31 0.5 20
59 31 0.5 20
57 31 0.5 20
60 32 0.5 20
59 32 0.5 20
57 28 0.5 20
57 29 0.5 20
57 30 0.5 20
59 33 0.5 20
63 33 0.5 20
63 32 0.5 20
63 34 0.5 20
56 30 0.5 20
56 31 0.5 20
59 34 0.5 20
57 33 0.5 20
57 32 0.5 20
55 72 0.5 22
54 71 0.5 22
54 70 0.5 22
55 71 0.5 22
53 70 0.5 22
55 73 0.5 22
56 74 0.5 22
55 74 0.5 22
54 69 0.5 22
59 74 0.5 22
58 74 0.5 22
57 74 0.5 22
60 76 0.5 22
59 76 0.5 22
59 75 0.5 22
58 75 0.5 22
56 75 0.5 22
57 75 0.5 22
57 76 0.5 22
55 69 0.5 22
55 68 0.5 22
55 67 0.5 22
80 16 0.5 18
80 17 0.5 18
81 17 0.5 18
81 16 0.5 18
82 17 0.5 18
83 17 0.5 18
83 16 0.5 18
79 15 0.5 18
78 15 0.5 18
78 16 0.5 18
77 15 0.5 18
80 15 0.5 18
76 17 0.5 18
76 16 0.5 18
76 15 0.5 18
75 15 0.5 18
80 13 0.5 18
80 14 0.5 18
61 95 0.5 16
62 95 0.5 16
60 95 0.5 16
59 95 0.5 16
60 96 0.5 16
66 96 0.5 16
66 95 0.5 16
63 96 0.5 16
64 96 0.5 16
65 96 0.5 16
63 95 0.5 16
65 95 0.5 16
67 96 0.5 16
59 96 0.5 16
58 96 0.5 16
57 96 0.5 16
14 6 0.5 45
15 7 0.5 45
14 7 0.5 45
15 8 0.5 45
13 7 0.5 45
12 6 0.5 45
13 6 0.5 45
11 6 0.5 45
11 7 0.5 45
15 3 0.5 45
14 3 0.5 45
15 5 0.5 45
14 5 0.5 45
14 4 0.5 45
15 6 0.5 45
14 2 0.5 45
15 2 0.5 45
16 2 0.5 45
15 1 0.5 45
15 0 0.5 45
14 1 0.5 45
13 0 0.5 45
14 0 0.5 45
12 0 0.5 45
16 6 0.5 45
17 5 0.5 45
17 7 0.5 45
17 6 0.5 45
11 0 0.5 45
11 99 0.5 45
10 99 0.5 45
10 0 0.5 45
9 98 0.5 45
10 98 0.5 45
8 98 0.5 45
15 97 0.5 45
15 98 0.5 45
14 99 0.5 45
15 99 0.5 45
14 97 0.5 45
13 97 0.5 45
13 96 0.5 45
12 97 0.5 45
8 97 0.5 45
15 96 0.5 45
9 92 0.5 8
10 92 0.5 8
9 91 0.5 8
10 91 0.5 8
11 92 0.5 8
11 91 0.5 8
12 91 0.5 8
11 93 0.5 8
85 32 0.5 2
84 32 0.5 2
37 56 0.5 39
38 58 0.5 39
37 57 0.5 39
37 58 0.5 39
44 59 0.5 39
43 59 0.5 39
42 59 0.5 39
41 59 0.5 39
40 59 0.5 39
39 57 0.5 39
40 58 0.5 39
39 58 0.5 39
44 58 0.5 39
44 57 0.5 39
44 56 0.5 39
45 55 0.5 39
45 54 0.5 39
45 56 0.5 39
37 59 0.5 39
44 62 0.5 39
43 62 0.5 39
42 62 0.5 39
42 60 0.5 39
42 61 0.5 39
45 62 0.5 39
44 63 0.5 39
43 63 0.5 39
46 63 0.5 39
46 62 0.5 39
36 55 0.5 39
35 55 0.5 39
37 55 0.5 39
35 57 0.5 39
35 56 0.5 39
34 56 0.5 39
34 55 0.5 39
38 54 0.5 39
38 53 0.5 39
37 54 0.5 39
51 61 0.5 15
51 62 0.5 15
52 62 0.5 15
52 61 0.5 15
50 62 0.5 15
53 62 0.5 15
51 63 0.5 15
51 64 0.5 15
52 64 0.5 15
56 62 0.5 15
56 63 0.5 15
54 62 0.5 15
54 63 0.5 15
55 63 0.5 15
54 64 0.5 15
45 31 0.5 1
91 72 0.5 12
91 71 0.5 12
92 73 0.5 12
91 73 0.5 12
92 67 0.5 12
92 68 0.5 12
92 69 0.5 12
93 67 0.5 12
91 68 0.5 12
91 70 0.5 12
92 70 0.5 12
93 70 0.5 12
0 16 0.5 1
18 79 0.5 2
17 79 0.5 2
29 96 0.5 7
29 97 0.5 7
27 94 0.5 7
27 93 0.5 7
28 96 0.5 7
27 95 0.5 7
28 95 0.5 7
65 77 0.5 2
66 77 0.5 2
41 85 0.5 21
41 84 0.5 21
40 85 0.5 21
40 84 0.5 21
37 85 0.5 21
39 85 0.5 21
38 87 0.5 21
38 86 0.5 21
38 85 0.5 21
38 88 0.5 21
36 84 0.5 21
35 85 0.5 21
35 84 0.5 21
33 84 0.5 21
34 84 0.5 21
36 83 0.5 21
37 83 0.5 21
39 83 0.5 21
38 83 0.5 21
36 82 0.5 21
40 83 0.5 21
0 34 0.5 3
1 33 0.5 3
0 33 0.5 3
30 1 0.5 2
30 0 0.5 2
94 16 0.5 6
94 15 0.5 6
95 16 0.5 6
93 17 0.5 6
94 17 0.5 6
92 17 0.5 6
58 40 0.5 1
18 21 0.5 2
19 21 0.5 2
51 4 0.5 4
50 5 0.5 4
51 5 0.5 4
49 5 0.5 4
97 92 0.5 7
98 91 0.5 7
98 92 0.5 7
97 94 0.5 7
98 94 0.5 7
97 93 0.5 7
99 94 0.5 7
88 41 0.5 1
76 79 0.5 1
5 92 0.5 1
29 66 0.5 1
