66 71 0.5 27
68 71 0.5 27
68 72 0.5 27
67 71 0.5 27
66 70 0.5 27
65 71 0.5 27
68 74 0.5 27
69 73 0.5 27
68 73 0.5 27
64 71 0.5 27
64 72 0.5 27
64 74 0.5 27
64 73 0.5 27
63 72 0.5 27
62 69 0.5 27
62 71 0.5 27
62 72 0.5 27
61 72 0.5 27
62 70 0.5 27
61 73 0.5 27
72 71 0.5 27
72 72 0.5 27
72 73 0.5 27
73 73 0.5 27
71 73 0.5 27
70 74 0.5 27
70 73 0.5 27
0 24 0.5 115
99 24 0.5 115
99 23 0.5 115
5 27 0.5 115
5 28 0.5 115
6 27 0.5 115
4 28 0.5 115
7 27 0.5 115
2 26 0.5 115
2 27 0.5 115
3 27 0.5 115
4 27 0.5 115
1 26 0.5 115
2 28 0.5 115
8 27 0.5 115
9 27 0.5 115
7 26 0.5 115
6 26 0.5 115
11 29 0.5 115
10 29 0.5 115
10 28 0.5 115
10 26 0.5 115
10 27 0.5 115
11 25 0.5 115
11 26 0.5 115
12 30 0.5 115
12 29 0.5 115
2 25 0.5 115
1 25 0.5 115
1 24 0.5 115
15 30 0.5 115
14 30 0.5 115
14 29 0.5 115
13 30 0.5 115
13 31 0.5 115
11 35 0.5 115
11 36 0.5 115
10 39 0.5 115
10 38 0.5 115
10 37 0.5 115
10 36 0.5 115
12 35 0.5 115
12 36 0.5 115
15 32 0.5 115
14 32 0.5 115
15 33 0.5 115
13 32 0.5 115
14 31 0.5 115
16 33 0.5 115
13 33 0.5 115
12 33 0.5 115
12 34 0.5 115
17 34 0.5 115
16 34 0.5 115
16 35 0.5 115
18 34 0.5 115
19 34 0.5 115
20 34 0.5 115
6 29 0.5 115
5 29 0.5 115
6 41 0.5 115
5 41 0.5 115
7 40 0.5 115
8 40 0.5 115
8 41 0.5 115
9 41 0.5 115
7 41 0.5 115
6 40 0.5 115
6 39 0.5 115
6 38 0.5 115
7 38 0.5 115
8 38 0.5 115
9 39 0.5 115
8 39 0.5 115
89 24 0.5 115
89 25 0.5 115
88 26 0.5 115
89 26 0.5 115
87 26 0.5 115
90 26 0.5 115
90 25 0.5 115
88 25 0.5 115
92 25 0.5 115
91 25 0.5 115
87 22 0.5 115
87 23 0.5 115
87 24 0.5 115
87 25 0.5 115
88 22 0.5 115
87 28 0.5 115
87 27 0.5 115
89 28 0.5 115
88 28 0.5 115
90 28 0.5 115
92 29 0.5 115
92 30 0.5 115
93 30 0.5 115
93 28 0.5 115
92 28 0.5 115
91 28 0.5 115
95 27 0.5 115
96 27 0.5 115
97 27 0.5 115
97 26 0.5 115
95 28 0.5 115
94 27 0.5 115
93 27 0.5 115
93 26 0.5 115
99 26 0.5 115
98 26 0.5 115
0 28 0.5 115
1 28 0.5 115
99 29 0.5 115
99 28 0.5 115
99 27 0.5 115
10 74 0.5 40
9 74 0.5 40
9 72 0.5 40
8 72 0.5 40
9 73 0.5 40
7 75 0.5 40
8 75 0.5 40
6 75 0.5 40
9 75 0.5 40
5 75 0.5 40
3 77 0.5 40
5 76 0.5 40
5 77 0.5 40
4 77 0.5 40
5 80 0.5 40
4 80 0.5 40
4 79 0.5 40
4 78 0.5 40
4 81 0.5 40
5 78 0.5 40
6 78 0.5 40
7 78 0.5 40
2 76 0.5 40
3 76 0.5 40
1 76 0.5 40
99 79 0.5 40
0 77 0.5 40
99 77 0.5 40
99 78 0.5 40
0 76 0.5 40
98 80 0.5 40
99 80 0.5 40
99 81 0.5 40
0 81 0.5 40
0 82 0.5 40
98 78 0.5 40
0 83 0.5 40
0 84 0.5 40
99 85 0.5 40
0 85 0.5 40
97 46 0.5 20
98 46 0.5 20
99 46 0.5 20
96 46 0.5 20
3 46 0.5 20
2 46 0.5 20
2 47 0.5 20
1 47 0.5 20
0 46 0.5 20
1 46 0.5 20
0 45 0.5 20
3 47 0.5 20
97 45 0.5 20
3 49 0.5 20
3 48 0.5 20
4 48 0.5 20
98 42 0.5 20
97 43 0.5 20
97 44 0.5 20
98 43 0.5 20
70 29 0.5 60
68 29 0.5 60
69 29 0.5 60
71 29 0.5 60
73 29 0.5 60
72 29 0.5 60
73 28 0.5 60
72 30 0.5 60
72 31 0.5 60
65 29 0.5 60
65 28 0.5 60
67 29 0.5 60
66 29 0.5 60
66 28 0.5 60
66 27 0.5 60
73 27 0.5 60
64 25 0.5 60
66 26 0.5 60
65 26 0.5 60
64 26 0.5 60
65 27 0.5 60
63 25 0.5 60
66 25 0.5 60
59 23 0.5 60
59 21 0.5 60
60 21 0.5 60
60 23 0.5 60
60 22 0.5 60
61 24 0.5 60
61 23 0.5 60
62 23 0.5 60
63 23 0.5 60
63 22 0.5 60
62 21 0.5 60
63 21 0.5 60
64 21 0.5 60
59 24 0.5 60
64 23 0.5 60
65 23 0.5 60
68 23 0.5 60
67 23 0.5 60
66 23 0.5 60
58 20 0.5 60
56 20 0.5 60
57 20 0.5 60
58 21 0.5 60
64 24 0.5 60
56 22 0.5 60
54 21 0.5 60
54 20 0.5 60
54 22 0.5 60
55 21 0.5 60
55 22 0.5 60
56 21 0.5 60
54 17 0.5 60
54 18 0.5 60
54 19 0.5 60
53 22 0.5 60
52 23 0.5 60
52 22 0.5 60
26 57 0.5 39
26 56 0.5 39
24 57 0.5 39
24 58 0.5 39
25 57 0.5 39
23 54 0.5 39
24 56 0.5 39
24 54 0.5 39
24 55 0.5 39
25 62 0.5 39
26 62 0.5 39
24 62 0.5 39
23 63 0.5 39
24 63 0.5 39
25 63 0.5 39
26 60 0.5 39
25 60 0.5 39
24 61 0.5 39
24 60 0.5 39
23 59 0.5 39
23 60 0.5 39
27 62 0.5 39
27 61 0.5 39
27 63 0.5 39
28 62 0.5 39
27 60 0.5 39
28 60 0.5 39
29 63 0.5 39
30 63 0.5 39
28 63 0.5 39
29 62 0.5 39
29 59 0.5 39
28 59 0.5 39
27 57 0.5 39
28 57 0.5 39
28 58 0.5 39
27 58 0.5 39
23 53 0.5 39
22 59 0.5 39
76 38 0.5 65
77 38 0.5 65
77 39 0.5 65
75 37 0.5 65
74 37 0.5 65
75 38 0.5 65
75 36 0.5 65
77 37 0.5 65
78 37 0.5 65
79 37 0.5 65
80 37 0.5 65
81 37 0.5 65
79 38 0.5 65
82 37 0.5 65
82 38 0.5 65
81 38 0.5 65
81 39 0.5 65
83 37 0.5 65
83 36 0.5 65
73 39 0.5 65
73 40 0.5 65
72 40 0.5 65
74 39 0.5 65
75 41 0.5 65
75 40 0.5 65
74 41 0.5 65
73 41 0.5 65
76 41 0.5 65
75 42 0.5 65
73 38 0.5 65
74 38 0.5 65
73 44 0.5 65
74 44 0.5 65
72 44 0.5 65
72 45 0.5 65
72 46 0.5 65
72 47 0.5 65
71 48 0.5 65
71 49 0.5 65
71 47 0.5 65
72 50 0.5 65
71 50 0.5 65
70 46 0.5 65
71 46 0.5 65
72 43 0.5 65
72 42 0.5 65
72 41 0.5 65
71 41 0.5 65
67 55 0.5 65
68 55 0.5 65
68 57 0.5 65
68 56 0.5 65
69 56 0.5 65
66 55 0.5 65
70 56 0.5 65
71 56 0.5 65
72 56 0.5 65
73 53 0.5 65
73 52 0.5 65
73 51 0.5 65
72 51 0.5 65
73 55 0.5 65
72 55 0.5 65
73 54 0.5 65
74 51 0.5 65
36 66 0.5 6
37 66 0.5 6
38 66 0.5 6
38 67 0.5 6
35 66 0.5 6
35 65 0.5 6
83 81 0.5 44
83 82 0.5 44
83 80 0.5 44
85 81 0.5 44
85 82 0.5 44
85 80 0.5 44
84 82 0.5 44
85 79 0.5 44
83 79 0.5 44
84 79 0.5 44
83 77 0.5 44
83 78 0.5 44
84 77 0.5 44
82 79 0.5 44
82 78 0.5 44
85 87 0.5 44
86 87 0.5 44
84 87 0.5 44
84 86 0.5 44
85 88 0.5 44
82 85 0.5 44
83 85 0.5 44
83 84 0.5 44
84 85 0.5 44
83 83 0.5 44
84 83 0.5 44
87 87 0.5 44
80 76 0.5 44
80 75 0.5 44
79 74 0.5 44
80 74 0.5 44
80 77 0.5 44
80 78 0.5 44
79 77 0.5 44
81 78 0.5 44
81 82 0.5 44
81 81 0.5 44
80 81 0.5 44
79 79 0.5 44
80 79 0.5 44
79 80 0.5 44
79 81 0.5 44
78 79 0.5 44
77 79 0.5 44
38 14 0.5 107
38 13 0.5 107
37 13 0.5 107
34 14 0.5 107
34 13 0.5 107
35 13 0.5 107
36 13 0.5 107
33 14 0.5 107
32 14 0.5 107
32 15 0.5 107
32 13 0.5 107
30 16 0.5 107
30 17 0.5 107
32 16 0.5 107
31 16 0.5 107
31 14 0.5 107
29 16 0.5 107
38 15 0.5 107
38 16 0.5 107
33 22 0.5 107
34 21 0.5 107
33 21 0.5 107
32 21 0.5 107
32 17 0.5 107
32 19 0.5 107
32 18 0.5 107
32 20 0.5 107
33 20 0.5 107
31 18 0.5 107
41 20 0.5 107
41 19 0.5 107
39 19 0.5 107
40 19 0.5 107
42 19 0.5 107
39 20 0.5 107
39 21 0.5 107
38 20 0.5 107
39 18 0.5 107
39 17 0.5 107
39 16 0.5 107
41 4 0.5 107
41 5 0.5 107
42 5 0.5 107
39 7 0.5 107
40 7 0.5 107
40 8 0.5 107
41 7 0.5 107
41 6 0.5 107
40 14 0.5 107
40 12 0.5 107
39 13 0.5 107
40 13 0.5 107
40 11 0.5 107
40 10 0.5 107
40 9 0.5 107
30 8 0.5 107
30 7 0.5 107
30 6 0.5 107
29 10 0.5 107
29 8 0.5 107
29 9 0.5 107
28 10 0.5 107
27 10 0.5 107
26 10 0.5 107
33 10 0.5 107
33 11 0.5 107
32 10 0.5 107
32 9 0.5 107
33 12 0.5 107
32 12 0.5 107
31 9 0.5 107
31 8 0.5 107
26 9 0.5 107
26 1 0.5 107
25 1 0.5 107
26 2 0.5 107
25 2 0.5 107
26 0 0.5 107
25 99 0.5 107
25 0 0.5 107
24 99 0.5 107
23 99 0.5 107
26 99 0.5 107
25 98 0.5 107
24 98 0.5 107
23 98 0.5 107
27 1 0.5 107
22 7 0.5 107
22 6 0.5 107
23 5 0.5 107
23 6 0.5 107
24 4 0.5 107
23 4 0.5 107
24 3 0.5 107
25 3 0.5 107
27 4 0.5 107
28 5 0.5 107
27 5 0.5 107
29 5 0.5 107
30 5 0.5 107
26 3 0.5 107
26 4 0.5 107
25 4 0.5 107
43 5 0.5 107
44 5 0.5 107
44 4 0.5 107
44 3 0.5 107
22 45 0.5 39
21 45 0.5 39
21 46 0.5 39
23 46 0.5 39
23 45 0.5 39
24 46 0.5 39
23 47 0.5 39
26 46 0.5 39
26 45 0.5 39
25 46 0.5 39
25 47 0.5 39
25 48 0.5 39
24 47 0.5 39
22 44 0.5 39
21 44 0.5 39
28 42 0.5 39
29 42 0.5 39
27 42 0.5 39
28 41 0.5 39
27 44 0.5 39
27 43 0.5 39
26 44 0.5 39
25 44 0.5 39
33 40 0.5 39
33 41 0.5 39
34 40 0.5 39
30 41 0.5 39
31 41 0.5 39
32 41 0.5 39
30 42 0.5 39
30 43 0.5 39
29 43 0.5 39
32 39 0.5 39
33 39 0.5 39
31 39 0.5 39
31 38 0.5 39
30 38 0.5 39
32 38 0.5 39
20 44 0.5 39
86 0 0.5 60
86 1 0.5 60
85 0 0.5 60
85 99 0.5 60
83 0 0.5 60
84 1 0.5 60
83 1 0.5 60
84 0 0.5 60
85 98 0.5 60
89 1 0.5 60
89 2 0.5 60
88 1 0.5 60
87 1 0.5 60
87 2 0.5 60
93 0 0.5 60
92 0 0.5 60
92 99 0.5 60
91 99 0.5 60
90 99 0.5 60
90 0 0.5 60
89 0 0.5 60
89 98 0.5 60
88 98 0.5 60
87 98 0.5 60
86 98 0.5 60
88 97 0.5 60
88 96 0.5 60
86 97 0.5 60
86 96 0.5 60
88 93 0.5 60
88 94 0.5 60
88 95 0.5 60
87 93 0.5 60
87 92 0.5 60
85 91 0.5 60
86 91 0.5 60
86 93 0.5 60
86 92 0.5 60
95 3 0.5 60
94 3 0.5 60
93 3 0.5 60
97 1 0.5 60
97 2 0.5 60
97 0 0.5 60
98 0 0.5 60
95 2 0.5 60
96 2 0.5 60
98 99 0.5 60
93 2 0.5 60
93 1 0.5 60
98 98 0.5 60
92 2 0.5 60
99 99 0.5 60
0 99 0.5 60
95 4 0.5 60
99 0 0.5 60
91 4 0.5 60
91 3 0.5 60
91 2 0.5 60
95 5 0.5 60
42 47 0.5 16
42 46 0.5 16
42 44 0.5 16
42 45 0.5 16
41 43 0.5 16
41 44 0.5 16
45 43 0.5 16
46 43 0.5 16
46 42 0.5 16
45 44 0.5 16
45 45 0.5 16
46 45 0.5 16
47 45 0.5 16
43 45 0.5 16
44 45 0.5 16
46 41 0.5 16
90 56 0.5 48
91 56 0.5 48
92 56 0.5 48
92 55 0.5 48
89 56 0.5 48
93 55 0.5 48
90 55 0.5 48
87 58 0.5 48
87 57 0.5 48
88 57 0.5 48
87 61 0.5 48
87 59 0.5 48
87 60 0.5 48
88 56 0.5 48
93 54 0.5 48
91 58 0.5 48
91 57 0.5 48
91 59 0.5 48
92 59 0.5 48
93 59 0.5 48
90 58 0.5 48
92 54 0.5 48
92 52 0.5 48
92 53 0.5 48
93 53 0.5 48
90 52 0.5 48
91 52 0.5 48
87 62 0.5 48
87 63 0.5 48
97 54 0.5 48
96 54 0.5 48
95 54 0.5 48
96 53 0.5 48
97 55 0.5 48
94 52 0.5 48
94 53 0.5 48
94 54 0.5 48
98 54 0.5 48
85 64 0.5 48
86 64 0.5 48
87 64 0.5 48
82 65 0.5 48
82 64 0.5 48
82 66 0.5 48
84 65 0.5 48
85 65 0.5 48
83 65 0.5 48
81 64 0.5 48
51 88 0.5 24
50 88 0.5 24
49 87 0.5 24
50 87 0.5 24
50 86 0.5 24
49 83 0.5 24
51 83 0.5 24
51 84 0.5 24
50 83 0.5 24
52 84 0.5 24
51 85 0.5 24
50 85 0.5 24
48 83 0.5 24
45 85 0.5 24
45 86 0.5 24
45 88 0.5 24
45 87 0.5 24
47 88 0.5 24
46 88 0.5 24
47 87 0.5 24
48 86 0.5 24
48 87 0.5 24
44 88 0.5 24
44 87 0.5 24
5 59 0.5 31
4 59 0.5 31
6 60 0.5 31
6 59 0.5 31
1 61 0.5 31
0 61 0.5 31
0 62 0.5 31
1 62 0.5 31
99 62 0.5 31
99 64 0.5 31
99 63 0.5 31
0 65 0.5 31
1 64 0.5 31
0 64 0.5 31
2 61 0.5 31
2 60 0.5 31
2 59 0.5 31
2 64 0.5 31
3 59 0.5 31
3 58 0.5 31
6 55 0.5 31
6 56 0.5 31
6 57 0.5 31
6 58 0.5 31
5 58 0.5 31
4 58 0.5 31
1 66 0.5 31
0 66 0.5 31
98 64 0.5 31
98 65 0.5 31
98 66 0.5 31
62 33 0.5 20
63 33 0.5 20
61 33 0.5 20
59 31 0.5 20
60 31 0.5 20
58 31 0.5 20
61 32 0.5 20
60 32 0.5 20
58 28 0.5 20
58 29 0.5 20
58 30 0.5 20
60 33 0.5 20
64 33 0.5 20
64 32 0.5 20
64 34 0.5 20
57 30 0.5 20
57 31 0.5 20
60 34 0.5 20
58 33 0.5 20
58 32 0.5 20
56 72 0.5 22
55 71 0.5 22
55 70 0.5 22
56 71 0.5 22
54 70 0.5 22
56 73 0.5 22
57 74 0.5 22
56 74 0.5 22
55 69 0.5 22
60 74 0.5 22
59 74 0.5 22
58 74 0.5 22
61 76 0.5 22
60 76 0.5 22
60 75 0.5 22
59 75 0.5 22
57 75 0.5 22
58 75 0.5 22
58 76 0.5 22
56 69 0.5 22
56 68 0.5 22
56 67 0.5 22
81 16 0.5 18
81 17 0.5 18
82 17 0.5 18
82 16 0.5 18
83 17 0.5 18
84 17 0.5 18
84 16 0.5 18
80 15 0.5 18
79 15 0.5 18
79 16 0.5 18
78 15 0.5 18
81 15 0.5 18
77 17 0.5 18
77 16 0.5 18
77 15 0.5 18
76 15 0.5 18
81 13 0.5 18
81 14 0.5 18
61 96 0.5 16
62 96 0.5 16
60 96 0.5 16
59 96 0.5 16
60 97 0.5 16
66 97 0.5 16
66 96 0.5 16
63 97 0.5 16
64 97 0.5 16
65 97 0.5 16
63 96 0.5 16
65 96 0.5 16
67 97 0.5 16
59 97 0.5 16
58 97 0.5 16
57 97 0.5 16
14 7 0.5 45
15 8 0.5 45
14 8 0.5 45
15 9 0.5 45
13 8 0.5 45
12 7 0.5 45
13 7 0.5 45
11 7 0.5 45
11 8 0.5 45
15 4 0.5 45
14 4 0.5 45
15 6 0.5 45
14 6 0.5 45
14 5 0.5 45
15 7 0.5 45
14 3 0.5 45
15 3 0.5 45
16 3 0.5 45
15 2 0.5 45
15 1 0.5 45
14 2 0.5 45
13 1 0.5 45
14 1 0.5 45
12 1 0.5 45
16 7 0.5 45
17 6 0.5 45
17 8 0.5 45
17 7 0.5 45
11 1 0.5 45
11 0 0.5 45
10 0 0.5 45
10 1 0.5 45
9 99 0.5 45
10 99 0.5 45
8 99 0.5 45
15 98 0.5 45
15 99 0.5 45
14 0 0.5 45
15 0 0.5 45
14 98 0.5 45
13 98 0.5 45
13 97 0.5 45
12 98 0.5 45
8 98 0.5 45
15 97 0.5 45
9 91 0.5 8
10 91 0.5 8
9 90 0.5 8
10 90 0.5 8
11 91 0.5 8
11 90 0.5 8
12 90 0.5 8
11 92 0.5 8
86 32 0.5 2
85 32 0.5 2
37 57 0.5 39
38 59 0.5 39
37 58 0.5 39
37 59 0.5 39
44 60 0.5 39
43 60 0.5 39
42 60 0.5 39
41 60 0.5 39
40 60 0.5 39
39 58 0.5 39
40 59 0.5 39
39 59 0.5 39
44 59 0.5 39
44 58 0.5 39
44 57 0.5 39
45 56 0.5 39
45 55 0.5 39
45 57 0.5 39
37 60 0.5 39
44 63 0.5 39
43 63 0.5 39
42 63 0.5 39
42 61 0.5 39
42 62 0.5 39
45 63 0.5 39
44 64 0.5 39
43 64 0.5 39
46 64 0.5 39
46 63 0.5 39
36 56 0.5 39
35 56 0.5 39
37 56 0.5 39
35 58 0.5 39
35 57 0.5 39
34 57 0.5 39
34 56 0.5 39
38 55 0.5 39
38 54 0.5 39
37 55 0.5 39
51 62 0.5 15
51 63 0.5 15
52 63 0.5 15
52 62 0.5 15
50 63 0.5 15
53 63 0.5 15
51 64 0.5 15
51 65 0.5 15
52 65 0.5 15
56 63 0.5 15
56 64 0.5 15
54 63 0.5 15
54 64 0.5 15
55 64 0.5 15
54 65 0.5 15
45 32 0.5 1
91 73 0.5 12
91 72 0.5 12
92 74 0.5 12
91 74 0.5 12
92 68 0.5 12
92 69 0.5 12
92 70 0.5 12
93 68 0.5 12
91 69 0.5 12
91 71 0.5 12
92 71 0.5 12
93 71 0.5 12
0 17 0.5 1
19 79 0.5 2
18 79 0.5 2
29 97 0.5 7
29 98 0.5 7
27 95 0.5 7
27 94 0.5 7
28 97 0.5 7
27 96 0.5 7
28 96 0.5 7
65 78 0.5 2
66 78 0.5 2
41 84 0.5 21
41 83 0.5 21
40 84 0.5 21
40 83 0.5 21
37 84 0.5 21
39 84 0.5 21
38 86 0.5 21
38 85 0.5 21
38 84 0.5 21
38 87 0.5 21
36 83 0.5 21
35 84 0.5 21
35 83 0.5 21
33 83 0.5 21
34 83 0.5 21
36 82 0.5 21
37 82 0.5 21
39 82 0.5 21
38 82 0.5 21
36 81 0.5 21
40 82 0.5 21
0 33 0.5 3
1 32 0.5 3
0 32 0.5 3
29 1 0.5 2
29 0 0.5 2
93 16 0.5 6
93 15 0.5 6
94 16 0.5 6
92 17 0.5 6
93 17 0.5 6
91 17 0.5 6
57 40 0.5 1
19 21 0.5 2
20 21 0.5 2
50 4 0.5 4
49 5 0.5 4
50 5 0.5 4
48 5 0.5 4
98 92 0.5 7
99 91 0.5 7
99 92 0.5 7
98 94 0.5 7
99 94 0.5 7
98 93 0.5 7
0 94 0.5 7
88 42 0.5 1
5 92 0.5 1
30 66 0.5 1
