65 71 0.5 49
67 71 0.5 49
67 72 0.5 49
66 71 0.5 49
65 70 0.5 49
64 71 0.5 49
67 74 0.5 49
68 73 0.5 49
67 73 0.5 49
63 71 0.5 49
63 72 0.5 49
63 74 0.5 49
63 73 0.5 49
62 72 0.5 49
61 69 0.5 49
61 71 0.5 49
61 72 0.5 49
60 72 0.5 49
61 70 0.5 49
60 73 0.5 49
71 71 0.5 49
71 72 0.5 49
71 73 0.5 49
72 73 0.5 49
70 73 0.5 49
69 74 0.5 49
69 73 0.5 49
56 72 0.5 49
55 71 0.5 49
55 70 0.5 49
56 71 0.5 49
54 70 0.5 49
56 73 0.5 49
57 74 0.5 49
56 74 0.5 49
55 69 0.5 49
60 74 0.5 49
59 74 0.5 49
58 74 0.5 49
61 76 0.5 49
60 76 0.5 49
60 75 0.5 49
59 75 0.5 49
57 75 0.5 49
58 75 0.5 49
58 76 0.5 49
56 69 0.5 49
56 68 0.5 49
56 67 0.5 49
0 25 0.5 115
99 25 0.5 115
99 24 0.5 115
5 28 0.5 115
5 29 0.5 115
6 28 0.5 115
4 29 0.5 115
7 28 0.5 115
2 27 0.5 115
2 28 0.5 115
3 28 0.5 115
4 28 0.5 115
1 27 0.5 115
2 29 0.5 115
8 28 0.5 115
9 28 0.5 115
7 27 0.5 115
6 27 0.5 115
11 30 0.5 115
10 30 0.5 115
10 29 0.5 115
10 27 0.5 115
10 28 0.5 115
11 26 0.5 115
11 27 0.5 115
12 31 0.5 115
12 30 0.5 115
2 26 0.5 115
1 26 0.5 115
1 25 0.5 115
15 31 0.5 115
14 31 0.5 115
14 30 0.5 115
13 31 0.5 115
13 32 0.5 115
11 36 0.5 115
11 37 0.5 115
10 40 0.5 115
10 39 0.5 115
10 38 0.5 115
10 37 0.5 115
12 36 0.5 115
12 37 0.5 115
15 33 0.5 115
14 33 0.5 115
15 34 0.5 115
13 33 0.5 115
14 32 0.5 115
16 34 0.5 115
13 34 0.5 115
12 34 0.5 115
12 35 0.5 115
17 35 0.5 115
16 35 0.5 115
16 36 0.5 115
18 35 0.5 115
19 35 0.5 115
20 35 0.5 115
6 30 0.5 115
5 30 0.5 115
6 42 0.5 115
5 42 0.5 115
7 41 0.5 115
8 41 0.5 115
8 42 0.5 115
9 42 0.5 115
7 42 0.5 115
6 41 0.5 115
6 40 0.5 115
6 39 0.5 115
7 39 0.5 115
8 39 0.5 115
9 40 0.5 115
8 40 0.5 115
89 25 0.5 115
89 26 0.5 115
88 27 0.5 115
89 27 0.5 115
87 27 0.5 115
90 27 0.5 115
90 26 0.5 115
88 26 0.5 115
92 26 0.5 115
91 26 0.5 115
87 23 0.5 115
87 24 0.5 115
87 25 0.5 115
87 26 0.5 115
88 23 0.5 115
87 29 0.5 115
87 28 0.5 115
89 29 0.5 115
88 29 0.5 115
90 29 0.5 115
92 30 0.5 115
92 31 0.5 115
93 31 0.5 115
93 29 0.5 115
92 29 0.5 115
91 29 0.5 115
95 28 0.5 115
96 28 0.5 115
97 28 0.5 115
97 27 0.5 115
95 29 0.5 115
94 28 0.5 115
93 28 0.5 115
93 27 0.5 115
99 27 0.5 115
98 27 0.5 115
0 29 0.5 115
1 29 0.5 115
99 30 0.5 115
99 29 0.5 115
99 28 0.5 115
10 75 0.5 40
9 75 0.5 40
9 73 0.5 40
8 73 0.5 40
9 74 0.5 40
7 76 0.5 40
8 76 0.5 40
6 76 0.5 40
9 76 0.5 40
5 76 0.5 40
3 78 0.5 40
5 77 0.5 40
5 78 0.5 40
4 78 0.5 40
5 81 0.5 40
4 81 0.5 40
4 80 0.5 40
4 79 0.5 40
4 82 0.5 40
5 79 0.5 40
6 79 0.5 40
7 79 0.5 40
2 77 0.5 40
3 77 0.5 40
1 77 0.5 40
99 80 0.5 40
0 78 0.5 40
99 78 0.5 40
99 79 0.5 40
0 77 0.5 40
98 81 0.5 40
99 81 0.5 40
99 82 0.5 40
0 82 0.5 40
0 83 0.5 40
98 79 0.5 40
0 84 0.5 40
0 85 0.5 40
99 86 0.5 40
0 86 0.5 40
98 46 0.5 20
99 46 0.5 20
0 46 0.5 20
97 46 0.5 20
4 46 0.5 20
3 46 0.5 20
3 47 0.5 20
2 47 0.5 20
1 46 0.5 20
2 46 0.5 20
1 45 0.5 20
4 47 0.5 20
98 45 0.5 20
4 49 0.5 20
4 48 0.5 20
5 48 0.5 20
99 42 0.5 20
98 43 0.5 20
98 44 0.5 20
99 43 0.5 20
70 30 0.5 60
68 30 0.5 60
69 30 0.5 60
71 30 0.5 60
73 30 0.5 60
72 30 0.5 60
73 29 0.5 60
72 31 0.5 60
72 32 0.5 60
65 30 0.5 60
65 29 0.5 60
67 30 0.5 60
66 30 0.5 60
66 29 0.5 60
66 28 0.5 60
73 28 0.5 60
64 26 0.5 60
66 27 0.5 60
65 27 0.5 60
64 27 0.5 60
65 28 0.5 60
63 26 0.5 60
66 26 0.5 60
59 24 0.5 60
59 22 0.5 60
60 22 0.5 60
60 24 0.5 60
60 23 0.5 60
61 25 0.5 60
61 24 0.5 60
62 24 0.5 60
63 24 0.5 60
63 23 0.5 60
62 22 0.5 60
63 22 0.5 60
64 22 0.5 60
59 25 0.5 60
64 24 0.5 60
65 24 0.5 60
68 24 0.5 60
67 24 0.5 60
66 24 0.5 60
58 21 0.5 60
56 21 0.5 60
57 21 0.5 60
58 22 0.5 60
64 25 0.5 60
56 23 0.5 60
54 22 0.5 60
54 21 0.5 60
54 23 0.5 60
55 22 0.5 60
55 23 0.5 60
56 22 0.5 60
54 18 0.5 60
54 19 0.5 60
54 20 0.5 60
53 23 0.5 60
52 24 0.5 60
52 23 0.5 60
26 58 0.5 39
26 57 0.5 39
24 58 0.5 39
24 59 0.5 39
25 58 0.5 39
23 55 0.5 39
24 57 0.5 39
24 55 0.5 39
24 56 0.5 39
25 63 0.5 39
26 63 0.5 39
24 63 0.5 39
23 64 0.5 39
24 64 0.5 39
25 64 0.5 39
26 61 0.5 39
25 61 0.5 39
24 62 0.5 39
24 61 0.5 39
23 60 0.5 39
23 61 0.5 39
27 63 0.5 39
27 62 0.5 39
27 64 0.5 39
28 63 0.5 39
27 61 0.5 39
28 61 0.5 39
29 64 0.5 39
30 64 0.5 39
28 64 0.5 39
29 63 0.5 39
29 60 0.5 39
28 60 0.5 39
27 58 0.5 39
28 58 0.5 39
28 59 0.5 39
27 59 0.5 39
23 54 0.5 39
22 60 0.5 39
76 39 0.5 65
77 39 0.5 65
77 40 0.5 65
75 38 0.5 65
74 38 0.5 65
75 39 0.5 65
75 37 0.5 65
77 38 0.5 65
78 38 0.5 65
79 38 0.5 65
80 38 0.5 65
81 38 0.5 65
79 39 0.5 65
82 38 0.5 65
82 39 0.5 65
81 39 0.5 65
81 40 0.5 65
83 38 0.5 65
83 37 0.5 65
73 40 0.5 65
73 41 0.5 65
72 41 0.5 65
74 40 0.5 65
75 42 0.5 65
75 41 0.5 65
74 42 0.5 65
73 42 0.5 65
76 42 0.5 65
75 43 0.5 65
73 39 0.5 65
74 39 0.5 65
73 45 0.5 65
74 45 0.5 65
72 45 0.5 65
72 46 0.5 65
72 47 0.5 65
72 48 0.5 65
71 49 0.5 65
71 50 0.5 65
71 48 0.5 65
72 51 0.5 65
71 51 0.5 65
70 47 0.5 65
71 47 0.5 65
72 44 0.5 65
72 43 0.5 65
72 42 0.5 65
71 42 0.5 65
67 56 0.5 65
68 56 0.5 65
68 58 0.5 65
68 57 0.5 65
69 57 0.5 65
66 56 0.5 65
70 57 0.5 65
71 57 0.5 65
72 57 0.5 65
73 54 0.5 65
73 53 0.5 65
73 52 0.5 65
72 52 0.5 65
73 56 0.5 65
72 56 0.5 65
73 55 0.5 65
74 52 0.5 65
37 66 0.5 6
38 66 0.5 6
39 66 0.5 6
39 67 0.5 6
36 66 0.5 6
36 65 0.5 6
84 81 0.5 44
84 82 0.5 44
84 80 0.5 44
86 81 0.5 44
86 82 0.5 44
86 80 0.5 44
85 82 0.5 44
86 79 0.5 44
84 79 0.5 44
85 79 0.5 44
84 77 0.5 44
84 78 0.5 44
85 77 0.5 44
83 79 0.5 44
83 78 0.5 44
86 87 0.5 44
87 87 0.5 44
85 87 0.5 44
85 86 0.5 44
86 88 0.5 44
83 85 0.5 44
84 85 0.5 44
84 84 0.5 44
85 85 0.5 44
84 83 0.5 44
85 83 0.5 44
88 87 0.5 44
81 76 0.5 44
81 75 0.5 44
80 74 0.5 44
81 74 0.5 44
81 77 0.5 44
81 78 0.5 44
80 77 0.5 44
82 78 0.5 44
82 82 0.5 44
82 81 0.5 44
81 81 0.5 44
80 79 0.5 44
81 79 0.5 44
80 80 0.5 44
80 81 0.5 44
79 79 0.5 44
78 79 0.5 44
38 13 0.5 107
38 12 0.5 107
37 12 0.5 107
34 13 0.5 107
34 12 0.5 107
35 12 0.5 107
36 12 0.5 107
33 13 0.5 107
32 13 0.5 107
32 14 0.5 107
32 12 0.5 107
30 15 0.5 107
30 16 0.5 107
32 15 0.5 107
31 15 0.5 107
31 13 0.5 107
29 15 0.5 107
38 14 0.5 107
38 15 0.5 107
33 21 0.5 107
34 20 0.5 107
33 20 0.5 107
32 20 0.5 107
32 16 0.5 107
32 18 0.5 107
32 17 0.5 107
32 19 0.5 107
33 19 0.5 107
31 17 0.5 107
41 19 0.5 107
41 18 0.5 107
39 18 0.5 107
40 18 0.5 107
42 18 0.5 107
39 19 0.5 107
39 20 0.5 107
38 19 0.5 107
39 17 0.5 107
39 16 0.5 107
39 15 0.5 107
41 3 0.5 107
41 4 0.5 107
42 4 0.5 107
39 6 0.5 107
40 6 0.5 107
40 7 0.5 107
41 6 0.5 107
41 5 0.5 107
40 13 0.5 107
40 11 0.5 107
39 12 0.5 107
40 12 0.5 107
40 10 0.5 107
40 9 0.5 107
40 8 0.5 107
30 7 0.5 107
30 6 0.5 107
30 5 0.5 107
29 9 0.5 107
29 7 0.5 107
29 8 0.5 107
28 9 0.5 107
27 9 0.5 107
26 9 0.5 107
33 9 0.5 107
33 10 0.5 107
32 9 0.5 107
32 8 0.5 107
33 11 0.5 107
32 11 0.5 107
31 8 0.5 107
31 7 0.5 107
26 8 0.5 107
26 0 0.5 107
25 0 0.5 107
26 1 0.5 107
25 1 0.5 107
26 99 0.5 107
25 98 0.5 107
25 99 0.5 107
24 98 0.5 107
23 98 0.5 107
26 98 0.5 107
25 97 0.5 107
24 97 0.5 107
23 97 0.5 107
27 0 0.5 107
22 6 0.5 107
22 5 0.5 107
23 4 0.5 107
23 5 0.5 107
24 3 0.5 107
23 3 0.5 107
24 2 0.5 107
25 2 0.5 107
27 3 0.5 107
28 4 0.5 107
27 4 0.5 107
29 4 0.5 107
30 4 0.5 107
26 2 0.5 107
26 3 0.5 107
25 3 0.5 107
43 4 0.5 107
44 4 0.5 107
44 3 0.5 107
44 2 0.5 107
21 45 0.5 39
20 45 0.5 39
20 46 0.5 39
22 46 0.5 39
22 45 0.5 39
23 46 0.5 39
22 47 0.5 39
25 46 0.5 39
25 45 0.5 39
24 46 0.5 39
24 47 0.5 39
24 48 0.5 39
23 47 0.5 39
21 44 0.5 39
20 44 0.5 39
27 42 0.5 39
28 42 0.5 39
26 42 0.5 39
27 41 0.5 39
26 44 0.5 39
26 43 0.5 39
25 44 0.5 39
24 44 0.5 39
32 40 0.5 39
32 41 0.5 39
33 40 0.5 39
29 41 0.5 39
30 41 0.5 39
31 41 0.5 39
29 42 0.5 39
29 43 0.5 39
28 43 0.5 39
31 39 0.5 39
32 39 0.5 39
30 39 0.5 39
30 38 0.5 39
29 38 0.5 39
31 38 0.5 39
19 44 0.5 39
87 0 0.5 60
87 1 0.5 60
86 0 0.5 60
86 99 0.5 60
84 0 0.5 60
85 1 0.5 60
84 1 0.5 60
85 0 0.5 60
86 98 0.5 60
90 1 0.5 60
90 2 0.5 60
89 1 0.5 60
88 1 0.5 60
88 2 0.5 60
94 0 0.5 60
93 0 0.5 60
93 99 0.5 60
92 99 0.5 60
91 99 0.5 60
91 0 0.5 60
90 0 0.5 60
90 98 0.5 60
89 98 0.5 60
88 98 0.5 60
87 98 0.5 60
89 97 0.5 60
89 96 0.5 60
87 97 0.5 60
87 96 0.5 60
89 93 0.5 60
89 94 0.5 60
89 95 0.5 60
88 93 0.5 60
88 92 0.5 60
86 91 0.5 60
87 91 0.5 60
87 93 0.5 60
87 92 0.5 60
96 3 0.5 60
95 3 0.5 60
94 3 0.5 60
98 1 0.5 60
98 2 0.5 60
98 0 0.5 60
99 0 0.5 60
96 2 0.5 60
97 2 0.5 60
99 99 0.5 60
94 2 0.5 60
94 1 0.5 60
99 98 0.5 60
93 2 0.5 60
0 99 0.5 60
1 99 0.5 60
96 4 0.5 60
0 0 0.5 60
92 4 0.5 60
92 3 0.5 60
92 2 0.5 60
96 5 0.5 60
41 47 0.5 16
41 46 0.5 16
41 44 0.5 16
41 45 0.5 16
40 43 0.5 16
40 44 0.5 16
44 43 0.5 16
45 43 0.5 16
45 42 0.5 16
44 44 0.5 16
44 45 0.5 16
45 45 0.5 16
46 45 0.5 16
42 45 0.5 16
43 45 0.5 16
45 41 0.5 16
89 56 0.5 48
90 56 0.5 48
91 56 0.5 48
91 55 0.5 48
88 56 0.5 48
92 55 0.5 48
89 55 0.5 48
86 58 0.5 48
86 57 0.5 48
87 57 0.5 48
86 61 0.5 48
86 59 0.5 48
86 60 0.5 48
87 56 0.5 48
92 54 0.5 48
90 58 0.5 48
90 57 0.5 48
90 59 0.5 48
91 59 0.5 48
92 59 0.5 48
89 58 0.5 48
91 54 0.5 48
91 52 0.5 48
91 53 0.5 48
92 53 0.5 48
89 52 0.5 48
90 52 0.5 48
86 62 0.5 48
86 63 0.5 48
96 54 0.5 48
95 54 0.5 48
94 54 0.5 48
95 53 0.5 48
96 55 0.5 48
93 52 0.5 48
93 53 0.5 48
93 54 0.5 48
97 54 0.5 48
84 64 0.5 48
85 64 0.5 48
86 64 0.5 48
81 65 0.5 48
81 64 0.5 48
81 66 0.5 48
83 65 0.5 48
84 65 0.5 48
82 65 0.5 48
80 64 0.5 48
51 87 0.5 24
50 87 0.5 24
49 86 0.5 24
50 86 0.5 24
50 85 0.5 24
49 82 0.5 24
51 82 0.5 24
51 83 0.5 24
50 82 0.5 24
52 83 0.5 24
51 84 0.5 24
50 84 0.5 24
48 82 0.5 24
45 84 0.5 24
45 85 0.5 24
45 87 0.5 24
45 86 0.5 24
47 87 0.5 24
46 87 0.5 24
47 86 0.5 24
48 85 0.5 24
48 86 0.5 24
44 87 0.5 24
44 86 0.5 24
6 59 0.5 31
5 59 0.5 31
7 60 0.5 31
7 59 0.5 31
2 61 0.5 31
1 61 0.5 31
1 62 0.5 31
2 62 0.5 31
0 62 0.5 31
0 64 0.5 31
0 63 0.5 31
1 65 0.5 31
2 64 0.5 31
1 64 0.5 31
3 61 0.5 31
3 60 0.5 31
3 59 0.5 31
3 64 0.5 31
4 59 0.5 31
4 58 0.5 31
7 55 0.5 31
7 56 0.5 31
7 57 0.5 31
7 58 0.5 31
6 58 0.5 31
5 58 0.5 31
2 66 0.5 31
1 66 0.5 31
99 64 0.5 31
99 65 0.5 31
99 66 0.5 31
62 34 0.5 20
63 34 0.5 20
61 34 0.5 20
59 32 0.5 20
60 32 0.5 20
58 32 0.5 20
61 33 0.5 20
60 33 0.5 20
58 29 0.5 20
58 30 0.5 20
58 31 0.5 20
60 34 0.5 20
64 34 0.5 20
64 33 0.5 20
64 35 0.5 20
57 31 0.5 20
57 32 0.5 20
60 35 0.5 20
58 34 0.5 20
58 33 0.5 20
80 16 0.5 18
80 17 0.5 18
81 17 0.5 18
81 16 0.5 18
82 17 0.5 18
83 17 0.5 18
83 16 0.5 18
79 15 0.5 18
78 15 0.5 18
78 16 0.5 18
77 15 0.5 18
80 15 0.5 18
76 17 0.5 18
76 16 0.5 18
76 15 0.5 18
75 15 0.5 18
80 13 0.5 18
80 14 0.5 18
62 96 0.5 16
63 96 0.5 16
61 96 0.5 16
60 96 0.5 16
61 97 0.5 16
67 97 0.5 16
67 96 0.5 16
64 97 0.5 16
65 97 0.5 16
66 97 0.5 16
64 96 0.5 16
66 96 0.5 16
68 97 0.5 16
60 97 0.5 16
59 97 0.5 16
58 97 0.5 16
15 7 0.5 45
16 8 0.5 45
15 8 0.5 45
16 9 0.5 45
14 8 0.5 45
13 7 0.5 45
14 7 0.5 45
12 7 0.5 45
12 8 0.5 45
16 4 0.5 45
15 4 0.5 45
16 6 0.5 45
15 6 0.5 45
15 5 0.5 45
16 7 0.5 45
15 3 0.5 45
16 3 0.5 45
17 3 0.5 45
16 2 0.5 45
16 1 0.5 45
15 2 0.5 45
14 1 0.5 45
15 1 0.5 45
13 1 0.5 45
17 7 0.5 45
18 6 0.5 45
18 8 0.5 45
18 7 0.5 45
12 1 0.5 45
12 0 0.5 45
11 0 0.5 45
11 1 0.5 45
10 99 0.5 45
11 99 0.5 45
9 99 0.5 45
16 98 0.5 45
16 99 0.5 45
15 0 0.5 45
16 0 0.5 45
15 98 0.5 45
14 98 0.5 45
14 97 0.5 45
13 98 0.5 45
9 98 0.5 45
16 97 0.5 45
9 92 0.5 8
10 92 0.5 8
9 91 0.5 8
10 91 0.5 8
11 92 0.5 8
11 91 0.5 8
12 91 0.5 8
11 93 0.5 8
87 32 0.5 2
86 32 0.5 2
38 57 0.5 39
39 59 0.5 39
38 58 0.5 39
38 59 0.5 39
45 60 0.5 39
44 60 0.5 39
43 60 0.5 39
42 60 0.5 39
41 60 0.5 39
40 58 0.5 39
41 59 0.5 39
40 59 0.5 39
45 59 0.5 39
45 58 0.5 39
45 57 0.5 39
46 56 0.5 39
46 55 0.5 39
46 57 0.5 39
38 60 0.5 39
45 63 0.5 39
44 63 0.5 39
43 63 0.5 39
43 61 0.5 39
43 62 0.5 39
46 63 0.5 39
45 64 0.5 39
44 64 0.5 39
47 64 0.5 39
47 63 0.5 39
37 56 0.5 39
36 56 0.5 39
38 56 0.5 39
36 58 0.5 39
36 57 0.5 39
35 57 0.5 39
35 56 0.5 39
39 55 0.5 39
39 54 0.5 39
38 55 0.5 39
51 61 0.5 15
51 62 0.5 15
52 62 0.5 15
52 61 0.5 15
50 62 0.5 15
53 62 0.5 15
51 63 0.5 15
51 64 0.5 15
52 64 0.5 15
56 62 0.5 15
56 63 0.5 15
54 62 0.5 15
54 63 0.5 15
55 63 0.5 15
54 64 0.5 15
44 32 0.5 1
92 73 0.5 12
92 72 0.5 12
93 74 0.5 12
92 74 0.5 12
93 68 0.5 12
93 69 0.5 12
93 70 0.5 12
94 68 0.5 12
92 69 0.5 12
92 71 0.5 12
93 71 0.5 12
94 71 0.5 12
1 17 0.5 1
18 79 0.5 2
17 79 0.5 2
29 96 0.5 7
29 97 0.5 7
27 94 0.5 7
27 93 0.5 7
28 96 0.5 7
27 95 0.5 7
28 95 0.5 7
65 77 0.5 2
66 77 0.5 2
41 83 0.5 21
41 82 0.5 21
40 83 0.5 21
40 82 0.5 21
37 83 0.5 21
39 83 0.5 21
38 85 0.5 21
38 84 0.5 21
38 83 0.5 21
38 86 0.5 21
36 82 0.5 21
35 83 0.5 21
35 82 0.5 21
33 82 0.5 21
34 82 0.5 21
36 81 0.5 21
37 81 0.5 21
39 81 0.5 21
38 81 0.5 21
36 80 0.5 21
40 81 0.5 21
0 34 0.5 3
1 33 0.5 3
0 33 0.5 3
29 2 0.5 2
29 1 0.5 2
93 15 0.5 6
93 14 0.5 6
94 15 0.5 6
92 16 0.5 6
93 16 0.5 6
91 16 0.5 6
58 40 0.5 1
20 21 0.5 2
21 21 0.5 2
51 4 0.5 4
50 5 0.5 4
51 5 0.5 4
49 5 0.5 4
98 93 0.5 7
99 92 0.5 7
99 93 0.5 7
98 95 0.5 7
99 95 0.5 7
98 94 0.5 7
0 95 0.5 7
88 43 0.5 1
6 92 0.5 1
30 67 0.5 1
