65 70 0.5 49
67 70 0.5 49
67 71 0.5 49
66 70 0.5 49
65 69 0.5 49
64 70 0.5 49
67 73 0.5 49
68 72 0.5 49
67 72 0.5 49
63 70 0.5 49
63 71 0.5 49
63 73 0.5 49
63 72 0.5 49
62 71 0.5 49
61 68 0.5 49
61 70 0.5 49
61 71 0.5 49
60 71 0.5 49
61 69 0.5 49
60 72 0.5 49
71 70 0.5 49
71 71 0.5 49
71 72 0.5 49
72 72 0.5 49
70 72 0.5 49
69 73 0.5 49
69 72 0.5 49
56 71 0.5 49
55 70 0.5 49
55 69 0.5 49
56 70 0.5 49
54 69 0.5 49
56 72 0.5 49
57 73 0.5 49
56 73 0.5 49
55 68 0.5 49
60 73 0.5 49
59 73 0.5 49
58 73 0.5 49
61 75 0.5 49
60 75 0.5 49
60 74 0.5 49
59 74 0.5 49
57 74 0.5 49
58 74 0.5 49
58 75 0.5 49
56 68 0.5 49
56 67 0.5 49
56 66 0.5 49
0 26 0.5 117
99 26 0.5 117
99 25 0.5 117
5 29 0.5 117
5 30 0.5 117
6 29 0.5 117
4 30 0.5 117
7 29 0.5 117
2 28 0.5 117
2 29 0.5 117
3 29 0.5 117
4 29 0.5 117
1 28 0.5 117
2 30 0.5 117
8 29 0.5 117
9 29 0.5 117
7 28 0.5 117
6 28 0.5 117
11 31 0.5 117
10 31 0.5 117
10 30 0.5 117
10 28 0.5 117
10 29 0.5 117
11 27 0.5 117
11 28 0.5 117
12 32 0.5 117
12 31 0.5 117
2 27 0.5 117
1 27 0.5 117
1 26 0.5 117
15 32 0.5 117
14 32 0.5 117
14 31 0.5 117
13 32 0.5 117
13 33 0.5 117
11 37 0.5 117
11 38 0.5 117
10 41 0.5 117
10 40 0.5 117
10 39 0.5 117
10 38 0.5 117
12 37 0.5 117
12 38 0.5 117
15 34 0.5 117
14 34 0.5 117
15 35 0.5 117
13 34 0.5 117
14 33 0.5 117
16 35 0.5 117
13 35 0.5 117
12 35 0.5 117
12 36 0.5 117
17 36 0.5 117
16 36 0.5 117
16 37 0.5 117
18 36 0.5 117
19 36 0.5 117
20 36 0.5 117
6 31 0.5 117
5 31 0.5 117
6 43 0.5 117
5 43 0.5 117
7 42 0.5 117
8 42 0.5 117
8 43 0.5 117
9 43 0.5 117
7 43 0.5 117
6 42 0.5 117
6 41 0.5 117
6 40 0.5 117
7 40 0.5 117
8 40 0.5 117
9 41 0.5 117
8 41 0.5 117
89 26 0.5 117
89 27 0.5 117
88 28 0.5 117
89 28 0.5 117
87 28 0.5 117
90 28 0.5 117
90 27 0.5 117
88 27 0.5 117
92 27 0.5 117
91 27 0.5 117
87 24 0.5 117
87 25 0.5 117
87 26 0.5 117
87 27 0.5 117
88 24 0.5 117
87 30 0.5 117
87 29 0.5 117
89 30 0.5 117
88 30 0.5 117
90 30 0.5 117
92 31 0.5 117
92 32 0.5 117
93 32 0.5 117
93 30 0.5 117
92 30 0.5 117
91 30 0.5 117
95 29 0.5 117
96 29 0.5 117
97 29 0.5 117
97 28 0.5 117
95 30 0.5 117
94 29 0.5 117
93 29 0.5 117
93 28 0.5 117
99 28 0.5 117
98 28 0.5 117
0 30 0.5 117
1 30 0.5 117
99 31 0.5 117
99 30 0.5 117
99 29 0.5 117
87 31 0.5 117
86 31 0.5 117
10 76 0.5 40
9 76 0.5 40
9 74 0.5 40
8 74 0.5 40
9 75 0.5 40
7 77 0.5 40
8 77 0.5 40
6 77 0.5 40
9 77 0.5 40
5 77 0.5 40
3 79 0.5 40
5 78 0.5 40
5 79 0.5 40
4 79 0.5 40
5 82 0.5 40
4 82 0.5 40
4 81 0.5 40
4 80 0.5 40
4 83 0.5 40
5 80 0.5 40
6 80 0.5 40
7 80 0.5 40
2 78 0.5 40
3 78 0.5 40
1 78 0.5 40
99 81 0.5 40
0 79 0.5 40
99 79 0.5 40
99 80 0.5 40
0 78 0.5 40
98 82 0.5 40
99 82 0.5 40
99 83 0.5 40
0 83 0.5 40
0 84 0.5 40
98 80 0.5 40
0 85 0.5 40
0 86 0.5 40
99 87 0.5 40
0 87 0.5 40
99 46 0.5 20
0 46 0.5 20
1 46 0.5 20
98 46 0.5 20
5 46 0.5 20
4 46 0.5 20
4 47 0.5 20
3 47 0.5 20
2 46 0.5 20
3 46 0.5 20
2 45 0.5 20
5 47 0.5 20
99 45 0.5 20
5 49 0.5 20
5 48 0.5 20
6 48 0.5 20
0 42 0.5 20
99 43 0.5 20
99 44 0.5 20
0 43 0.5 20
70 29 0.5 60
68 29 0.5 60
69 29 0.5 60
71 29 0.5 60
73 29 0.5 60
72 29 0.5 60
73 28 0.5 60
72 30 0.5 60
72 31 0.5 60
65 29 0.5 60
65 28 0.5 60
67 29 0.5 60
66 29 0.5 60
66 28 0.5 60
66 27 0.5 60
73 27 0.5 60
64 25 0.5 60
66 26 0.5 60
65 26 0.5 60
64 26 0.5 60
65 27 0.5 60
63 25 0.5 60
66 25 0.5 60
59 23 0.5 60
59 21 0.5 60
60 21 0.5 60
60 23 0.5 60
60 22 0.5 60
61 24 0.5 60
61 23 0.5 60
62 23 0.5 60
63 23 0.5 60
63 22 0.5 60
62 21 0.5 60
63 21 0.5 60
64 21 0.5 60
59 24 0.5 60
64 23 0.5 60
65 23 0.5 60
68 23 0.5 60
67 23 0.5 60
66 23 0.5 60
58 20 0.5 60
56 20 0.5 60
57 20 0.5 60
58 21 0.5 60
64 24 0.5 60
56 22 0.5 60
54 21 0.5 60
54 20 0.5 60
54 22 0.5 60
55 21 0.5 60
55 22 0.5 60
56 21 0.5 60
54 17 0.5 60
54 18 0.5 60
54 19 0.5 60
53 22 0.5 60
52 23 0.5 60
52 22 0.5 60
26 57 0.5 39
26 56 0.5 39
24 57 0.5 39
24 58 0.5 39
25 57 0.5 39
23 54 0.5 39
24 56 0.5 39
24 54 0.5 39
24 55 0.5 39
25 62 0.5 39
26 62 0.5 39
24 62 0.5 39
23 63 0.5 39
24 63 0.5 39
25 63 0.5 39
26 60 0.5 39
25 60 0.5 39
24 61 0.5 39
24 60 0.5 39
23 59 0.5 39
23 60 0.5 39
27 62 0.5 39
27 61 0.5 39
27 63 0.5 39
28 62 0.5 39
27 60 0.5 39
28 60 0.5 39
29 63 0.5 39
30 63 0.5 39
28 63 0.5 39
29 62 0.5 39
29 59 0.5 39
28 59 0.5 39
27 57 0.5 39
28 57 0.5 39
28 58 0.5 39
27 58 0.5 39
23 53 0.5 39
22 59 0.5 39
76 40 0.5 65
77 40 0.5 65
77 41 0.5 65
75 39 0.5 65
74 39 0.5 65
75 40 0.5 65
75 38 0.5 65
77 39 0.5 65
78 39 0.5 65
79 39 0.5 65
80 39 0.5 65
81 39 0.5 65
79 40 0.5 65
82 39 0.5 65
82 40 0.5 65
81 40 0.5 65
81 41 0.5 65
83 39 0.5 65
83 38 0.5 65
73 41 0.5 65
73 42 0.5 65
72 42 0.5 65
74 41 0.5 65
75 43 0.5 65
75 42 0.5 65
74 43 0.5 65
73 43 0.5 65
76 43 0.5 65
75 44 0.5 65
73 40 0.5 65
74 40 0.5 65
73 46 0.5 65
74 46 0.5 65
72 46 0.5 65
72 47 0.5 65
72 48 0.5 65
72 49 0.5 65
71 50 0.5 65
71 51 0.5 65
71 49 0.5 65
72 52 0.5 65
71 52 0.5 65
70 48 0.5 65
71 48 0.5 65
72 45 0.5 65
72 44 0.5 65
72 43 0.5 65
71 43 0.5 65
67 57 0.5 65
68 57 0.5 65
68 59 0.5 65
68 58 0.5 65
69 58 0.5 65
66 57 0.5 65
70 58 0.5 65
71 58 0.5 65
72 58 0.5 65
73 55 0.5 65
73 54 0.5 65
73 53 0.5 65
72 53 0.5 65
73 57 0.5 65
72 57 0.5 65
73 56 0.5 65
74 53 0.5 65
37 65 0.5 6
38 65 0.5 6
39 65 0.5 6
39 66 0.5 6
36 65 0.5 6
36 64 0.5 6
85 81 0.5 44
85 82 0.5 44
85 80 0.5 44
87 81 0.5 44
87 82 0.5 44
87 80 0.5 44
86 82 0.5 44
87 79 0.5 44
85 79 0.5 44
86 79 0.5 44
85 77 0.5 44
85 78 0.5 44
86 77 0.5 44
84 79 0.5 44
84 78 0.5 44
87 87 0.5 44
88 87 0.5 44
86 87 0.5 44
86 86 0.5 44
87 88 0.5 44
84 85 0.5 44
85 85 0.5 44
85 84 0.5 44
86 85 0.5 44
85 83 0.5 44
86 83 0.5 44
89 87 0.5 44
82 76 0.5 44
82 75 0.5 44
81 74 0.5 44
82 74 0.5 44
82 77 0.5 44
82 78 0.5 44
81 77 0.5 44
83 78 0.5 44
83 82 0.5 44
83 81 0.5 44
82 81 0.5 44
81 79 0.5 44
82 79 0.5 44
81 80 0.5 44
81 81 0.5 44
80 79 0.5 44
79 79 0.5 44
38 14 0.5 107
38 13 0.5 107
37 13 0.5 107
34 14 0.5 107
34 13 0.5 107
35 13 0.5 107
36 13 0.5 107
33 14 0.5 107
32 14 0.5 107
32 15 0.5 107
32 13 0.5 107
30 16 0.5 107
30 17 0.5 107
32 16 0.5 107
31 16 0.5 107
31 14 0.5 107
29 16 0.5 107
38 15 0.5 107
38 16 0.5 107
33 22 0.5 107
34 21 0.5 107
33 21 0.5 107
32 21 0.5 107
32 17 0.5 107
32 19 0.5 107
32 18 0.5 107
32 20 0.5 107
33 20 0.5 107
31 18 0.5 107
41 20 0.5 107
41 19 0.5 107
39 19 0.5 107
40 19 0.5 107
42 19 0.5 107
39 20 0.5 107
39 21 0.5 107
38 20 0.5 107
39 18 0.5 107
39 17 0.5 107
39 16 0.5 107
41 4 0.5 107
41 5 0.5 107
42 5 0.5 107
39 7 0.5 107
40 7 0.5 107
40 8 0.5 107
41 7 0.5 107
41 6 0.5 107
40 14 0.5 107
40 12 0.5 107
39 13 0.5 107
40 13 0.5 107
40 11 0.5 107
40 10 0.5 107
40 9 0.5 107
30 8 0.5 107
30 7 0.5 107
30 6 0.5 107
29 10 0.5 107
29 8 0.5 107
29 9 0.5 107
28 10 0.5 107
27 10 0.5 107
26 10 0.5 107
33 10 0.5 107
33 11 0.5 107
32 10 0.5 107
32 9 0.5 107
33 12 0.5 107
32 12 0.5 107
31 9 0.5 107
31 8 0.5 107
26 9 0.5 107
26 1 0.5 107
25 1 0.5 107
26 2 0.5 107
25 2 0.5 107
26 0 0.5 107
25 99 0.5 107
25 0 0.5 107
24 99 0.5 107
23 99 0.5 107
26 99 0.5 107
25 98 0.5 107
24 98 0.5 107
23 98 0.5 107
27 1 0.5 107
22 7 0.5 107
22 6 0.5 107
23 5 0.5 107
23 6 0.5 107
24 4 0.5 107
23 4 0.5 107
24 3 0.5 107
25 3 0.5 107
27 4 0.5 107
28 5 0.5 107
27 5 0.5 107
29 5 0.5 107
30 5 0.5 107
26 3 0.5 107
26 4 0.5 107
25 4 0.5 107
43 5 0.5 107
44 5 0.5 107
44 4 0.5 107
44 3 0.5 107
20 45 0.5 39
19 45 0.5 39
19 46 0.5 39
21 46 0.5 39
21 45 0.5 39
22 46 0.5 39
21 47 0.5 39
24 46 0.5 39
24 45 0.5 39
23 46 0.5 39
23 47 0.5 39
23 48 0.5 39
22 47 0.5 39
20 44 0.5 39
19 44 0.5 39
26 42 0.5 39
27 42 0.5 39
25 42 0.5 39
26 41 0.5 39
25 44 0.5 39
25 43 0.5 39
24 44 0.5 39
23 44 0.5 39
31 40 0.5 39
31 41 0.5 39
32 40 0.5 39
28 41 0.5 39
29 41 0.5 39
30 41 0.5 39
28 42 0.5 39
28 43 0.5 39
27 43 0.5 39
30 39 0.5 39
31 39 0.5 39
29 39 0.5 39
29 38 0.5 39
28 38 0.5 39
30 38 0.5 39
18 44 0.5 39
87 99 0.5 60
87 0 0.5 60
86 99 0.5 60
86 98 0.5 60
84 99 0.5 60
85 0 0.5 60
84 0 0.5 60
85 99 0.5 60
86 97 0.5 60
90 0 0.5 60
90 1 0.5 60
89 0 0.5 60
88 0 0.5 60
88 1 0.5 60
94 99 0.5 60
93 99 0.5 60
93 98 0.5 60
92 98 0.5 60
91 98 0.5 60
91 99 0.5 60
90 99 0.5 60
90 97 0.5 60
89 97 0.5 60
88 97 0.5 60
87 97 0.5 60
89 96 0.5 60
89 95 0.5 60
87 96 0.5 60
87 95 0.5 60
89 92 0.5 60
89 93 0.5 60
89 94 0.5 60
88 92 0.5 60
88 91 0.5 60
86 90 0.5 60
87 90 0.5 60
87 92 0.5 60
87 91 0.5 60
96 2 0.5 60
95 2 0.5 60
94 2 0.5 60
98 0 0.5 60
98 1 0.5 60
98 99 0.5 60
99 99 0.5 60
96 1 0.5 60
97 1 0.5 60
99 98 0.5 60
94 1 0.5 60
94 0 0.5 60
99 97 0.5 60
93 1 0.5 60
0 98 0.5 60
1 98 0.5 60
96 3 0.5 60
0 99 0.5 60
92 3 0.5 60
92 2 0.5 60
92 1 0.5 60
96 4 0.5 60
41 46 0.5 16
41 45 0.5 16
41 43 0.5 16
41 44 0.5 16
40 42 0.5 16
40 43 0.5 16
44 42 0.5 16
45 42 0.5 16
45 41 0.5 16
44 43 0.5 16
44 44 0.5 16
45 44 0.5 16
46 44 0.5 16
42 44 0.5 16
43 44 0.5 16
45 40 0.5 16
90 56 0.5 48
91 56 0.5 48
92 56 0.5 48
92 55 0.5 48
89 56 0.5 48
93 55 0.5 48
90 55 0.5 48
87 58 0.5 48
87 57 0.5 48
88 57 0.5 48
87 61 0.5 48
87 59 0.5 48
87 60 0.5 48
88 56 0.5 48
93 54 0.5 48
91 58 0.5 48
91 57 0.5 48
91 59 0.5 48
92 59 0.5 48
93 59 0.5 48
90 58 0.5 48
92 54 0.5 48
92 52 0.5 48
92 53 0.5 48
93 53 0.5 48
90 52 0.5 48
91 52 0.5 48
87 62 0.5 48
87 63 0.5 48
97 54 0.5 48
96 54 0.5 48
95 54 0.5 48
96 53 0.5 48
97 55 0.5 48
94 52 0.5 48
94 53 0.5 48
94 54 0.5 48
98 54 0.5 48
85 64 0.5 48
86 64 0.5 48
87 64 0.5 48
82 65 0.5 48
82 64 0.5 48
82 66 0.5 48
84 65 0.5 48
85 65 0.5 48
83 65 0.5 48
81 64 0.5 48
52 87 0.5 24
51 87 0.5 24
50 86 0.5 24
51 86 0.5 24
51 85 0.5 24
50 82 0.5 24
52 82 0.5 24
52 83 0.5 24
51 82 0.5 24
53 83 0.5 24
52 84 0.5 24
51 84 0.5 24
49 82 0.5 24
46 84 0.5 24
46 85 0.5 24
46 87 0.5 24
46 86 0.5 24
48 87 0.5 24
47 87 0.5 24
48 86 0.5 24
49 85 0.5 24
49 86 0.5 24
45 87 0.5 24
45 86 0.5 24
7 59 0.5 31
6 59 0.5 31
8 60 0.5 31
8 59 0.5 31
3 61 0.5 31
2 61 0.5 31
2 62 0.5 31
3 62 0.5 31
1 62 0.5 31
1 64 0.5 31
1 63 0.5 31
2 65 0.5 31
3 64 0.5 31
2 64 0.5 31
4 61 0.5 31
4 60 0.5 31
4 59 0.5 31
4 64 0.5 31
5 59 0.5 31
5 58 0.5 31
8 55 0.5 31
8 56 0.5 31
8 57 0.5 31
8 58 0.5 31
7 58 0.5 31
6 58 0.5 31
3 66 0.5 31
2 66 0.5 31
0 64 0.5 31
0 65 0.5 31
0 66 0.5 31
61 34 0.5 20
62 34 0.5 20
60 34 0.5 20
58 32 0.5 20
59 32 0.5 20
57 32 0.5 20
60 33 0.5 20
59 33 0.5 20
57 29 0.5 20
57 30 0.5 20
57 31 0.5 20
59 34 0.5 20
63 34 0.5 20
63 33 0.5 20
63 35 0.5 20
56 31 0.5 20
56 32 0.5 20
59 35 0.5 20
57 34 0.5 20
57 33 0.5 20
79 16 0.5 18
79 17 0.5 18
80 17 0.5 18
80 16 0.5 18
81 17 0.5 18
82 17 0.5 18
82 16 0.5 18
78 15 0.5 18
77 15 0.5 18
77 16 0.5 18
76 15 0.5 18
79 15 0.5 18
75 17 0.5 18
75 16 0.5 18
75 15 0.5 18
74 15 0.5 18
79 13 0.5 18
79 14 0.5 18
62 95 0.5 16
63 95 0.5 16
61 95 0.5 16
60 95 0.5 16
61 96 0.5 16
67 96 0.5 16
67 95 0.5 16
64 96 0.5 16
65 96 0.5 16
66 96 0.5 16
64 95 0.5 16
66 95 0.5 16
68 96 0.5 16
60 96 0.5 16
59 96 0.5 16
58 96 0.5 16
15 6 0.5 45
16 7 0.5 45
15 7 0.5 45
16 8 0.5 45
14 7 0.5 45
13 6 0.5 45
14 6 0.5 45
12 6 0.5 45
12 7 0.5 45
16 3 0.5 45
15 3 0.5 45
16 5 0.5 45
15 5 0.5 45
15 4 0.5 45
16 6 0.5 45
15 2 0.5 45
16 2 0.5 45
17 2 0.5 45
16 1 0.5 45
16 0 0.5 45
15 1 0.5 45
14 0 0.5 45
15 0 0.5 45
13 0 0.5 45
17 6 0.5 45
18 5 0.5 45
18 7 0.5 45
18 6 0.5 45
12 0 0.5 45
12 99 0.5 45
11 99 0.5 45
11 0 0.5 45
10 98 0.5 45
11 98 0.5 45
9 98 0.5 45
16 97 0.5 45
16 98 0.5 45
15 99 0.5 45
16 99 0.5 45
15 97 0.5 45
14 97 0.5 45
14 96 0.5 45
13 97 0.5 45
9 97 0.5 45
16 96 0.5 45
9 93 0.5 8
10 93 0.5 8
9 92 0.5 8
10 92 0.5 8
11 93 0.5 8
11 92 0.5 8
12 92 0.5 8
11 94 0.5 8
38 57 0.5 39
39 59 0.5 39
38 58 0.5 39
38 59 0.5 39
45 60 0.5 39
44 60 0.5 39
43 60 0.5 39
42 60 0.5 39
41 60 0.5 39
40 58 0.5 39
41 59 0.5 39
40 59 0.5 39
45 59 0.5 39
45 58 0.5 39
45 57 0.5 39
46 56 0.5 39
46 55 0.5 39
46 57 0.5 39
38 60 0.5 39
45 63 0.5 39
44 63 0.5 39
43 63 0.5 39
43 61 0.5 39
43 62 0.5 39
46 63 0.5 39
45 64 0.5 39
44 64 0.5 39
47 64 0.5 39
47 63 0.5 39
37 56 0.5 39
36 56 0.5 39
38 56 0.5 39
36 58 0.5 39
36 57 0.5 39
35 57 0.5 39
35 56 0.5 39
39 55 0.5 39
39 54 0.5 39
38 55 0.5 39
52 61 0.5 15
52 62 0.5 15
53 62 0.5 15
53 61 0.5 15
51 62 0.5 15
54 62 0.5 15
52 63 0.5 15
52 64 0.5 15
53 64 0.5 15
57 62 0.5 15
57 63 0.5 15
55 62 0.5 15
55 63 0.5 15
56 63 0.5 15
55 64 0.5 15
44 33 0.5 1
92 74 0.5 12
92 73 0.5 12
93 75 0.5 12
92 75 0.5 12
93 69 0.5 12
93 70 0.5 12
93 71 0.5 12
94 69 0.5 12
92 70 0.5 12
92 72 0.5 12
93 72 0.5 12
94 72 0.5 12
2 17 0.5 1
17 79 0.5 2
16 79 0.5 2
30 96 0.5 7
30 97 0.5 7
28 94 0.5 7
28 93 0.5 7
29 96 0.5 7
28 95 0.5 7
29 95 0.5 7
64 77 0.5 2
65 77 0.5 2
41 84 0.5 21
41 83 0.5 21
40 84 0.5 21
40 83 0.5 21
37 84 0.5 21
39 84 0.5 21
38 86 0.5 21
38 85 0.5 21
38 84 0.5 21
38 87 0.5 21
36 83 0.5 21
35 84 0.5 21
35 83 0.5 21
33 83 0.5 21
34 83 0.5 21
36 82 0.5 21
37 82 0.5 21
39 82 0.5 21
38 82 0.5 21
36 81 0.5 21
40 82 0.5 21
0 33 0.5 3
1 32 0.5 3
0 32 0.5 3
30 2 0.5 2
30 1 0.5 2
93 14 0.5 6
93 13 0.5 6
94 14 0.5 6
92 15 0.5 6
93 15 0.5 6
91 15 0.5 6
57 40 0.5 1
20 22 0.5 2
21 22 0.5 2
52 4 0.5 4
51 5 0.5 4
52 5 0.5 4
50 5 0.5 4
98 92 0.5 7
99 91 0.5 7
99 92 0.5 7
98 94 0.5 7
99 94 0.5 7
98 93 0.5 7
0 94 0.5 7
87 43 0.5 1
6 93 0.5 1
30 68 0.5 1
