66 70 0.5 49
68 70 0.5 49
68 71 0.5 49
67 70 0.5 49
66 69 0.5 49
65 70 0.5 49
68 73 0.5 49
69 72 0.5 49
68 72 0.5 49
64 70 0.5 49
64 71 0.5 49
64 73 0.5 49
64 72 0.5 49
63 71 0.5 49
62 68 0.5 49
62 70 0.5 49
62 71 0.5 49
61 71 0.5 49
62 69 0.5 49
61 72 0.5 49
72 70 0.5 49
72 71 0.5 49
72 72 0.5 49
73 72 0.5 49
71 72 0.5 49
70 73 0.5 49
70 72 0.5 49
57 71 0.5 49
56 70 0.5 49
56 69 0.5 49
57 70 0.5 49
55 69 0.5 49
57 72 0.5 49
58 73 0.5 49
57 73 0.5 49
56 68 0.5 49
61 73 0.5 49
60 73 0.5 49
59 73 0.5 49
62 75 0.5 49
61 75 0.5 49
61 74 0.5 49
60 74 0.5 49
58 74 0.5 49
59 74 0.5 49
59 75 0.5 49
57 68 0.5 49
57 67 0.5 49
57 66 0.5 49
1 26 0.5 120
0 26 0.5 120
0 25 0.5 120
6 29 0.5 120
6 30 0.5 120
7 29 0.5 120
5 30 0.5 120
8 29 0.5 120
3 28 0.5 120
3 29 0.5 120
4 29 0.5 120
5 29 0.5 120
2 28 0.5 120
3 30 0.5 120
9 29 0.5 120
10 29 0.5 120
8 28 0.5 120
7 28 0.5 120
12 31 0.5 120
11 31 0.5 120
11 30 0.5 120
11 28 0.5 120
11 29 0.5 120
12 27 0.5 120
12 28 0.5 120
13 32 0.5 120
13 31 0.5 120
3 27 0.5 120
2 27 0.5 120
2 26 0.5 120
16 32 0.5 120
15 32 0.5 120
15 31 0.5 120
14 32 0.5 120
14 33 0.5 120
12 37 0.5 120
12 38 0.5 120
11 41 0.5 120
11 40 0.5 120
11 39 0.5 120
11 38 0.5 120
13 37 0.5 120
13 38 0.5 120
16 34 0.5 120
15 34 0.5 120
16 35 0.5 120
14 34 0.5 120
15 33 0.5 120
17 35 0.5 120
14 35 0.5 120
13 35 0.5 120
13 36 0.5 120
18 36 0.5 120
17 36 0.5 120
17 37 0.5 120
19 36 0.5 120
20 36 0.5 120
21 36 0.5 120
7 31 0.5 120
6 31 0.5 120
7 43 0.5 120
6 43 0.5 120
8 42 0.5 120
9 42 0.5 120
9 43 0.5 120
10 43 0.5 120
8 43 0.5 120
7 42 0.5 120
7 41 0.5 120
7 40 0.5 120
8 40 0.5 120
9 40 0.5 120
10 41 0.5 120
9 41 0.5 120
90 26 0.5 120
90 27 0.5 120
89 28 0.5 120
90 28 0.5 120
88 28 0.5 120
91 28 0.5 120
91 27 0.5 120
89 27 0.5 120
93 27 0.5 120
92 27 0.5 120
88 24 0.5 120
88 25 0.5 120
88 26 0.5 120
88 27 0.5 120
89 24 0.5 120
88 30 0.5 120
88 29 0.5 120
90 30 0.5 120
89 30 0.5 120
91 30 0.5 120
93 31 0.5 120
93 32 0.5 120
94 32 0.5 120
94 30 0.5 120
93 30 0.5 120
92 30 0.5 120
96 29 0.5 120
97 29 0.5 120
98 29 0.5 120
98 28 0.5 120
96 30 0.5 120
95 29 0.5 120
94 29 0.5 120
94 28 0.5 120
0 28 0.5 120
99 28 0.5 120
1 30 0.5 120
2 30 0.5 120
0 31 0.5 120
0 30 0.5 120
0 29 0.5 120
88 31 0.5 120
87 31 0.5 120
0 33 0.5 120
1 32 0.5 120
0 32 0.5 120
9 76 0.5 40
8 76 0.5 40
8 74 0.5 40
7 74 0.5 40
8 75 0.5 40
6 77 0.5 40
7 77 0.5 40
5 77 0.5 40
8 77 0.5 40
4 77 0.5 40
2 79 0.5 40
4 78 0.5 40
4 79 0.5 40
3 79 0.5 40
4 82 0.5 40
3 82 0.5 40
3 81 0.5 40
3 80 0.5 40
3 83 0.5 40
4 80 0.5 40
5 80 0.5 40
6 80 0.5 40
1 78 0.5 40
2 78 0.5 40
0 78 0.5 40
98 81 0.5 40
99 79 0.5 40
98 79 0.5 40
98 80 0.5 40
99 78 0.5 40
97 82 0.5 40
98 82 0.5 40
98 83 0.5 40
99 83 0.5 40
99 84 0.5 40
97 80 0.5 40
99 85 0.5 40
99 86 0.5 40
98 87 0.5 40
99 87 0.5 40
99 45 0.5 20
0 45 0.5 20
1 45 0.5 20
98 45 0.5 20
5 45 0.5 20
4 45 0.5 20
4 46 0.5 20
3 46 0.5 20
2 45 0.5 20
3 45 0.5 20
2 44 0.5 20
5 46 0.5 20
99 44 0.5 20
5 48 0.5 20
5 47 0.5 20
6 47 0.5 20
0 41 0.5 20
99 42 0.5 20
99 43 0.5 20
0 42 0.5 20
70 30 0.5 60
68 30 0.5 60
69 30 0.5 60
71 30 0.5 60
73 30 0.5 60
72 30 0.5 60
73 29 0.5 60
72 31 0.5 60
72 32 0.5 60
65 30 0.5 60
65 29 0.5 60
67 30 0.5 60
66 30 0.5 60
66 29 0.5 60
66 28 0.5 60
73 28 0.5 60
64 26 0.5 60
66 27 0.5 60
65 27 0.5 60
64 27 0.5 60
65 28 0.5 60
63 26 0.5 60
66 26 0.5 60
59 24 0.5 60
59 22 0.5 60
60 22 0.5 60
60 24 0.5 60
60 23 0.5 60
61 25 0.5 60
61 24 0.5 60
62 24 0.5 60
63 24 0.5 60
63 23 0.5 60
62 22 0.5 60
63 22 0.5 60
64 22 0.5 60
59 25 0.5 60
64 24 0.5 60
65 24 0.5 60
68 24 0.5 60
67 24 0.5 60
66 24 0.5 60
58 21 0.5 60
56 21 0.5 60
57 21 0.5 60
58 22 0.5 60
64 25 0.5 60
56 23 0.5 60
54 22 0.5 60
54 21 0.5 60
54 23 0.5 60
55 22 0.5 60
55 23 0.5 60
56 22 0.5 60
54 18 0.5 60
54 19 0.5 60
54 20 0.5 60
53 23 0.5 60
52 24 0.5 60
52 23 0.5 60
26 56 0.5 39
26 55 0.5 39
24 56 0.5 39
24 57 0.5 39
25 56 0.5 39
23 53 0.5 39
24 55 0.5 39
24 53 0.5 39
24 54 0.5 39
25 61 0.5 39
26 61 0.5 39
24 61 0.5 39
23 62 0.5 39
24 62 0.5 39
25 62 0.5 39
26 59 0.5 39
25 59 0.5 39
24 60 0.5 39
24 59 0.5 39
23 58 0.5 39
23 59 0.5 39
27 61 0.5 39
27 60 0.5 39
27 62 0.5 39
28 61 0.5 39
27 59 0.5 39
28 59 0.5 39
29 62 0.5 39
30 62 0.5 39
28 62 0.5 39
29 61 0.5 39
29 58 0.5 39
28 58 0.5 39
27 56 0.5 39
28 56 0.5 39
28 57 0.5 39
27 57 0.5 39
23 52 0.5 39
22 58 0.5 39
76 39 0.5 65
77 39 0.5 65
77 40 0.5 65
75 38 0.5 65
74 38 0.5 65
75 39 0.5 65
75 37 0.5 65
77 38 0.5 65
78 38 0.5 65
79 38 0.5 65
80 38 0.5 65
81 38 0.5 65
79 39 0.5 65
82 38 0.5 65
82 39 0.5 65
81 39 0.5 65
81 40 0.5 65
83 38 0.5 65
83 37 0.5 65
73 40 0.5 65
73 41 0.5 65
72 41 0.5 65
74 40 0.5 65
75 42 0.5 65
75 41 0.5 65
74 42 0.5 65
73 42 0.5 65
76 42 0.5 65
75 43 0.5 65
73 39 0.5 65
74 39 0.5 65
73 45 0.5 65
74 45 0.5 65
72 45 0.5 65
72 46 0.5 65
72 47 0.5 65
72 48 0.5 65
71 49 0.5 65
71 50 0.5 65
71 48 0.5 65
72 51 0.5 65
71 51 0.5 65
70 47 0.5 65
71 47 0.5 65
72 44 0.5 65
72 43 0.5 65
72 42 0.5 65
71 42 0.5 65
67 56 0.5 65
68 56 0.5 65
68 58 0.5 65
68 57 0.5 65
69 57 0.5 65
66 56 0.5 65
70 57 0.5 65
71 57 0.5 65
72 57 0.5 65
73 54 0.5 65
73 53 0.5 65
73 52 0.5 65
72 52 0.5 65
73 56 0.5 65
72 56 0.5 65
73 55 0.5 65
74 52 0.5 65
37 66 0.5 6
38 66 0.5 6
39 66 0.5 6
39 67 0.5 6
36 66 0.5 6
36 65 0.5 6
84 81 0.5 44
84 82 0.5 44
84 80 0.5 44
86 81 0.5 44
86 82 0.5 44
86 80 0.5 44
85 82 0.5 44
86 79 0.5 44
84 79 0.5 44
85 79 0.5 44
84 77 0.5 44
84 78 0.5 44
85 77 0.5 44
83 79 0.5 44
83 78 0.5 44
86 87 0.5 44
87 87 0.5 44
85 87 0.5 44
85 86 0.5 44
86 88 0.5 44
83 85 0.5 44
84 85 0.5 44
84 84 0.5 44
85 85 0.5 44
84 83 0.5 44
85 83 0.5 44
88 87 0.5 44
81 76 0.5 44
81 75 0.5 44
80 74 0.5 44
81 74 0.5 44
81 77 0.5 44
81 78 0.5 44
80 77 0.5 44
82 78 0.5 44
82 82 0.5 44
82 81 0.5 44
81 81 0.5 44
80 79 0.5 44
81 79 0.5 44
80 80 0.5 44
80 81 0.5 44
79 79 0.5 44
78 79 0.5 44
39 14 0.5 107
39 13 0.5 107
38 13 0.5 107
35 14 0.5 107
35 13 0.5 107
36 13 0.5 107
37 13 0.5 107
34 14 0.5 107
33 14 0.5 107
33 15 0.5 107
33 13 0.5 107
31 16 0.5 107
31 17 0.5 107
33 16 0.5 107
32 16 0.5 107
32 14 0.5 107
30 16 0.5 107
39 15 0.5 107
39 16 0.5 107
34 22 0.5 107
35 21 0.5 107
34 21 0.5 107
33 21 0.5 107
33 17 0.5 107
33 19 0.5 107
33 18 0.5 107
33 20 0.5 107
34 20 0.5 107
32 18 0.5 107
42 20 0.5 107
42 19 0.5 107
40 19 0.5 107
41 19 0.5 107
43 19 0.5 107
40 20 0.5 107
40 21 0.5 107
39 20 0.5 107
40 18 0.5 107
40 17 0.5 107
40 16 0.5 107
42 4 0.5 107
42 5 0.5 107
43 5 0.5 107
40 7 0.5 107
41 7 0.5 107
41 8 0.5 107
42 7 0.5 107
42 6 0.5 107
41 14 0.5 107
41 12 0.5 107
40 13 0.5 107
41 13 0.5 107
41 11 0.5 107
41 10 0.5 107
41 9 0.5 107
31 8 0.5 107
31 7 0.5 107
31 6 0.5 107
30 10 0.5 107
30 8 0.5 107
30 9 0.5 107
29 10 0.5 107
28 10 0.5 107
27 10 0.5 107
34 10 0.5 107
34 11 0.5 107
33 10 0.5 107
33 9 0.5 107
34 12 0.5 107
33 12 0.5 107
32 9 0.5 107
32 8 0.5 107
27 9 0.5 107
27 1 0.5 107
26 1 0.5 107
27 2 0.5 107
26 2 0.5 107
27 0 0.5 107
26 99 0.5 107
26 0 0.5 107
25 99 0.5 107
24 99 0.5 107
27 99 0.5 107
26 98 0.5 107
25 98 0.5 107
24 98 0.5 107
28 1 0.5 107
23 7 0.5 107
23 6 0.5 107
24 5 0.5 107
24 6 0.5 107
25 4 0.5 107
24 4 0.5 107
25 3 0.5 107
26 3 0.5 107
28 4 0.5 107
29 5 0.5 107
28 5 0.5 107
30 5 0.5 107
31 5 0.5 107
27 3 0.5 107
27 4 0.5 107
26 4 0.5 107
44 5 0.5 107
45 5 0.5 107
45 4 0.5 107
45 3 0.5 107
21 45 0.5 39
20 45 0.5 39
20 46 0.5 39
22 46 0.5 39
22 45 0.5 39
23 46 0.5 39
22 47 0.5 39
25 46 0.5 39
25 45 0.5 39
24 46 0.5 39
24 47 0.5 39
24 48 0.5 39
23 47 0.5 39
21 44 0.5 39
20 44 0.5 39
27 42 0.5 39
28 42 0.5 39
26 42 0.5 39
27 41 0.5 39
26 44 0.5 39
26 43 0.5 39
25 44 0.5 39
24 44 0.5 39
32 40 0.5 39
32 41 0.5 39
33 40 0.5 39
29 41 0.5 39
30 41 0.5 39
31 41 0.5 39
29 42 0.5 39
29 43 0.5 39
28 43 0.5 39
31 39 0.5 39
32 39 0.5 39
30 39 0.5 39
30 38 0.5 39
29 38 0.5 39
31 38 0.5 39
19 44 0.5 39
88 99 0.5 60
88 0 0.5 60
87 99 0.5 60
87 98 0.5 60
85 99 0.5 60
86 0 0.5 60
85 0 0.5 60
86 99 0.5 60
87 97 0.5 60
91 0 0.5 60
91 1 0.5 60
90 0 0.5 60
89 0 0.5 60
89 1 0.5 60
95 99 0.5 60
94 99 0.5 60
94 98 0.5 60
93 98 0.5 60
92 98 0.5 60
92 99 0.5 60
91 99 0.5 60
91 97 0.5 60
90 97 0.5 60
89 97 0.5 60
88 97 0.5 60
90 96 0.5 60
90 95 0.5 60
88 96 0.5 60
88 95 0.5 60
90 92 0.5 60
90 93 0.5 60
90 94 0.5 60
89 92 0.5 60
89 91 0.5 60
87 90 0.5 60
88 90 0.5 60
88 92 0.5 60
88 91 0.5 60
97 2 0.5 60
96 2 0.5 60
95 2 0.5 60
99 0 0.5 60
99 1 0.5 60
99 99 0.5 60
0 99 0.5 60
97 1 0.5 60
98 1 0.5 60
0 98 0.5 60
95 1 0.5 60
95 0 0.5 60
0 97 0.5 60
94 1 0.5 60
1 98 0.5 60
2 98 0.5 60
97 3 0.5 60
1 99 0.5 60
93 3 0.5 60
93 2 0.5 60
93 1 0.5 60
97 4 0.5 60
41 47 0.5 16
41 46 0.5 16
41 44 0.5 16
41 45 0.5 16
40 43 0.5 16
40 44 0.5 16
44 43 0.5 16
45 43 0.5 16
45 42 0.5 16
44 44 0.5 16
44 45 0.5 16
45 45 0.5 16
46 45 0.5 16
42 45 0.5 16
43 45 0.5 16
45 41 0.5 16
91 56 0.5 48
92 56 0.5 48
93 56 0.5 48
93 55 0.5 48
90 56 0.5 48
94 55 0.5 48
91 55 0.5 48
88 58 0.5 48
88 57 0.5 48
89 57 0.5 48
88 61 0.5 48
88 59 0.5 48
88 60 0.5 48
89 56 0.5 48
94 54 0.5 48
92 58 0.5 48
92 57 0.5 48
92 59 0.5 48
93 59 0.5 48
94 59 0.5 48
91 58 0.5 48
93 54 0.5 48
93 52 0.5 48
93 53 0.5 48
94 53 0.5 48
91 52 0.5 48
92 52 0.5 48
88 62 0.5 48
88 63 0.5 48
98 54 0.5 48
97 54 0.5 48
96 54 0.5 48
97 53 0.5 48
98 55 0.5 48
95 52 0.5 48
95 53 0.5 48
95 54 0.5 48
99 54 0.5 48
86 64 0.5 48
87 64 0.5 48
88 64 0.5 48
83 65 0.5 48
83 64 0.5 48
83 66 0.5 48
85 65 0.5 48
86 65 0.5 48
84 65 0.5 48
82 64 0.5 48
51 87 0.5 24
50 87 0.5 24
49 86 0.5 24
50 86 0.5 24
50 85 0.5 24
49 82 0.5 24
51 82 0.5 24
51 83 0.5 24
50 82 0.5 24
52 83 0.5 24
51 84 0.5 24
50 84 0.5 24
48 82 0.5 24
45 84 0.5 24
45 85 0.5 24
45 87 0.5 24
45 86 0.5 24
47 87 0.5 24
46 87 0.5 24
47 86 0.5 24
48 85 0.5 24
48 86 0.5 24
44 87 0.5 24
44 86 0.5 24
8 59 0.5 31
7 59 0.5 31
9 60 0.5 31
9 59 0.5 31
4 61 0.5 31
3 61 0.5 31
3 62 0.5 31
4 62 0.5 31
2 62 0.5 31
2 64 0.5 31
2 63 0.5 31
3 65 0.5 31
4 64 0.5 31
3 64 0.5 31
5 61 0.5 31
5 60 0.5 31
5 59 0.5 31
5 64 0.5 31
6 59 0.5 31
6 58 0.5 31
9 55 0.5 31
9 56 0.5 31
9 57 0.5 31
9 58 0.5 31
8 58 0.5 31
7 58 0.5 31
4 66 0.5 31
3 66 0.5 31
1 64 0.5 31
1 65 0.5 31
1 66 0.5 31
62 34 0.5 20
63 34 0.5 20
61 34 0.5 20
59 32 0.5 20
60 32 0.5 20
58 32 0.5 20
61 33 0.5 20
60 33 0.5 20
58 29 0.5 20
58 30 0.5 20
58 31 0.5 20
60 34 0.5 20
64 34 0.5 20
64 33 0.5 20
64 35 0.5 20
57 31 0.5 20
57 32 0.5 20
60 35 0.5 20
58 34 0.5 20
58 33 0.5 20
79 15 0.5 18
79 16 0.5 18
80 16 0.5 18
80 15 0.5 18
81 16 0.5 18
82 16 0.5 18
82 15 0.5 18
78 14 0.5 18
77 14 0.5 18
77 15 0.5 18
76 14 0.5 18
79 14 0.5 18
75 16 0.5 18
75 15 0.5 18
75 14 0.5 18
74 14 0.5 18
79 12 0.5 18
79 13 0.5 18
62 96 0.5 16
63 96 0.5 16
61 96 0.5 16
60 96 0.5 16
61 97 0.5 16
67 97 0.5 16
67 96 0.5 16
64 97 0.5 16
65 97 0.5 16
66 97 0.5 16
64 96 0.5 16
66 96 0.5 16
68 97 0.5 16
60 97 0.5 16
59 97 0.5 16
58 97 0.5 16
16 6 0.5 45
17 7 0.5 45
16 7 0.5 45
17 8 0.5 45
15 7 0.5 45
14 6 0.5 45
15 6 0.5 45
13 6 0.5 45
13 7 0.5 45
17 3 0.5 45
16 3 0.5 45
17 5 0.5 45
16 5 0.5 45
16 4 0.5 45
17 6 0.5 45
16 2 0.5 45
17 2 0.5 45
18 2 0.5 45
17 1 0.5 45
17 0 0.5 45
16 1 0.5 45
15 0 0.5 45
16 0 0.5 45
14 0 0.5 45
18 6 0.5 45
19 5 0.5 45
19 7 0.5 45
19 6 0.5 45
13 0 0.5 45
13 99 0.5 45
12 99 0.5 45
12 0 0.5 45
11 98 0.5 45
12 98 0.5 45
10 98 0.5 45
17 97 0.5 45
17 98 0.5 45
16 99 0.5 45
17 99 0.5 45
16 97 0.5 45
15 97 0.5 45
15 96 0.5 45
14 97 0.5 45
10 97 0.5 45
17 96 0.5 45
9 92 0.5 8
10 92 0.5 8
9 91 0.5 8
10 91 0.5 8
11 92 0.5 8
11 91 0.5 8
12 91 0.5 8
11 93 0.5 8
38 56 0.5 39
39 58 0.5 39
38 57 0.5 39
38 58 0.5 39
45 59 0.5 39
44 59 0.5 39
43 59 0.5 39
42 59 0.5 39
41 59 0.5 39
40 57 0.5 39
41 58 0.5 39
40 58 0.5 39
45 58 0.5 39
45 57 0.5 39
45 56 0.5 39
46 55 0.5 39
46 54 0.5 39
46 56 0.5 39
38 59 0.5 39
45 62 0.5 39
44 62 0.5 39
43 62 0.5 39
43 60 0.5 39
43 61 0.5 39
46 62 0.5 39
45 63 0.5 39
44 63 0.5 39
47 63 0.5 39
47 62 0.5 39
37 55 0.5 39
36 55 0.5 39
38 55 0.5 39
36 57 0.5 39
36 56 0.5 39
35 56 0.5 39
35 55 0.5 39
39 54 0.5 39
39 53 0.5 39
38 54 0.5 39
51 61 0.5 15
51 62 0.5 15
52 62 0.5 15
52 61 0.5 15
50 62 0.5 15
53 62 0.5 15
51 63 0.5 15
51 64 0.5 15
52 64 0.5 15
56 62 0.5 15
56 63 0.5 15
54 62 0.5 15
54 63 0.5 15
55 63 0.5 15
54 64 0.5 15
44 32 0.5 1
92 75 0.5 12
92 74 0.5 12
93 76 0.5 12
92 76 0.5 12
93 70 0.5 12
93 71 0.5 12
93 72 0.5 12
94 70 0.5 12
92 71 0.5 12
92 73 0.5 12
93 73 0.5 12
94 73 0.5 12
2 18 0.5 1
18 79 0.5 2
17 79 0.5 2
30 95 0.5 7
30 96 0.5 7
28 93 0.5 7
28 92 0.5 7
29 95 0.5 7
28 94 0.5 7
29 94 0.5 7
64 78 0.5 2
65 78 0.5 2
40 84 0.5 21
40 83 0.5 21
39 84 0.5 21
39 83 0.5 21
36 84 0.5 21
38 84 0.5 21
37 86 0.5 21
37 85 0.5 21
37 84 0.5 21
37 87 0.5 21
35 83 0.5 21
34 84 0.5 21
34 83 0.5 21
32 83 0.5 21
33 83 0.5 21
35 82 0.5 21
36 82 0.5 21
38 82 0.5 21
37 82 0.5 21
35 81 0.5 21
39 82 0.5 21
30 3 0.5 2
30 2 0.5 2
94 14 0.5 6
94 13 0.5 6
95 14 0.5 6
93 15 0.5 6
94 15 0.5 6
92 15 0.5 6
57 41 0.5 1
21 22 0.5 2
22 22 0.5 2
53 4 0.5 4
52 5 0.5 4
53 5 0.5 4
51 5 0.5 4
97 92 0.5 7
98 91 0.5 7
98 92 0.5 7
97 94 0.5 7
98 94 0.5 7
97 93 0.5 7
99 94 0.5 7
86 43 0.5 1
7 93 0.5 1
29 68 0.5 1
