66 71 0.5 49
68 71 0.5 49
68 72 0.5 49
67 71 0.5 49
66 70 0.5 49
65 71 0.5 49
68 74 0.5 49
69 73 0.5 49
68 73 0.5 49
64 71 0.5 49
64 72 0.5 49
64 74 0.5 49
64 73 0.5 49
63 72 0.5 49
62 69 0.5 49
62 71 0.5 49
62 72 0.5 49
61 72 0.5 49
62 70 0.5 49
61 73 0.5 49
72 71 0.5 49
72 72 0.5 49
72 73 0.5 49
73 73 0.5 49
71 73 0.5 49
70 74 0.5 49
70 73 0.5 49
57 72 0.5 49
56 71 0.5 49
56 70 0.5 49
57 71 0.5 49
55 70 0.5 49
57 73 0.5 49
58 74 0.5 49
57 74 0.5 49
56 69 0.5 49
61 74 0.5 49
60 74 0.5 49
59 74 0.5 49
62 76 0.5 49
61 76 0.5 49
61 75 0.5 49
60 75 0.5 49
58 75 0.5 49
59 75 0.5 49
59 76 0.5 49
57 69 0.5 49
57 68 0.5 49
57 67 0.5 49
1 25 0.5 120
0 25 0.5 120
0 24 0.5 120
6 28 0.5 120
6 29 0.5 120
7 28 0.5 120
5 29 0.5 120
8 28 0.5 120
3 27 0.5 120
3 28 0.5 120
4 28 0.5 120
5 28 0.5 120
2 27 0.5 120
3 29 0.5 120
9 28 0.5 120
10 28 0.5 120
8 27 0.5 120
7 27 0.5 120
12 30 0.5 120
11 30 0.5 120
11 29 0.5 120
11 27 0.5 120
11 28 0.5 120
12 26 0.5 120
12 27 0.5 120
13 31 0.5 120
13 30 0.5 120
3 26 0.5 120
2 26 0.5 120
2 25 0.5 120
16 31 0.5 120
15 31 0.5 120
15 30 0.5 120
14 31 0.5 120
14 32 0.5 120
12 36 0.5 120
12 37 0.5 120
11 40 0.5 120
11 39 0.5 120
11 38 0.5 120
11 37 0.5 120
13 36 0.5 120
13 37 0.5 120
16 33 0.5 120
15 33 0.5 120
16 34 0.5 120
14 33 0.5 120
15 32 0.5 120
17 34 0.5 120
14 34 0.5 120
13 34 0.5 120
13 35 0.5 120
18 35 0.5 120
17 35 0.5 120
17 36 0.5 120
19 35 0.5 120
20 35 0.5 120
21 35 0.5 120
7 30 0.5 120
6 30 0.5 120
7 42 0.5 120
6 42 0.5 120
8 41 0.5 120
9 41 0.5 120
9 42 0.5 120
10 42 0.5 120
8 42 0.5 120
7 41 0.5 120
7 40 0.5 120
7 39 0.5 120
8 39 0.5 120
9 39 0.5 120
10 40 0.5 120
9 40 0.5 120
90 25 0.5 120
90 26 0.5 120
89 27 0.5 120
90 27 0.5 120
88 27 0.5 120
91 27 0.5 120
91 26 0.5 120
89 26 0.5 120
93 26 0.5 120
92 26 0.5 120
88 23 0.5 120
88 24 0.5 120
88 25 0.5 120
88 26 0.5 120
89 23 0.5 120
88 29 0.5 120
88 28 0.5 120
90 29 0.5 120
89 29 0.5 120
91 29 0.5 120
93 30 0.5 120
93 31 0.5 120
94 31 0.5 120
94 29 0.5 120
93 29 0.5 120
92 29 0.5 120
96 28 0.5 120
97 28 0.5 120
98 28 0.5 120
98 27 0.5 120
96 29 0.5 120
95 28 0.5 120
94 28 0.5 120
94 27 0.5 120
0 27 0.5 120
99 27 0.5 120
1 29 0.5 120
2 29 0.5 120
0 30 0.5 120
0 29 0.5 120
0 28 0.5 120
88 30 0.5 120
87 30 0.5 120
0 32 0.5 120
1 31 0.5 120
0 31 0.5 120
10 76 0.5 40
9 76 0.5 40
9 74 0.5 40
8 74 0.5 40
9 75 0.5 40
7 77 0.5 40
8 77 0.5 40
6 77 0.5 40
9 77 0.5 40
5 77 0.5 40
3 79 0.5 40
5 78 0.5 40
5 79 0.5 40
4 79 0.5 40
5 82 0.5 40
4 82 0.5 40
4 81 0.5 40
4 80 0.5 40
4 83 0.5 40
5 80 0.5 40
6 80 0.5 40
7 80 0.5 40
2 78 0.5 40
3 78 0.5 40
1 78 0.5 40
99 81 0.5 40
0 79 0.5 40
99 79 0.5 40
99 80 0.5 40
0 78 0.5 40
98 82 0.5 40
99 82 0.5 40
99 83 0.5 40
0 83 0.5 40
0 84 0.5 40
98 80 0.5 40
0 85 0.5 40
0 86 0.5 40
99 87 0.5 40
0 87 0.5 40
99 44 0.5 20
0 44 0.5 20
1 44 0.5 20
98 44 0.5 20
5 44 0.5 20
4 44 0.5 20
4 45 0.5 20
3 45 0.5 20
2 44 0.5 20
3 44 0.5 20
2 43 0.5 20
5 45 0.5 20
99 43 0.5 20
5 47 0.5 20
5 46 0.5 20
6 46 0.5 20
0 40 0.5 20
99 41 0.5 20
99 42 0.5 20
0 41 0.5 20
70 29 0.5 60
68 29 0.5 60
69 29 0.5 60
71 29 0.5 60
73 29 0.5 60
72 29 0.5 60
73 28 0.5 60
72 30 0.5 60
72 31 0.5 60
65 29 0.5 60
65 28 0.5 60
67 29 0.5 60
66 29 0.5 60
66 28 0.5 60
66 27 0.5 60
73 27 0.5 60
64 25 0.5 60
66 26 0.5 60
65 26 0.5 60
64 26 0.5 60
65 27 0.5 60
63 25 0.5 60
66 25 0.5 60
59 23 0.5 60
59 21 0.5 60
60 21 0.5 60
60 23 0.5 60
60 22 0.5 60
61 24 0.5 60
61 23 0.5 60
62 23 0.5 60
63 23 0.5 60
63 22 0.5 60
62 21 0.5 60
63 21 0.5 60
64 21 0.5 60
59 24 0.5 60
64 23 0.5 60
65 23 0.5 60
68 23 0.5 60
67 23 0.5 60
66 23 0.5 60
58 20 0.5 60
56 20 0.5 60
57 20 0.5 60
58 21 0.5 60
64 24 0.5 60
56 22 0.5 60
54 21 0.5 60
54 20 0.5 60
54 22 0.5 60
55 21 0.5 60
55 22 0.5 60
56 21 0.5 60
54 17 0.5 60
54 18 0.5 60
54 19 0.5 60
53 22 0.5 60
52 23 0.5 60
52 22 0.5 60
26 55 0.5 39
26 54 0.5 39
24 55 0.5 39
24 56 0.5 39
25 55 0.5 39
23 52 0.5 39
24 54 0.5 39
24 52 0.5 39
24 53 0.5 39
25 60 0.5 39
26 60 0.5 39
24 60 0.5 39
23 61 0.5 39
24 61 0.5 39
25 61 0.5 39
26 58 0.5 39
25 58 0.5 39
24 59 0.5 39
24 58 0.5 39
23 57 0.5 39
23 58 0.5 39
27 60 0.5 39
27 59 0.5 39
27 61 0.5 39
28 60 0.5 39
27 58 0.5 39
28 58 0.5 39
29 61 0.5 39
30 61 0.5 39
28 61 0.5 39
29 60 0.5 39
29 57 0.5 39
28 57 0.5 39
27 55 0.5 39
28 55 0.5 39
28 56 0.5 39
27 56 0.5 39
23 51 0.5 39
22 57 0.5 39
76 40 0.5 65
77 40 0.5 65
77 41 0.5 65
75 39 0.5 65
74 39 0.5 65
75 40 0.5 65
75 38 0.5 65
77 39 0.5 65
78 39 0.5 65
79 39 0.5 65
80 39 0.5 65
81 39 0.5 65
79 40 0.5 65
82 39 0.5 65
82 40 0.5 65
81 40 0.5 65
81 41 0.5 65
83 39 0.5 65
83 38 0.5 65
73 41 0.5 65
73 42 0.5 65
72 42 0.5 65
74 41 0.5 65
75 43 0.5 65
75 42 0.5 65
74 43 0.5 65
73 43 0.5 65
76 43 0.5 65
75 44 0.5 65
73 40 0.5 65
74 40 0.5 65
73 46 0.5 65
74 46 0.5 65
72 46 0.5 65
72 47 0.5 65
72 48 0.5 65
72 49 0.5 65
71 50 0.5 65
71 51 0.5 65
71 49 0.5 65
72 52 0.5 65
71 52 0.5 65
70 48 0.5 65
71 48 0.5 65
72 45 0.5 65
72 44 0.5 65
72 43 0.5 65
71 43 0.5 65
67 57 0.5 65
68 57 0.5 65
68 59 0.5 65
68 58 0.5 65
69 58 0.5 65
66 57 0.5 65
70 58 0.5 65
71 58 0.5 65
72 58 0.5 65
73 55 0.5 65
73 54 0.5 65
73 53 0.5 65
72 53 0.5 65
73 57 0.5 65
72 57 0.5 65
73 56 0.5 65
74 53 0.5 65
38 66 0.5 6
39 66 0.5 6
40 66 0.5 6
40 67 0.5 6
37 66 0.5 6
37 65 0.5 6
84 80 0.5 44
84 81 0.5 44
84 79 0.5 44
86 80 0.5 44
86 81 0.5 44
86 79 0.5 44
85 81 0.5 44
86 78 0.5 44
84 78 0.5 44
85 78 0.5 44
84 76 0.5 44
84 77 0.5 44
85 76 0.5 44
83 78 0.5 44
83 77 0.5 44
86 86 0.5 44
87 86 0.5 44
85 86 0.5 44
85 85 0.5 44
86 87 0.5 44
83 84 0.5 44
84 84 0.5 44
84 83 0.5 44
85 84 0.5 44
84 82 0.5 44
85 82 0.5 44
88 86 0.5 44
81 75 0.5 44
81 74 0.5 44
80 73 0.5 44
81 73 0.5 44
81 76 0.5 44
81 77 0.5 44
80 76 0.5 44
82 77 0.5 44
82 81 0.5 44
82 80 0.5 44
81 80 0.5 44
80 78 0.5 44
81 78 0.5 44
80 79 0.5 44
80 80 0.5 44
79 78 0.5 44
78 78 0.5 44
38 14 0.5 109
38 13 0.5 109
37 13 0.5 109
34 14 0.5 109
34 13 0.5 109
35 13 0.5 109
36 13 0.5 109
33 14 0.5 109
32 14 0.5 109
32 15 0.5 109
32 13 0.5 109
30 16 0.5 109
30 17 0.5 109
32 16 0.5 109
31 16 0.5 109
31 14 0.5 109
29 16 0.5 109
38 15 0.5 109
38 16 0.5 109
33 22 0.5 109
34 21 0.5 109
33 21 0.5 109
32 21 0.5 109
32 17 0.5 109
32 19 0.5 109
32 18 0.5 109
32 20 0.5 109
33 20 0.5 109
31 18 0.5 109
41 20 0.5 109
41 19 0.5 109
39 19 0.5 109
40 19 0.5 109
42 19 0.5 109
39 20 0.5 109
39 21 0.5 109
38 20 0.5 109
39 18 0.5 109
39 17 0.5 109
39 16 0.5 109
41 4 0.5 109
41 5 0.5 109
42 5 0.5 109
39 7 0.5 109
40 7 0.5 109
40 8 0.5 109
41 7 0.5 109
41 6 0.5 109
40 14 0.5 109
40 12 0.5 109
39 13 0.5 109
40 13 0.5 109
40 11 0.5 109
40 10 0.5 109
40 9 0.5 109
30 8 0.5 109
30 7 0.5 109
30 6 0.5 109
29 10 0.5 109
29 8 0.5 109
29 9 0.5 109
28 10 0.5 109
27 10 0.5 109
26 10 0.5 109
33 10 0.5 109
33 11 0.5 109
32 10 0.5 109
32 9 0.5 109
33 12 0.5 109
32 12 0.5 109
31 9 0.5 109
31 8 0.5 109
26 9 0.5 109
26 1 0.5 109
25 1 0.5 109
26 2 0.5 109
25 2 0.5 109
26 0 0.5 109
25 99 0.5 109
25 0 0.5 109
24 99 0.5 109
23 99 0.5 109
26 99 0.5 109
25 98 0.5 109
24 98 0.5 109
23 98 0.5 109
27 1 0.5 109
22 7 0.5 109
22 6 0.5 109
23 5 0.5 109
23 6 0.5 109
24 4 0.5 109
23 4 0.5 109
24 3 0.5 109
25 3 0.5 109
27 4 0.5 109
28 5 0.5 109
27 5 0.5 109
29 5 0.5 109
30 5 0.5 109
26 3 0.5 109
26 4 0.5 109
25 4 0.5 109
43 5 0.5 109
44 5 0.5 109
44 4 0.5 109
44 3 0.5 109
30 4 0.5 109
30 3 0.5 109
22 45 0.5 39
21 45 0.5 39
21 46 0.5 39
23 46 0.5 39
23 45 0.5 39
24 46 0.5 39
23 47 0.5 39
26 46 0.5 39
26 45 0.5 39
25 46 0.5 39
25 47 0.5 39
25 48 0.5 39
24 47 0.5 39
22 44 0.5 39
21 44 0.5 39
28 42 0.5 39
29 42 0.5 39
27 42 0.5 39
28 41 0.5 39
27 44 0.5 39
27 43 0.5 39
26 44 0.5 39
25 44 0.5 39
33 40 0.5 39
33 41 0.5 39
34 40 0.5 39
30 41 0.5 39
31 41 0.5 39
32 41 0.5 39
30 42 0.5 39
30 43 0.5 39
29 43 0.5 39
32 39 0.5 39
33 39 0.5 39
31 39 0.5 39
31 38 0.5 39
30 38 0.5 39
32 38 0.5 39
20 44 0.5 39
87 99 0.5 60
87 0 0.5 60
86 99 0.5 60
86 98 0.5 60
84 99 0.5 60
85 0 0.5 60
84 0 0.5 60
85 99 0.5 60
86 97 0.5 60
90 0 0.5 60
90 1 0.5 60
89 0 0.5 60
88 0 0.5 60
88 1 0.5 60
94 99 0.5 60
93 99 0.5 60
93 98 0.5 60
92 98 0.5 60
91 98 0.5 60
91 99 0.5 60
90 99 0.5 60
90 97 0.5 60
89 97 0.5 60
88 97 0.5 60
87 97 0.5 60
89 96 0.5 60
89 95 0.5 60
87 96 0.5 60
87 95 0.5 60
89 92 0.5 60
89 93 0.5 60
89 94 0.5 60
88 92 0.5 60
88 91 0.5 60
86 90 0.5 60
87 90 0.5 60
87 92 0.5 60
87 91 0.5 60
96 2 0.5 60
95 2 0.5 60
94 2 0.5 60
98 0 0.5 60
98 1 0.5 60
98 99 0.5 60
99 99 0.5 60
96 1 0.5 60
97 1 0.5 60
99 98 0.5 60
94 1 0.5 60
94 0 0.5 60
99 97 0.5 60
93 1 0.5 60
0 98 0.5 60
1 98 0.5 60
96 3 0.5 60
0 99 0.5 60
92 3 0.5 60
92 2 0.5 60
92 1 0.5 60
96 4 0.5 60
41 48 0.5 16
41 47 0.5 16
41 45 0.5 16
41 46 0.5 16
40 44 0.5 16
40 45 0.5 16
44 44 0.5 16
45 44 0.5 16
45 43 0.5 16
44 45 0.5 16
44 46 0.5 16
45 46 0.5 16
46 46 0.5 16
42 46 0.5 16
43 46 0.5 16
45 42 0.5 16
91 55 0.5 48
92 55 0.5 48
93 55 0.5 48
93 54 0.5 48
90 55 0.5 48
94 54 0.5 48
91 54 0.5 48
88 57 0.5 48
88 56 0.5 48
89 56 0.5 48
88 60 0.5 48
88 58 0.5 48
88 59 0.5 48
89 55 0.5 48
94 53 0.5 48
92 57 0.5 48
92 56 0.5 48
92 58 0.5 48
93 58 0.5 48
94 58 0.5 48
91 57 0.5 48
93 53 0.5 48
93 51 0.5 48
93 52 0.5 48
94 52 0.5 48
91 51 0.5 48
92 51 0.5 48
88 61 0.5 48
88 62 0.5 48
98 53 0.5 48
97 53 0.5 48
96 53 0.5 48
97 52 0.5 48
98 54 0.5 48
95 51 0.5 48
95 52 0.5 48
95 53 0.5 48
99 53 0.5 48
86 63 0.5 48
87 63 0.5 48
88 63 0.5 48
83 64 0.5 48
83 63 0.5 48
83 65 0.5 48
85 64 0.5 48
86 64 0.5 48
84 64 0.5 48
82 63 0.5 48
51 88 0.5 24
50 88 0.5 24
49 87 0.5 24
50 87 0.5 24
50 86 0.5 24
49 83 0.5 24
51 83 0.5 24
51 84 0.5 24
50 83 0.5 24
52 84 0.5 24
51 85 0.5 24
50 85 0.5 24
48 83 0.5 24
45 85 0.5 24
45 86 0.5 24
45 88 0.5 24
45 87 0.5 24
47 88 0.5 24
46 88 0.5 24
47 87 0.5 24
48 86 0.5 24
48 87 0.5 24
44 88 0.5 24
44 87 0.5 24
8 58 0.5 31
7 58 0.5 31
9 59 0.5 31
9 58 0.5 31
4 60 0.5 31
3 60 0.5 31
3 61 0.5 31
4 61 0.5 31
2 61 0.5 31
2 63 0.5 31
2 62 0.5 31
3 64 0.5 31
4 63 0.5 31
3 63 0.5 31
5 60 0.5 31
5 59 0.5 31
5 58 0.5 31
5 63 0.5 31
6 58 0.5 31
6 57 0.5 31
9 54 0.5 31
9 55 0.5 31
9 56 0.5 31
9 57 0.5 31
8 57 0.5 31
7 57 0.5 31
4 65 0.5 31
3 65 0.5 31
1 63 0.5 31
1 64 0.5 31
1 65 0.5 31
62 33 0.5 20
63 33 0.5 20
61 33 0.5 20
59 31 0.5 20
60 31 0.5 20
58 31 0.5 20
61 32 0.5 20
60 32 0.5 20
58 28 0.5 20
58 29 0.5 20
58 30 0.5 20
60 33 0.5 20
64 33 0.5 20
64 32 0.5 20
64 34 0.5 20
57 30 0.5 20
57 31 0.5 20
60 34 0.5 20
58 33 0.5 20
58 32 0.5 20
79 14 0.5 18
79 15 0.5 18
80 15 0.5 18
80 14 0.5 18
81 15 0.5 18
82 15 0.5 18
82 14 0.5 18
78 13 0.5 18
77 13 0.5 18
77 14 0.5 18
76 13 0.5 18
79 13 0.5 18
75 15 0.5 18
75 14 0.5 18
75 13 0.5 18
74 13 0.5 18
79 11 0.5 18
79 12 0.5 18
62 95 0.5 16
63 95 0.5 16
61 95 0.5 16
60 95 0.5 16
61 96 0.5 16
67 96 0.5 16
67 95 0.5 16
64 96 0.5 16
65 96 0.5 16
66 96 0.5 16
64 95 0.5 16
66 95 0.5 16
68 96 0.5 16
60 96 0.5 16
59 96 0.5 16
58 96 0.5 16
15 6 0.5 45
16 7 0.5 45
15 7 0.5 45
16 8 0.5 45
14 7 0.5 45
13 6 0.5 45
14 6 0.5 45
12 6 0.5 45
12 7 0.5 45
16 3 0.5 45
15 3 0.5 45
16 5 0.5 45
15 5 0.5 45
15 4 0.5 45
16 6 0.5 45
15 2 0.5 45
16 2 0.5 45
17 2 0.5 45
16 1 0.5 45
16 0 0.5 45
15 1 0.5 45
14 0 0.5 45
15 0 0.5 45
13 0 0.5 45
17 6 0.5 45
18 5 0.5 45
18 7 0.5 45
18 6 0.5 45
12 0 0.5 45
12 99 0.5 45
11 99 0.5 45
11 0 0.5 45
10 98 0.5 45
11 98 0.5 45
9 98 0.5 45
16 97 0.5 45
16 98 0.5 45
15 99 0.5 45
16 99 0.5 45
15 97 0.5 45
14 97 0.5 45
14 96 0.5 45
13 97 0.5 45
9 97 0.5 45
16 96 0.5 45
8 92 0.5 8
9 92 0.5 8
8 91 0.5 8
9 91 0.5 8
10 92 0.5 8
10 91 0.5 8
11 91 0.5 8
10 93 0.5 8
37 56 0.5 39
38 58 0.5 39
37 57 0.5 39
37 58 0.5 39
44 59 0.5 39
43 59 0.5 39
42 59 0.5 39
41 59 0.5 39
40 59 0.5 39
39 57 0.5 39
40 58 0.5 39
39 58 0.5 39
44 58 0.5 39
44 57 0.5 39
44 56 0.5 39
45 55 0.5 39
45 54 0.5 39
45 56 0.5 39
37 59 0.5 39
44 62 0.5 39
43 62 0.5 39
42 62 0.5 39
42 60 0.5 39
42 61 0.5 39
45 62 0.5 39
44 63 0.5 39
43 63 0.5 39
46 63 0.5 39
46 62 0.5 39
36 55 0.5 39
35 55 0.5 39
37 55 0.5 39
35 57 0.5 39
35 56 0.5 39
34 56 0.5 39
34 55 0.5 39
38 54 0.5 39
38 53 0.5 39
37 54 0.5 39
51 60 0.5 15
51 61 0.5 15
52 61 0.5 15
52 60 0.5 15
50 61 0.5 15
53 61 0.5 15
51 62 0.5 15
51 63 0.5 15
52 63 0.5 15
56 61 0.5 15
56 62 0.5 15
54 61 0.5 15
54 62 0.5 15
55 62 0.5 15
54 63 0.5 15
44 31 0.5 1
91 75 0.5 12
91 74 0.5 12
92 76 0.5 12
91 76 0.5 12
92 70 0.5 12
92 71 0.5 12
92 72 0.5 12
93 70 0.5 12
91 71 0.5 12
91 73 0.5 12
92 73 0.5 12
93 73 0.5 12
3 18 0.5 1
19 79 0.5 2
18 79 0.5 2
31 95 0.5 7
31 96 0.5 7
29 93 0.5 7
29 92 0.5 7
30 95 0.5 7
29 94 0.5 7
30 94 0.5 7
65 78 0.5 2
66 78 0.5 2
40 83 0.5 21
40 82 0.5 21
39 83 0.5 21
39 82 0.5 21
36 83 0.5 21
38 83 0.5 21
37 85 0.5 21
37 84 0.5 21
37 83 0.5 21
37 86 0.5 21
35 82 0.5 21
34 83 0.5 21
34 82 0.5 21
32 82 0.5 21
33 82 0.5 21
35 81 0.5 21
36 81 0.5 21
38 81 0.5 21
37 81 0.5 21
35 80 0.5 21
39 81 0.5 21
94 14 0.5 6
94 13 0.5 6
95 14 0.5 6
93 15 0.5 6
94 15 0.5 6
92 15 0.5 6
58 41 0.5 1
21 23 0.5 2
22 23 0.5 2
52 4 0.5 4
51 5 0.5 4
52 5 0.5 4
50 5 0.5 4
97 91 0.5 7
98 90 0.5 7
98 91 0.5 7
97 93 0.5 7
98 93 0.5 7
97 92 0.5 7
99 93 0.5 7
87 43 0.5 1
6 93 0.5 1
28 68 0.5 1
