65 71 0.5 49
67 71 0.5 49
67 72 0.5 49
66 71 0.5 49
65 70 0.5 49
64 71 0.5 49
67 74 0.5 49
68 73 0.5 49
67 73 0.5 49
63 71 0.5 49
63 72 0.5 49
63 74 0.5 49
63 73 0.5 49
62 72 0.5 49
61 69 0.5 49
61 71 0.5 49
61 72 0.5 49
60 72 0.5 49
61 70 0.5 49
60 73 0.5 49
71 71 0.5 49
71 72 0.5 49
71 73 0.5 49
72 73 0.5 49
70 73 0.5 49
69 74 0.5 49
69 73 0.5 49
56 72 0.5 49
55 71 0.5 49
55 70 0.5 49
56 71 0.5 49
54 70 0.5 49
56 73 0.5 49
57 74 0.5 49
56 74 0.5 49
55 69 0.5 49
60 74 0.5 49
59 74 0.5 49
58 74 0.5 49
61 76 0.5 49
60 76 0.5 49
60 75 0.5 49
59 75 0.5 49
57 75 0.5 49
58 75 0.5 49
58 76 0.5 49
56 69 0.5 49
56 68 0.5 49
56 67 0.5 49
1 26 0.5 140
0 26 0.5 140
0 25 0.5 140
6 29 0.5 140
6 30 0.5 140
7 29 0.5 140
5 30 0.5 140
8 29 0.5 140
3 28 0.5 140
3 29 0.5 140
4 29 0.5 140
5 29 0.5 140
2 28 0.5 140
3 30 0.5 140
9 29 0.5 140
10 29 0.5 140
8 28 0.5 140
7 28 0.5 140
12 31 0.5 140
11 31 0.5 140
11 30 0.5 140
11 28 0.5 140
11 29 0.5 140
12 27 0.5 140
12 28 0.5 140
13 32 0.5 140
13 31 0.5 140
3 27 0.5 140
2 27 0.5 140
2 26 0.5 140
16 32 0.5 140
15 32 0.5 140
15 31 0.5 140
14 32 0.5 140
14 33 0.5 140
12 37 0.5 140
12 38 0.5 140
11 41 0.5 140
11 40 0.5 140
11 39 0.5 140
11 38 0.5 140
13 37 0.5 140
13 38 0.5 140
16 34 0.5 140
15 34 0.5 140
16 35 0.5 140
14 34 0.5 140
15 33 0.5 140
17 35 0.5 140
14 35 0.5 140
13 35 0.5 140
13 36 0.5 140
18 36 0.5 140
17 36 0.5 140
17 37 0.5 140
19 36 0.5 140
20 36 0.5 140
21 36 0.5 140
7 31 0.5 140
6 31 0.5 140
7 43 0.5 140
6 43 0.5 140
8 42 0.5 140
9 42 0.5 140
9 43 0.5 140
10 43 0.5 140
8 43 0.5 140
7 42 0.5 140
7 41 0.5 140
7 40 0.5 140
8 40 0.5 140
9 40 0.5 140
10 41 0.5 140
9 41 0.5 140
90 26 0.5 140
90 27 0.5 140
89 28 0.5 140
90 28 0.5 140
88 28 0.5 140
91 28 0.5 140
91 27 0.5 140
89 27 0.5 140
93 27 0.5 140
92 27 0.5 140
88 24 0.5 140
88 25 0.5 140
88 26 0.5 140
88 27 0.5 140
89 24 0.5 140
88 30 0.5 140
88 29 0.5 140
90 30 0.5 140
89 30 0.5 140
91 30 0.5 140
93 31 0.5 140
93 32 0.5 140
94 32 0.5 140
94 30 0.5 140
93 30 0.5 140
92 30 0.5 140
96 29 0.5 140
97 29 0.5 140
98 29 0.5 140
98 28 0.5 140
96 30 0.5 140
95 29 0.5 140
94 29 0.5 140
94 28 0.5 140
0 28 0.5 140
99 28 0.5 140
1 30 0.5 140
2 30 0.5 140
0 31 0.5 140
0 30 0.5 140
0 29 0.5 140
88 31 0.5 140
87 31 0.5 140
0 33 0.5 140
1 32 0.5 140
0 32 0.5 140
99 43 0.5 140
0 43 0.5 140
1 43 0.5 140
98 43 0.5 140
5 43 0.5 140
4 43 0.5 140
4 44 0.5 140
3 44 0.5 140
2 43 0.5 140
3 43 0.5 140
2 42 0.5 140
5 44 0.5 140
99 42 0.5 140
5 46 0.5 140
5 45 0.5 140
6 45 0.5 140
0 39 0.5 140
99 40 0.5 140
99 41 0.5 140
0 40 0.5 140
11 76 0.5 40
10 76 0.5 40
10 74 0.5 40
9 74 0.5 40
10 75 0.5 40
8 77 0.5 40
9 77 0.5 40
7 77 0.5 40
10 77 0.5 40
6 77 0.5 40
4 79 0.5 40
6 78 0.5 40
6 79 0.5 40
5 79 0.5 40
6 82 0.5 40
5 82 0.5 40
5 81 0.5 40
5 80 0.5 40
5 83 0.5 40
6 80 0.5 40
7 80 0.5 40
8 80 0.5 40
3 78 0.5 40
4 78 0.5 40
2 78 0.5 40
0 81 0.5 40
1 79 0.5 40
0 79 0.5 40
0 80 0.5 40
1 78 0.5 40
99 82 0.5 40
0 82 0.5 40
0 83 0.5 40
1 83 0.5 40
1 84 0.5 40
99 80 0.5 40
1 85 0.5 40
1 86 0.5 40
0 87 0.5 40
1 87 0.5 40
70 29 0.5 60
68 29 0.5 60
69 29 0.5 60
71 29 0.5 60
73 29 0.5 60
72 29 0.5 60
73 28 0.5 60
72 30 0.5 60
72 31 0.5 60
65 29 0.5 60
65 28 0.5 60
67 29 0.5 60
66 29 0.5 60
66 28 0.5 60
66 27 0.5 60
73 27 0.5 60
64 25 0.5 60
66 26 0.5 60
65 26 0.5 60
64 26 0.5 60
65 27 0.5 60
63 25 0.5 60
66 25 0.5 60
59 23 0.5 60
59 21 0.5 60
60 21 0.5 60
60 23 0.5 60
60 22 0.5 60
61 24 0.5 60
61 23 0.5 60
62 23 0.5 60
63 23 0.5 60
63 22 0.5 60
62 21 0.5 60
63 21 0.5 60
64 21 0.5 60
59 24 0.5 60
64 23 0.5 60
65 23 0.5 60
68 23 0.5 60
67 23 0.5 60
66 23 0.5 60
58 20 0.5 60
56 20 0.5 60
57 20 0.5 60
58 21 0.5 60
64 24 0.5 60
56 22 0.5 60
54 21 0.5 60
54 20 0.5 60
54 22 0.5 60
55 21 0.5 60
55 22 0.5 60
56 21 0.5 60
54 17 0.5 60
54 18 0.5 60
54 19 0.5 60
53 22 0.5 60
52 23 0.5 60
52 22 0.5 60
25 55 0.5 39
25 54 0.5 39
23 55 0.5 39
23 56 0.5 39
24 55 0.5 39
22 52 0.5 39
23 54 0.5 39
23 52 0.5 39
23 53 0.5 39
24 60 0.5 39
25 60 0.5 39
23 60 0.5 39
22 61 0.5 39
23 61 0.5 39
24 61 0.5 39
25 58 0.5 39
24 58 0.5 39
23 59 0.5 39
23 58 0.5 39
22 57 0.5 39
22 58 0.5 39
26 60 0.5 39
26 59 0.5 39
26 61 0.5 39
27 60 0.5 39
26 58 0.5 39
27 58 0.5 39
28 61 0.5 39
29 61 0.5 39
27 61 0.5 39
28 60 0.5 39
28 57 0.5 39
27 57 0.5 39
26 55 0.5 39
27 55 0.5 39
27 56 0.5 39
26 56 0.5 39
22 51 0.5 39
21 57 0.5 39
77 40 0.5 65
78 40 0.5 65
78 41 0.5 65
76 39 0.5 65
75 39 0.5 65
76 40 0.5 65
76 38 0.5 65
78 39 0.5 65
79 39 0.5 65
80 39 0.5 65
81 39 0.5 65
82 39 0.5 65
80 40 0.5 65
83 39 0.5 65
83 40 0.5 65
82 40 0.5 65
82 41 0.5 65
84 39 0.5 65
84 38 0.5 65
74 41 0.5 65
74 42 0.5 65
73 42 0.5 65
75 41 0.5 65
76 43 0.5 65
76 42 0.5 65
75 43 0.5 65
74 43 0.5 65
77 43 0.5 65
76 44 0.5 65
74 40 0.5 65
75 40 0.5 65
74 46 0.5 65
75 46 0.5 65
73 46 0.5 65
73 47 0.5 65
73 48 0.5 65
73 49 0.5 65
72 50 0.5 65
72 51 0.5 65
72 49 0.5 65
73 52 0.5 65
72 52 0.5 65
71 48 0.5 65
72 48 0.5 65
73 45 0.5 65
73 44 0.5 65
73 43 0.5 65
72 43 0.5 65
68 57 0.5 65
69 57 0.5 65
69 59 0.5 65
69 58 0.5 65
70 58 0.5 65
67 57 0.5 65
71 58 0.5 65
72 58 0.5 65
73 58 0.5 65
74 55 0.5 65
74 54 0.5 65
74 53 0.5 65
73 53 0.5 65
74 57 0.5 65
73 57 0.5 65
74 56 0.5 65
75 53 0.5 65
37 66 0.5 6
38 66 0.5 6
39 66 0.5 6
39 67 0.5 6
36 66 0.5 6
36 65 0.5 6
85 80 0.5 44
85 81 0.5 44
85 79 0.5 44
87 80 0.5 44
87 81 0.5 44
87 79 0.5 44
86 81 0.5 44
87 78 0.5 44
85 78 0.5 44
86 78 0.5 44
85 76 0.5 44
85 77 0.5 44
86 76 0.5 44
84 78 0.5 44
84 77 0.5 44
87 86 0.5 44
88 86 0.5 44
86 86 0.5 44
86 85 0.5 44
87 87 0.5 44
84 84 0.5 44
85 84 0.5 44
85 83 0.5 44
86 84 0.5 44
85 82 0.5 44
86 82 0.5 44
89 86 0.5 44
82 75 0.5 44
82 74 0.5 44
81 73 0.5 44
82 73 0.5 44
82 76 0.5 44
82 77 0.5 44
81 76 0.5 44
83 77 0.5 44
83 81 0.5 44
83 80 0.5 44
82 80 0.5 44
81 78 0.5 44
82 78 0.5 44
81 79 0.5 44
81 80 0.5 44
80 78 0.5 44
79 78 0.5 44
37 14 0.5 109
37 13 0.5 109
36 13 0.5 109
33 14 0.5 109
33 13 0.5 109
34 13 0.5 109
35 13 0.5 109
32 14 0.5 109
31 14 0.5 109
31 15 0.5 109
31 13 0.5 109
29 16 0.5 109
29 17 0.5 109
31 16 0.5 109
30 16 0.5 109
30 14 0.5 109
28 16 0.5 109
37 15 0.5 109
37 16 0.5 109
32 22 0.5 109
33 21 0.5 109
32 21 0.5 109
31 21 0.5 109
31 17 0.5 109
31 19 0.5 109
31 18 0.5 109
31 20 0.5 109
32 20 0.5 109
30 18 0.5 109
40 20 0.5 109
40 19 0.5 109
38 19 0.5 109
39 19 0.5 109
41 19 0.5 109
38 20 0.5 109
38 21 0.5 109
37 20 0.5 109
38 18 0.5 109
38 17 0.5 109
38 16 0.5 109
40 4 0.5 109
40 5 0.5 109
41 5 0.5 109
38 7 0.5 109
39 7 0.5 109
39 8 0.5 109
40 7 0.5 109
40 6 0.5 109
39 14 0.5 109
39 12 0.5 109
38 13 0.5 109
39 13 0.5 109
39 11 0.5 109
39 10 0.5 109
39 9 0.5 109
29 8 0.5 109
29 7 0.5 109
29 6 0.5 109
28 10 0.5 109
28 8 0.5 109
28 9 0.5 109
27 10 0.5 109
26 10 0.5 109
25 10 0.5 109
32 10 0.5 109
32 11 0.5 109
31 10 0.5 109
31 9 0.5 109
32 12 0.5 109
31 12 0.5 109
30 9 0.5 109
30 8 0.5 109
25 9 0.5 109
25 1 0.5 109
24 1 0.5 109
25 2 0.5 109
24 2 0.5 109
25 0 0.5 109
24 99 0.5 109
24 0 0.5 109
23 99 0.5 109
22 99 0.5 109
25 99 0.5 109
24 98 0.5 109
23 98 0.5 109
22 98 0.5 109
26 1 0.5 109
21 7 0.5 109
21 6 0.5 109
22 5 0.5 109
22 6 0.5 109
23 4 0.5 109
22 4 0.5 109
23 3 0.5 109
24 3 0.5 109
26 4 0.5 109
27 5 0.5 109
26 5 0.5 109
28 5 0.5 109
29 5 0.5 109
25 3 0.5 109
25 4 0.5 109
24 4 0.5 109
42 5 0.5 109
43 5 0.5 109
43 4 0.5 109
43 3 0.5 109
29 4 0.5 109
29 3 0.5 109
21 45 0.5 39
20 45 0.5 39
20 46 0.5 39
22 46 0.5 39
22 45 0.5 39
23 46 0.5 39
22 47 0.5 39
25 46 0.5 39
25 45 0.5 39
24 46 0.5 39
24 47 0.5 39
24 48 0.5 39
23 47 0.5 39
21 44 0.5 39
20 44 0.5 39
27 42 0.5 39
28 42 0.5 39
26 42 0.5 39
27 41 0.5 39
26 44 0.5 39
26 43 0.5 39
25 44 0.5 39
24 44 0.5 39
32 40 0.5 39
32 41 0.5 39
33 40 0.5 39
29 41 0.5 39
30 41 0.5 39
31 41 0.5 39
29 42 0.5 39
29 43 0.5 39
28 43 0.5 39
31 39 0.5 39
32 39 0.5 39
30 39 0.5 39
30 38 0.5 39
29 38 0.5 39
31 38 0.5 39
19 44 0.5 39
87 0 0.5 60
87 1 0.5 60
86 0 0.5 60
86 99 0.5 60
84 0 0.5 60
85 1 0.5 60
84 1 0.5 60
85 0 0.5 60
86 98 0.5 60
90 1 0.5 60
90 2 0.5 60
89 1 0.5 60
88 1 0.5 60
88 2 0.5 60
94 0 0.5 60
93 0 0.5 60
93 99 0.5 60
92 99 0.5 60
91 99 0.5 60
91 0 0.5 60
90 0 0.5 60
90 98 0.5 60
89 98 0.5 60
88 98 0.5 60
87 98 0.5 60
89 97 0.5 60
89 96 0.5 60
87 97 0.5 60
87 96 0.5 60
89 93 0.5 60
89 94 0.5 60
89 95 0.5 60
88 93 0.5 60
88 92 0.5 60
86 91 0.5 60
87 91 0.5 60
87 93 0.5 60
87 92 0.5 60
96 3 0.5 60
95 3 0.5 60
94 3 0.5 60
98 1 0.5 60
98 2 0.5 60
98 0 0.5 60
99 0 0.5 60
96 2 0.5 60
97 2 0.5 60
99 99 0.5 60
94 2 0.5 60
94 1 0.5 60
99 98 0.5 60
93 2 0.5 60
0 99 0.5 60
1 99 0.5 60
96 4 0.5 60
0 0 0.5 60
92 4 0.5 60
92 3 0.5 60
92 2 0.5 60
96 5 0.5 60
41 47 0.5 16
41 46 0.5 16
41 44 0.5 16
41 45 0.5 16
40 43 0.5 16
40 44 0.5 16
44 43 0.5 16
45 43 0.5 16
45 42 0.5 16
44 44 0.5 16
44 45 0.5 16
45 45 0.5 16
46 45 0.5 16
42 45 0.5 16
43 45 0.5 16
45 41 0.5 16
91 56 0.5 48
92 56 0.5 48
93 56 0.5 48
93 55 0.5 48
90 56 0.5 48
94 55 0.5 48
91 55 0.5 48
88 58 0.5 48
88 57 0.5 48
89 57 0.5 48
88 61 0.5 48
88 59 0.5 48
88 60 0.5 48
89 56 0.5 48
94 54 0.5 48
92 58 0.5 48
92 57 0.5 48
92 59 0.5 48
93 59 0.5 48
94 59 0.5 48
91 58 0.5 48
93 54 0.5 48
93 52 0.5 48
93 53 0.5 48
94 53 0.5 48
91 52 0.5 48
92 52 0.5 48
88 62 0.5 48
88 63 0.5 48
98 54 0.5 48
97 54 0.5 48
96 54 0.5 48
97 53 0.5 48
98 55 0.5 48
95 52 0.5 48
95 53 0.5 48
95 54 0.5 48
99 54 0.5 48
86 64 0.5 48
87 64 0.5 48
88 64 0.5 48
83 65 0.5 48
83 64 0.5 48
83 66 0.5 48
85 65 0.5 48
86 65 0.5 48
84 65 0.5 48
82 64 0.5 48
52 88 0.5 24
51 88 0.5 24
50 87 0.5 24
51 87 0.5 24
51 86 0.5 24
50 83 0.5 24
52 83 0.5 24
52 84 0.5 24
51 83 0.5 24
53 84 0.5 24
52 85 0.5 24
51 85 0.5 24
49 83 0.5 24
46 85 0.5 24
46 86 0.5 24
46 88 0.5 24
46 87 0.5 24
48 88 0.5 24
47 88 0.5 24
48 87 0.5 24
49 86 0.5 24
49 87 0.5 24
45 88 0.5 24
45 87 0.5 24
7 58 0.5 31
6 58 0.5 31
8 59 0.5 31
8 58 0.5 31
3 60 0.5 31
2 60 0.5 31
2 61 0.5 31
3 61 0.5 31
1 61 0.5 31
1 63 0.5 31
1 62 0.5 31
2 64 0.5 31
3 63 0.5 31
2 63 0.5 31
4 60 0.5 31
4 59 0.5 31
4 58 0.5 31
4 63 0.5 31
5 58 0.5 31
5 57 0.5 31
8 54 0.5 31
8 55 0.5 31
8 56 0.5 31
8 57 0.5 31
7 57 0.5 31
6 57 0.5 31
3 65 0.5 31
2 65 0.5 31
0 63 0.5 31
0 64 0.5 31
0 65 0.5 31
62 32 0.5 20
63 32 0.5 20
61 32 0.5 20
59 30 0.5 20
60 30 0.5 20
58 30 0.5 20
61 31 0.5 20
60 31 0.5 20
58 27 0.5 20
58 28 0.5 20
58 29 0.5 20
60 32 0.5 20
64 32 0.5 20
64 31 0.5 20
64 33 0.5 20
57 29 0.5 20
57 30 0.5 20
60 33 0.5 20
58 32 0.5 20
58 31 0.5 20
78 14 0.5 18
78 15 0.5 18
79 15 0.5 18
79 14 0.5 18
80 15 0.5 18
81 15 0.5 18
81 14 0.5 18
77 13 0.5 18
76 13 0.5 18
76 14 0.5 18
75 13 0.5 18
78 13 0.5 18
74 15 0.5 18
74 14 0.5 18
74 13 0.5 18
73 13 0.5 18
78 11 0.5 18
78 12 0.5 18
62 96 0.5 16
63 96 0.5 16
61 96 0.5 16
60 96 0.5 16
61 97 0.5 16
67 97 0.5 16
67 96 0.5 16
64 97 0.5 16
65 97 0.5 16
66 97 0.5 16
64 96 0.5 16
66 96 0.5 16
68 97 0.5 16
60 97 0.5 16
59 97 0.5 16
58 97 0.5 16
14 6 0.5 45
15 7 0.5 45
14 7 0.5 45
15 8 0.5 45
13 7 0.5 45
12 6 0.5 45
13 6 0.5 45
11 6 0.5 45
11 7 0.5 45
15 3 0.5 45
14 3 0.5 45
15 5 0.5 45
14 5 0.5 45
14 4 0.5 45
15 6 0.5 45
14 2 0.5 45
15 2 0.5 45
16 2 0.5 45
15 1 0.5 45
15 0 0.5 45
14 1 0.5 45
13 0 0.5 45
14 0 0.5 45
12 0 0.5 45
16 6 0.5 45
17 5 0.5 45
17 7 0.5 45
17 6 0.5 45
11 0 0.5 45
11 99 0.5 45
10 99 0.5 45
10 0 0.5 45
9 98 0.5 45
10 98 0.5 45
8 98 0.5 45
15 97 0.5 45
15 98 0.5 45
14 99 0.5 45
15 99 0.5 45
14 97 0.5 45
13 97 0.5 45
13 96 0.5 45
12 97 0.5 45
8 97 0.5 45
15 96 0.5 45
7 92 0.5 8
8 92 0.5 8
7 91 0.5 8
8 91 0.5 8
9 92 0.5 8
9 91 0.5 8
10 91 0.5 8
9 93 0.5 8
37 57 0.5 39
38 59 0.5 39
37 58 0.5 39
37 59 0.5 39
44 60 0.5 39
43 60 0.5 39
42 60 0.5 39
41 60 0.5 39
40 60 0.5 39
39 58 0.5 39
40 59 0.5 39
39 59 0.5 39
44 59 0.5 39
44 58 0.5 39
44 57 0.5 39
45 56 0.5 39
45 55 0.5 39
45 57 0.5 39
37 60 0.5 39
44 63 0.5 39
43 63 0.5 39
42 63 0.5 39
42 61 0.5 39
42 62 0.5 39
45 63 0.5 39
44 64 0.5 39
43 64 0.5 39
46 64 0.5 39
46 63 0.5 39
36 56 0.5 39
35 56 0.5 39
37 56 0.5 39
35 58 0.5 39
35 57 0.5 39
34 57 0.5 39
34 56 0.5 39
38 55 0.5 39
38 54 0.5 39
37 55 0.5 39
50 60 0.5 15
50 61 0.5 15
51 61 0.5 15
51 60 0.5 15
49 61 0.5 15
52 61 0.5 15
50 62 0.5 15
50 63 0.5 15
51 63 0.5 15
55 61 0.5 15
55 62 0.5 15
53 61 0.5 15
53 62 0.5 15
54 62 0.5 15
53 63 0.5 15
45 31 0.5 1
90 75 0.5 12
90 74 0.5 12
91 76 0.5 12
90 76 0.5 12
91 70 0.5 12
91 71 0.5 12
91 72 0.5 12
92 70 0.5 12
90 71 0.5 12
90 73 0.5 12
91 73 0.5 12
92 73 0.5 12
4 18 0.5 1
20 79 0.5 2
19 79 0.5 2
31 94 0.5 7
31 95 0.5 7
29 92 0.5 7
29 91 0.5 7
30 94 0.5 7
29 93 0.5 7
30 93 0.5 7
65 79 0.5 2
66 79 0.5 2
39 83 0.5 21
39 82 0.5 21
38 83 0.5 21
38 82 0.5 21
35 83 0.5 21
37 83 0.5 21
36 85 0.5 21
36 84 0.5 21
36 83 0.5 21
36 86 0.5 21
34 82 0.5 21
33 83 0.5 21
33 82 0.5 21
31 82 0.5 21
32 82 0.5 21
34 81 0.5 21
35 81 0.5 21
37 81 0.5 21
36 81 0.5 21
34 80 0.5 21
38 81 0.5 21
94 13 0.5 6
94 12 0.5 6
95 13 0.5 6
93 14 0.5 6
94 14 0.5 6
92 14 0.5 6
57 41 0.5 1
21 24 0.5 2
22 24 0.5 2
52 5 0.5 4
51 6 0.5 4
52 6 0.5 4
50 6 0.5 4
97 90 0.5 7
98 89 0.5 7
98 90 0.5 7
97 92 0.5 7
98 92 0.5 7
97 91 0.5 7
99 92 0.5 7
88 43 0.5 1
6 94 0.5 1
28 69 0.5 1
