33 20 0.5 5
33 18 0.5 5
33 19 0.5 5
33 17 0.5 5
32 17 0.5 5
79 21 0.5 3
79 20 0.5 3
78 21 0.5 3
60 13 0.5 3
62 13 0.5 3
61 13 0.5 3
39 42 0.5 7
38 42 0.5 7
37 42 0.5 7
38 43 0.5 7
38 44 0.5 7
38 45 0.5 7
39 43 0.5 7
98 65 0.5 4
98 64 0.5 4
98 63 0.5 4
97 63 0.5 4
93 7 0.5 2
92 7 0.5 2
31 86 0.5 9
31 85 0.5 9
31 84 0.5 9
32 84 0.5 9
32 86 0.5 9
31 82 0.5 9
32 82 0.5 9
32 83 0.5 9
30 82 0.5 9
44 21 0.5 3
44 20 0.5 3
45 20 0.5 3
70 47 0.5 11
69 47 0.5 11
70 48 0.5 11
71 47 0.5 11
69 46 0.5 11
68 46 0.5 11
67 46 0.5 11
67 45 0.5 11
70 46 0.5 11
70 49 0.5 11
69 49 0.5 11
51 28 0.5 7
51 27 0.5 7
50 29 0.5 7
51 29 0.5 7
51 30 0.5 7
51 31 0.5 7
50 27 0.5 7
31 40 0.5 7
31 41 0.5 7
31 39 0.5 7
28 41 0.5 7
29 41 0.5 7
30 41 0.5 7
30 42 0.5 7
66 36 0.5 9
67 36 0.5 9
65 36 0.5 9
65 35 0.5 9
67 34 0.5 9
67 35 0.5 9
67 33 0.5 9
66 33 0.5 9
67 32 0.5 9
54 3 0.5 10
54 4 0.5 10
54 6 0.5 10
54 5 0.5 10
53 6 0.5 10
55 4 0.5 10
55 5 0.5 10
55 6 0.5 10
53 2 0.5 10
53 3 0.5 10
50 57 0.5 2
50 58 0.5 2
3 9 0.5 5
1 9 0.5 5
2 9 0.5 5
1 10 0.5 5
1 8 0.5 5
20 60 0.5 3
20 61 0.5 3
19 60 0.5 3
80 43 0.5 2
80 42 0.5 2
13 15 0.5 2
13 16 0.5 2
95 17 0.5 3
96 17 0.5 3
95 18 0.5 3
81 93 0.5 7
82 93 0.5 7
82 92 0.5 7
82 91 0.5 7
83 91 0.5 7
83 94 0.5 7
83 93 0.5 7
45 74 0.5 12
45 78 0.5 12
44 77 0.5 12
45 77 0.5 12
43 78 0.5 12
43 77 0.5 12
43 76 0.5 12
45 76 0.5 12
45 75 0.5 12
46 79 0.5 12
46 78 0.5 12
47 78 0.5 12
18 93 0.5 11
17 93 0.5 11
19 93 0.5 11
19 92 0.5 11
19 91 0.5 11
19 89 0.5 11
19 90 0.5 11
21 90 0.5 11
20 90 0.5 11
22 90 0.5 11
23 90 0.5 11
79 35 0.5 5
80 35 0.5 5
78 35 0.5 5
81 35 0.5 5
80 34 0.5 5
82 8 0.5 5
81 8 0.5 5
79 8 0.5 5
78 8 0.5 5
80 8 0.5 5
58 32 0.5 4
57 32 0.5 4
57 33 0.5 4
58 33 0.5 4
24 74 0.5 7
25 74 0.5 7
25 72 0.5 7
25 73 0.5 7
24 72 0.5 7
23 74 0.5 7
23 73 0.5 7
49 67 0.5 6
49 68 0.5 6
49 69 0.5 6
49 66 0.5 6
50 66 0.5 6
48 67 0.5 6
51 94 0.5 6
51 95 0.5 6
51 96 0.5 6
50 96 0.5 6
50 93 0.5 6
51 93 0.5 6
37 58 0.5 16
38 58 0.5 16
36 58 0.5 16
36 57 0.5 16
35 57 0.5 16
35 58 0.5 16
38 54 0.5 16
38 55 0.5 16
37 56 0.5 16
38 56 0.5 16
36 56 0.5 16
36 54 0.5 16
36 53 0.5 16
37 54 0.5 16
36 52 0.5 16
37 52 0.5 16
48 9 0.5 4
47 9 0.5 4
49 8 0.5 4
48 8 0.5 4
1 14 0.5 8
2 14 0.5 8
2 13 0.5 8
3 14 0.5 8
3 18 0.5 8
3 17 0.5 8
3 16 0.5 8
3 15 0.5 8
38 26 0.5 12
38 25 0.5 12
38 24 0.5 12
37 24 0.5 12
39 24 0.5 12
38 23 0.5 12
37 23 0.5 12
39 25 0.5 12
39 26 0.5 12
40 26 0.5 12
41 26 0.5 12
39 27 0.5 12
88 86 0.5 5
87 86 0.5 5
87 85 0.5 5
87 84 0.5 5
88 85 0.5 5
98 12 0.5 1
12 18 0.5 4
13 18 0.5 4
12 17 0.5 4
11 17 0.5 4
20 6 0.5 1
20 48 0.5 11
17 48 0.5 11
17 49 0.5 11
20 49 0.5 11
19 49 0.5 11
18 49 0.5 11
16 49 0.5 11
18 48 0.5 11
20 51 0.5 11
19 50 0.5 11
19 51 0.5 11
98 28 0.5 4
99 28 0.5 4
97 28 0.5 4
97 29 0.5 4
71 2 0.5 5
70 1 0.5 5
71 1 0.5 5
71 3 0.5 5
70 3 0.5 5
37 8 0.5 3
38 7 0.5 3
38 8 0.5 3
78 57 0.5 2
77 57 0.5 2
21 8 0.5 3
22 8 0.5 3
20 8 0.5 3
26 7 0.5 2
26 6 0.5 2
61 66 0.5 9
60 66 0.5 9
60 65 0.5 9
62 66 0.5 9
62 67 0.5 9
62 65 0.5 9
60 64 0.5 9
63 65 0.5 9
64 65 0.5 9
0 26 0.5 2
0 25 0.5 2
95 52 0.5 15
94 52 0.5 15
93 52 0.5 15
93 53 0.5 15
94 53 0.5 15
95 54 0.5 15
95 53 0.5 15
95 55 0.5 15
96 55 0.5 15
94 57 0.5 15
93 57 0.5 15
95 57 0.5 15
96 57 0.5 15
95 56 0.5 15
92 57 0.5 15
93 91 0.5 12
94 91 0.5 12
92 91 0.5 12
96 91 0.5 12
97 91 0.5 12
98 91 0.5 12
97 90 0.5 12
95 91 0.5 12
97 89 0.5 12
95 92 0.5 12
95 93 0.5 12
95 94 0.5 12
98 69 0.5 9
97 69 0.5 9
97 68 0.5 9
98 71 0.5 9
98 70 0.5 9
98 72 0.5 9
99 71 0.5 9
99 72 0.5 9
99 73 0.5 9
77 70 0.5 2
78 70 0.5 2
17 62 0.5 5
17 60 0.5 5
17 61 0.5 5
18 62 0.5 5
19 62 0.5 5
15 79 0.5 12
14 79 0.5 12
15 80 0.5 12
15 78 0.5 12
15 81 0.5 12
12 79 0.5 12
13 79 0.5 12
15 83 0.5 12
15 84 0.5 12
15 85 0.5 12
14 85 0.5 12
15 82 0.5 12
41 65 0.5 4
40 65 0.5 4
41 64 0.5 4
42 64 0.5 4
95 40 0.5 11
96 40 0.5 11
97 40 0.5 11
96 41 0.5 11
95 41 0.5 11
94 40 0.5 11
98 40 0.5 11
97 39 0.5 11
97 38 0.5 11
97 37 0.5 11
97 36 0.5 11
93 84 0.5 1
61 27 0.5 2
62 27 0.5 2
2 99 0.5 1
22 11 0.5 3
23 11 0.5 3
22 12 0.5 3
24 96 0.5 1
72 75 0.5 3
71 75 0.5 3
72 74 0.5 3
22 78 0.5 5
22 76 0.5 5
22 77 0.5 5
24 77 0.5 5
23 77 0.5 5
72 80 0.5 10
72 81 0.5 10
73 81 0.5 10
72 82 0.5 10
76 81 0.5 10
75 80 0.5 10
76 80 0.5 10
74 81 0.5 10
75 81 0.5 10
77 81 0.5 10
28 57 0.5 4
29 58 0.5 4
28 58 0.5 4
29 59 0.5 4
88 40 0.5 8
86 39 0.5 8
85 39 0.5 8
87 40 0.5 8
87 39 0.5 8
86 38 0.5 8
87 38 0.5 8
89 40 0.5 8
82 34 0.5 4
82 33 0.5 4
83 33 0.5 4
82 32 0.5 4
10 84 0.5 7
7 84 0.5 7
8 84 0.5 7
9 84 0.5 7
6 85 0.5 7
7 85 0.5 7
7 86 0.5 7
36 30 0.5 8
35 30 0.5 8
36 29 0.5 8
34 30 0.5 8
34 29 0.5 8
35 31 0.5 8
33 31 0.5 8
33 30 0.5 8
40 15 0.5 2
41 15 0.5 2
78 53 0.5 12
77 53 0.5 12
77 52 0.5 12
79 49 0.5 12
80 49 0.5 12
76 50 0.5 12
77 50 0.5 12
77 49 0.5 12
77 48 0.5 12
78 49 0.5 12
77 51 0.5 12
75 50 0.5 12
78 64 0.5 18
78 63 0.5 18
78 62 0.5 18
82 66 0.5 18
81 66 0.5 18
80 66 0.5 18
80 67 0.5 18
79 67 0.5 18
82 68 0.5 18
83 67 0.5 18
82 67 0.5 18
83 66 0.5 18
79 65 0.5 18
80 65 0.5 18
78 65 0.5 18
79 66 0.5 18
81 65 0.5 18
81 64 0.5 18
57 81 0.5 10
57 80 0.5 10
58 81 0.5 10
58 82 0.5 10
58 79 0.5 10
58 80 0.5 10
60 78 0.5 10
59 79 0.5 10
60 79 0.5 10
59 82 0.5 10
85 27 0.5 2
85 26 0.5 2
84 59 0.5 1
57 51 0.5 6
57 50 0.5 6
57 49 0.5 6
56 49 0.5 6
56 48 0.5 6
56 47 0.5 6
68 4 0.5 3
68 3 0.5 3
67 4 0.5 3
78 75 0.5 3
78 74 0.5 3
79 74 0.5 3
71 57 0.5 2
72 57 0.5 2
56 90 0.5 2
56 89 0.5 2
90 12 0.5 6
90 13 0.5 6
91 16 0.5 6
91 14 0.5 6
91 15 0.5 6
91 13 0.5 6
81 19 0.5 3
82 19 0.5 3
81 18 0.5 3
40 77 0.5 2
40 78 0.5 2
47 33 0.5 6
47 34 0.5 6
47 35 0.5 6
47 32 0.5 6
46 31 0.5 6
46 32 0.5 6
72 14 0.5 8
73 14 0.5 8
72 15 0.5 8
72 16 0.5 8
72 17 0.5 8
74 13 0.5 8
74 14 0.5 8
73 13 0.5 8
70 99 0.5 1
77 12 0.5 3
78 13 0.5 3
77 13 0.5 3
80 84 0.5 6
79 84 0.5 6
80 83 0.5 6
81 82 0.5 6
80 82 0.5 6
78 84 0.5 6
43 99 0.5 6
42 97 0.5 6
42 96 0.5 6
43 98 0.5 6
43 97 0.5 6
43 96 0.5 6
27 16 0.5 4
27 15 0.5 4
28 17 0.5 4
28 16 0.5 4
31 97 0.5 11
31 98 0.5 11
31 99 0.5 11
31 0 0.5 11
31 1 0.5 11
30 1 0.5 11
29 1 0.5 11
29 2 0.5 11
29 3 0.5 11
29 4 0.5 11
31 2 0.5 11
87 18 0.5 6
86 19 0.5 6
86 18 0.5 6
87 19 0.5 6
88 19 0.5 6
88 18 0.5 6
55 72 0.5 6
56 72 0.5 6
55 73 0.5 6
54 72 0.5 6
57 72 0.5 6
55 74 0.5 6
63 31 0.5 4
64 31 0.5 4
64 29 0.5 4
64 30 0.5 4
87 94 0.5 1
13 70 0.5 4
13 71 0.5 4
14 71 0.5 4
14 72 0.5 4
51 8 0.5 2
51 7 0.5 2
66 18 0.5 5
66 19 0.5 5
66 20 0.5 5
66 21 0.5 5
65 21 0.5 5
90 75 0.5 2
91 75 0.5 2
42 9 0.5 5
43 9 0.5 5
42 10 0.5 5
43 10 0.5 5
42 11 0.5 5
70 35 0.5 2
70 36 0.5 2
57 19 0.5 5
57 20 0.5 5
58 20 0.5 5
59 20 0.5 5
58 19 0.5 5
88 65 0.5 9
89 63 0.5 9
89 64 0.5 9
88 64 0.5 9
89 66 0.5 9
90 66 0.5 9
89 65 0.5 9
91 66 0.5 9
92 66 0.5 9
49 44 0.5 2
49 45 0.5 2
54 65 0.5 3
54 64 0.5 3
54 63 0.5 3
2 45 0.5 5
1 44 0.5 5
1 43 0.5 5
1 45 0.5 5
1 42 0.5 5
29 20 0.5 1
35 62 0.5 4
33 61 0.5 4
34 61 0.5 4
35 61 0.5 4
85 77 0.5 7
86 77 0.5 7
86 78 0.5 7
87 76 0.5 7
87 77 0.5 7
85 78 0.5 7
85 79 0.5 7
68 23 0.5 10
67 23 0.5 10
68 24 0.5 10
73 25 0.5 10
72 25 0.5 10
71 25 0.5 10
69 25 0.5 10
68 25 0.5 10
70 25 0.5 10
74 25 0.5 10
37 70 0.5 19
37 72 0.5 19
37 73 0.5 19
37 71 0.5 19
36 73 0.5 19
36 70 0.5 19
35 67 0.5 19
35 68 0.5 19
36 68 0.5 19
35 70 0.5 19
35 71 0.5 19
35 69 0.5 19
35 73 0.5 19
37 75 0.5 19
36 75 0.5 19
35 75 0.5 19
34 74 0.5 19
34 75 0.5 19
34 73 0.5 19
20 3 0.5 1
14 68 0.5 3
14 69 0.5 3
13 68 0.5 3
8 25 0.5 1
35 4 0.5 2
35 5 0.5 2
31 14 0.5 4
31 13 0.5 4
31 12 0.5 4
31 11 0.5 4
38 0 0.5 3
38 1 0.5 3
39 1 0.5 3
65 49 0.5 2
64 49 0.5 2
43 31 0.5 7
42 32 0.5 7
42 31 0.5 7
42 33 0.5 7
42 34 0.5 7
41 33 0.5 7
40 33 0.5 7
45 50 0.5 2
45 49 0.5 2
90 37 0.5 1
28 94 0.5 4
29 93 0.5 4
29 94 0.5 4
28 95 0.5 4
66 83 0.5 4
67 83 0.5 4
67 84 0.5 4
65 83 0.5 4
69 55 0.5 3
69 56 0.5 3
69 54 0.5 3
54 39 0.5 6
53 39 0.5 6
52 39 0.5 6
52 40 0.5 6
51 39 0.5 6
51 40 0.5 6
44 18 0.5 5
45 18 0.5 5
43 19 0.5 5
43 18 0.5 5
43 17 0.5 5
15 36 0.5 2
14 36 0.5 2
56 98 0.5 5
57 97 0.5 5
56 97 0.5 5
55 97 0.5 5
58 97 0.5 5
2 68 0.5 2
1 68 0.5 2
47 87 0.5 5
47 88 0.5 5
48 87 0.5 5
48 86 0.5 5
48 88 0.5 5
37 91 0.5 3
36 91 0.5 3
37 92 0.5 3
63 10 0.5 1
45 59 0.5 2
44 59 0.5 2
10 68 0.5 4
8 68 0.5 4
9 68 0.5 4
7 68 0.5 4
81 59 0.5 2
82 59 0.5 2
25 26 0.5 2
25 25 0.5 2
70 88 0.5 5
71 88 0.5 5
72 87 0.5 5
73 87 0.5 5
71 87 0.5 5
27 51 0.5 3
28 51 0.5 3
27 52 0.5 3
21 18 0.5 11
22 18 0.5 11
20 18 0.5 11
19 18 0.5 11
18 18 0.5 11
21 19 0.5 11
18 19 0.5 11
17 19 0.5 11
20 19 0.5 11
19 19 0.5 11
22 17 0.5 11
86 43 0.5 6
85 43 0.5 6
84 43 0.5 6
84 44 0.5 6
83 44 0.5 6
87 43 0.5 6
57 56 0.5 6
58 58 0.5 6
58 57 0.5 6
57 57 0.5 6
56 55 0.5 6
57 55 0.5 6
22 82 0.5 3
22 83 0.5 3
23 83 0.5 3
63 85 0.5 2
63 84 0.5 2
20 66 0.5 1
47 68 0.5 6
47 69 0.5 6
47 70 0.5 6
47 71 0.5 6
49 71 0.5 6
48 71 0.5 6
95 99 0.5 2
94 99 0.5 2
61 72 0.5 1
46 11 0.5 4
47 13 0.5 4
47 12 0.5 4
46 12 0.5 4
5 4 0.5 3
7 4 0.5 3
6 4 0.5 3
22 27 0.5 7
20 26 0.5 7
21 25 0.5 7
21 26 0.5 7
22 26 0.5 7
22 25 0.5 7
22 24 0.5 7
53 86 0.5 3
53 85 0.5 3
52 86 0.5 3
47 92 0.5 1
51 13 0.5 1
4 59 0.5 6
3 59 0.5 6
2 57 0.5 6
2 58 0.5 6
3 58 0.5 6
4 58 0.5 6
76 29 0.5 5
76 30 0.5 5
76 31 0.5 5
75 29 0.5 5
77 30 0.5 5
52 16 0.5 2
53 16 0.5 2
5 28 0.5 5
4 28 0.5 5
3 28 0.5 5
3 29 0.5 5
4 29 0.5 5
19 97 0.5 1
23 50 0.5 5
24 50 0.5 5
25 50 0.5 5
24 51 0.5 5
25 51 0.5 5
79 28 0.5 2
80 28 0.5 2
97 25 0.5 2
97 26 0.5 2
11 12 0.5 2
10 12 0.5 2
35 12 0.5 4
35 14 0.5 4
35 13 0.5 4
35 15 0.5 4
25 38 0.5 1
9 16 0.5 3
9 17 0.5 3
8 17 0.5 3
23 97 0.5 4
21 97 0.5 4
22 97 0.5 4
23 98 0.5 4
61 68 0.5 2
60 68 0.5 2
61 95 0.5 2
61 96 0.5 2
5 31 0.5 1
62 1 0.5 1
0 98 0.5 1
2 54 0.5 1
83 70 0.5 6
84 70 0.5 6
83 69 0.5 6
87 70 0.5 6
85 70 0.5 6
86 70 0.5 6
42 53 0.5 1
1 85 0.5 1
49 82 0.5 2
50 82 0.5 2
81 0 0.5 1
65 6 0.5 1
55 21 0.5 2
56 21 0.5 2
4 93 0.5 4
4 92 0.5 4
5 92 0.5 4
5 93 0.5 4
92 99 0.5 1
28 47 0.5 1
51 77 0.5 1
85 65 0.5 1
70 8 0.5 2
71 8 0.5 2
6 1 0.5 1
13 87 0.5 1
11 8 0.5 1
1 35 0.5 1
62 43 0.5 1
91 51 0.5 1
13 29 0.5 4
12 29 0.5 4
13 30 0.5 4
11 29 0.5 4
49 49 0.5 2
49 50 0.5 2
88 3 0.5 1
3 90 0.5 1
42 71 0.5 5
42 70 0.5 5
44 70 0.5 5
44 71 0.5 5
43 70 0.5 5
60 39 0.5 3
61 39 0.5 3
61 40 0.5 3
40 30 0.5 1
49 19 0.5 2
49 20 0.5 2
26 45 0.5 5
26 46 0.5 5
25 44 0.5 5
26 44 0.5 5
24 44 0.5 5
5 49 0.5 3
4 49 0.5 3
3 49 0.5 3
95 70 0.5 2
95 71 0.5 2
8 62 0.5 3
8 63 0.5 3
8 64 0.5 3
69 63 0.5 3
68 63 0.5 3
68 62 0.5 3
95 6 0.5 1
5 77 0.5 2
6 77 0.5 2
88 0 0.5 3
88 99 0.5 3
87 0 0.5 3
13 47 0.5 1
47 94 0.5 1
35 55 0.5 1
83 73 0.5 3
83 72 0.5 3
83 74 0.5 3
18 41 0.5 1
13 98 0.5 1
3 36 0.5 1
84 81 0.5 1
70 66 0.5 1
64 61 0.5 1
98 22 0.5 1
10 91 0.5 1
30 26 0.5 3
31 26 0.5 3
30 27 0.5 3
84 10 0.5 3
82 10 0.5 3
83 10 0.5 3
20 69 0.5 1
69 42 0.5 1
83 15 0.5 1
53 44 0.5 1
31 7 0.5 2
31 8 0.5 2
85 2 0.5 1
26 81 0.5 1
59 42 0.5 2
60 42 0.5 2
90 71 0.5 2
91 71 0.5 2
28 33 0.5 1
46 5 0.5 2
46 4 0.5 2
0 94 0.5 1
97 44 0.5 3
96 45 0.5 3
97 45 0.5 3
91 2 0.5 1
87 91 0.5 1
95 76 0.5 1
40 36 0.5 1
55 58 0.5 2
55 57 0.5 2
37 88 0.5 1
5 52 0.5 2
6 52 0.5 2
17 29 0.5 2
18 29 0.5 2
93 28 0.5 1
42 48 0.5 3
42 47 0.5 3
42 46 0.5 3
3 64 0.5 1
98 6 0.5 1
99 50 0.5 1
61 70 0.5 1
67 74 0.5 5
68 74 0.5 5
66 73 0.5 5
66 74 0.5 5
65 74 0.5 5
23 62 0.5 1
90 94 0.5 1
49 64 0.5 1
61 4 0.5 2
61 3 0.5 2
90 20 0.5 1
65 87 0.5 1
14 39 0.5 2
13 39 0.5 2
47 17 0.5 1
58 1 0.5 3
57 0 0.5 3
58 0 0.5 3
79 96 0.5 1
41 3 0.5 2
41 2 0.5 2
65 58 0.5 1
92 1 0.5 1
23 42 0.5 1
69 13 0.5 1
3 81 0.5 1
43 83 0.5 1
11 4 0.5 1
32 33 0.5 2
31 33 0.5 2
44 90 0.5 1
60 90 0.5 1
65 9 0.5 1
53 53 0.5 1
95 14 0.5 1
36 47 0.5 1
88 28 0.5 2
88 29 0.5 2
71 91 0.5 1
8 41 0.5 2
9 41 0.5 2
68 97 0.5 2
68 96 0.5 2
16 90 0.5 1
76 88 0.5 3
76 89 0.5 3
77 89 0.5 3
19 15 0.5 2
19 16 0.5 2
33 69 0.5 2
33 68 0.5 2
81 78 0.5 1
11 10 0.5 1
35 81 0.5 1
6 14 0.5 1
84 52 0.5 1
89 24 0.5 1
31 37 0.5 1
60 10 0.5 1
9 73 0.5 1
75 93 0.5 1
89 89 0.5 1
5 37 0.5 1
52 42 0.5 1
34 92 0.5 1
4 23 0.5 1
70 19 0.5 1
14 8 0.5 1
13 51 0.5 1
46 37 0.5 1
45 56 0.5 2
45 57 0.5 2
45 39 0.5 1
89 79 0.5 1
25 23 0.5 1
89 9 0.5 1
91 32 0.5 2
90 32 0.5 2
89 36 0.5 1
11 32 0.5 1
53 18 0.5 1
91 47 0.5 1
