65 72 0.5 49
67 72 0.5 49
67 73 0.5 49
66 72 0.5 49
65 71 0.5 49
64 72 0.5 49
67 75 0.5 49
68 74 0.5 49
67 74 0.5 49
63 72 0.5 49
63 73 0.5 49
63 75 0.5 49
63 74 0.5 49
62 73 0.5 49
61 70 0.5 49
61 72 0.5 49
61 73 0.5 49
60 73 0.5 49
61 71 0.5 49
60 74 0.5 49
71 72 0.5 49
71 73 0.5 49
71 74 0.5 49
72 74 0.5 49
70 74 0.5 49
69 75 0.5 49
69 74 0.5 49
56 73 0.5 49
55 72 0.5 49
55 71 0.5 49
56 72 0.5 49
54 71 0.5 49
56 74 0.5 49
57 75 0.5 49
56 75 0.5 49
55 70 0.5 49
60 75 0.5 49
59 75 0.5 49
58 75 0.5 49
61 77 0.5 49
60 77 0.5 49
60 76 0.5 49
59 76 0.5 49
57 76 0.5 49
58 76 0.5 49
58 77 0.5 49
56 70 0.5 49
56 69 0.5 49
56 68 0.5 49
2 26 0.5 140
1 26 0.5 140
1 25 0.5 140
7 29 0.5 140
7 30 0.5 140
8 29 0.5 140
6 30 0.5 140
9 29 0.5 140
4 28 0.5 140
4 29 0.5 140
5 29 0.5 140
6 29 0.5 140
3 28 0.5 140
4 30 0.5 140
10 29 0.5 140
11 29 0.5 140
9 28 0.5 140
8 28 0.5 140
13 31 0.5 140
12 31 0.5 140
12 30 0.5 140
12 28 0.5 140
12 29 0.5 140
13 27 0.5 140
13 28 0.5 140
14 32 0.5 140
14 31 0.5 140
4 27 0.5 140
3 27 0.5 140
3 26 0.5 140
17 32 0.5 140
16 32 0.5 140
16 31 0.5 140
15 32 0.5 140
15 33 0.5 140
13 37 0.5 140
13 38 0.5 140
12 41 0.5 140
12 40 0.5 140
12 39 0.5 140
12 38 0.5 140
14 37 0.5 140
14 38 0.5 140
17 34 0.5 140
16 34 0.5 140
17 35 0.5 140
15 34 0.5 140
16 33 0.5 140
18 35 0.5 140
15 35 0.5 140
14 35 0.5 140
14 36 0.5 140
19 36 0.5 140
18 36 0.5 140
18 37 0.5 140
20 36 0.5 140
21 36 0.5 140
22 36 0.5 140
8 31 0.5 140
7 31 0.5 140
8 43 0.5 140
7 43 0.5 140
9 42 0.5 140
10 42 0.5 140
10 43 0.5 140
11 43 0.5 140
9 43 0.5 140
8 42 0.5 140
8 41 0.5 140
8 40 0.5 140
9 40 0.5 140
10 40 0.5 140
11 41 0.5 140
10 41 0.5 140
91 26 0.5 140
91 27 0.5 140
90 28 0.5 140
91 28 0.5 140
89 28 0.5 140
92 28 0.5 140
92 27 0.5 140
90 27 0.5 140
94 27 0.5 140
93 27 0.5 140
89 24 0.5 140
89 25 0.5 140
89 26 0.5 140
89 27 0.5 140
90 24 0.5 140
89 30 0.5 140
89 29 0.5 140
91 30 0.5 140
90 30 0.5 140
92 30 0.5 140
94 31 0.5 140
94 32 0.5 140
95 32 0.5 140
95 30 0.5 140
94 30 0.5 140
93 30 0.5 140
97 29 0.5 140
98 29 0.5 140
99 29 0.5 140
99 28 0.5 140
97 30 0.5 140
96 29 0.5 140
95 29 0.5 140
95 28 0.5 140
1 28 0.5 140
0 28 0.5 140
2 30 0.5 140
3 30 0.5 140
1 31 0.5 140
1 30 0.5 140
1 29 0.5 140
89 31 0.5 140
88 31 0.5 140
1 33 0.5 140
2 32 0.5 140
1 32 0.5 140
0 43 0.5 140
1 43 0.5 140
2 43 0.5 140
99 43 0.5 140
6 43 0.5 140
5 43 0.5 140
5 44 0.5 140
4 44 0.5 140
3 43 0.5 140
4 43 0.5 140
3 42 0.5 140
6 44 0.5 140
0 42 0.5 140
6 46 0.5 140
6 45 0.5 140
7 45 0.5 140
1 39 0.5 140
0 40 0.5 140
0 41 0.5 140
1 40 0.5 140
12 76 0.5 40
11 76 0.5 40
11 74 0.5 40
10 74 0.5 40
11 75 0.5 40
9 77 0.5 40
10 77 0.5 40
8 77 0.5 40
11 77 0.5 40
7 77 0.5 40
5 79 0.5 40
7 78 0.5 40
7 79 0.5 40
6 79 0.5 40
7 82 0.5 40
6 82 0.5 40
6 81 0.5 40
6 80 0.5 40
6 83 0.5 40
7 80 0.5 40
8 80 0.5 40
9 80 0.5 40
4 78 0.5 40
5 78 0.5 40
3 78 0.5 40
1 81 0.5 40
2 79 0.5 40
1 79 0.5 40
1 80 0.5 40
2 78 0.5 40
0 82 0.5 40
1 82 0.5 40
1 83 0.5 40
2 83 0.5 40
2 84 0.5 40
0 80 0.5 40
2 85 0.5 40
2 86 0.5 40
1 87 0.5 40
2 87 0.5 40
69 29 0.5 80
67 29 0.5 80
68 29 0.5 80
70 29 0.5 80
72 29 0.5 80
71 29 0.5 80
72 28 0.5 80
71 30 0.5 80
71 31 0.5 80
64 29 0.5 80
64 28 0.5 80
66 29 0.5 80
65 29 0.5 80
65 28 0.5 80
65 27 0.5 80
72 27 0.5 80
63 25 0.5 80
65 26 0.5 80
64 26 0.5 80
63 26 0.5 80
64 27 0.5 80
62 25 0.5 80
65 25 0.5 80
58 23 0.5 80
58 21 0.5 80
59 21 0.5 80
59 23 0.5 80
59 22 0.5 80
60 24 0.5 80
60 23 0.5 80
61 23 0.5 80
62 23 0.5 80
62 22 0.5 80
61 21 0.5 80
62 21 0.5 80
63 21 0.5 80
58 24 0.5 80
63 23 0.5 80
64 23 0.5 80
67 23 0.5 80
66 23 0.5 80
65 23 0.5 80
57 20 0.5 80
55 20 0.5 80
56 20 0.5 80
57 21 0.5 80
63 24 0.5 80
55 22 0.5 80
53 21 0.5 80
53 20 0.5 80
53 22 0.5 80
54 21 0.5 80
54 22 0.5 80
55 21 0.5 80
53 17 0.5 80
53 18 0.5 80
53 19 0.5 80
52 22 0.5 80
51 23 0.5 80
51 22 0.5 80
62 31 0.5 80
63 31 0.5 80
61 31 0.5 80
59 29 0.5 80
60 29 0.5 80
58 29 0.5 80
61 30 0.5 80
60 30 0.5 80
58 26 0.5 80
58 27 0.5 80
58 28 0.5 80
60 31 0.5 80
64 31 0.5 80
64 30 0.5 80
64 32 0.5 80
57 28 0.5 80
57 29 0.5 80
60 32 0.5 80
58 31 0.5 80
58 30 0.5 80
25 56 0.5 39
25 55 0.5 39
23 56 0.5 39
23 57 0.5 39
24 56 0.5 39
22 53 0.5 39
23 55 0.5 39
23 53 0.5 39
23 54 0.5 39
24 61 0.5 39
25 61 0.5 39
23 61 0.5 39
22 62 0.5 39
23 62 0.5 39
24 62 0.5 39
25 59 0.5 39
24 59 0.5 39
23 60 0.5 39
23 59 0.5 39
22 58 0.5 39
22 59 0.5 39
26 61 0.5 39
26 60 0.5 39
26 62 0.5 39
27 61 0.5 39
26 59 0.5 39
27 59 0.5 39
28 62 0.5 39
29 62 0.5 39
27 62 0.5 39
28 61 0.5 39
28 58 0.5 39
27 58 0.5 39
26 56 0.5 39
27 56 0.5 39
27 57 0.5 39
26 57 0.5 39
22 52 0.5 39
21 58 0.5 39
77 39 0.5 65
78 39 0.5 65
78 40 0.5 65
76 38 0.5 65
75 38 0.5 65
76 39 0.5 65
76 37 0.5 65
78 38 0.5 65
79 38 0.5 65
80 38 0.5 65
81 38 0.5 65
82 38 0.5 65
80 39 0.5 65
83 38 0.5 65
83 39 0.5 65
82 39 0.5 65
82 40 0.5 65
84 38 0.5 65
84 37 0.5 65
74 40 0.5 65
74 41 0.5 65
73 41 0.5 65
75 40 0.5 65
76 42 0.5 65
76 41 0.5 65
75 42 0.5 65
74 42 0.5 65
77 42 0.5 65
76 43 0.5 65
74 39 0.5 65
75 39 0.5 65
74 45 0.5 65
75 45 0.5 65
73 45 0.5 65
73 46 0.5 65
73 47 0.5 65
73 48 0.5 65
72 49 0.5 65
72 50 0.5 65
72 48 0.5 65
73 51 0.5 65
72 51 0.5 65
71 47 0.5 65
72 47 0.5 65
73 44 0.5 65
73 43 0.5 65
73 42 0.5 65
72 42 0.5 65
68 56 0.5 65
69 56 0.5 65
69 58 0.5 65
69 57 0.5 65
70 57 0.5 65
67 56 0.5 65
71 57 0.5 65
72 57 0.5 65
73 57 0.5 65
74 54 0.5 65
74 53 0.5 65
74 52 0.5 65
73 52 0.5 65
74 56 0.5 65
73 56 0.5 65
74 55 0.5 65
75 52 0.5 65
38 66 0.5 6
39 66 0.5 6
40 66 0.5 6
40 67 0.5 6
37 66 0.5 6
37 65 0.5 6
85 79 0.5 44
85 80 0.5 44
85 78 0.5 44
87 79 0.5 44
87 80 0.5 44
87 78 0.5 44
86 80 0.5 44
87 77 0.5 44
85 77 0.5 44
86 77 0.5 44
85 75 0.5 44
85 76 0.5 44
86 75 0.5 44
84 77 0.5 44
84 76 0.5 44
87 85 0.5 44
88 85 0.5 44
86 85 0.5 44
86 84 0.5 44
87 86 0.5 44
84 83 0.5 44
85 83 0.5 44
85 82 0.5 44
86 83 0.5 44
85 81 0.5 44
86 81 0.5 44
89 85 0.5 44
82 74 0.5 44
82 73 0.5 44
81 72 0.5 44
82 72 0.5 44
82 75 0.5 44
82 76 0.5 44
81 75 0.5 44
83 76 0.5 44
83 80 0.5 44
83 79 0.5 44
82 79 0.5 44
81 77 0.5 44
82 77 0.5 44
81 78 0.5 44
81 79 0.5 44
80 77 0.5 44
79 77 0.5 44
38 14 0.5 109
38 13 0.5 109
37 13 0.5 109
34 14 0.5 109
34 13 0.5 109
35 13 0.5 109
36 13 0.5 109
33 14 0.5 109
32 14 0.5 109
32 15 0.5 109
32 13 0.5 109
30 16 0.5 109
30 17 0.5 109
32 16 0.5 109
31 16 0.5 109
31 14 0.5 109
29 16 0.5 109
38 15 0.5 109
38 16 0.5 109
33 22 0.5 109
34 21 0.5 109
33 21 0.5 109
32 21 0.5 109
32 17 0.5 109
32 19 0.5 109
32 18 0.5 109
32 20 0.5 109
33 20 0.5 109
31 18 0.5 109
41 20 0.5 109
41 19 0.5 109
39 19 0.5 109
40 19 0.5 109
42 19 0.5 109
39 20 0.5 109
39 21 0.5 109
38 20 0.5 109
39 18 0.5 109
39 17 0.5 109
39 16 0.5 109
41 4 0.5 109
41 5 0.5 109
42 5 0.5 109
39 7 0.5 109
40 7 0.5 109
40 8 0.5 109
41 7 0.5 109
41 6 0.5 109
40 14 0.5 109
40 12 0.5 109
39 13 0.5 109
40 13 0.5 109
40 11 0.5 109
40 10 0.5 109
40 9 0.5 109
30 8 0.5 109
30 7 0.5 109
30 6 0.5 109
29 10 0.5 109
29 8 0.5 109
29 9 0.5 109
28 10 0.5 109
27 10 0.5 109
26 10 0.5 109
33 10 0.5 109
33 11 0.5 109
32 10 0.5 109
32 9 0.5 109
33 12 0.5 109
32 12 0.5 109
31 9 0.5 109
31 8 0.5 109
26 9 0.5 109
26 1 0.5 109
25 1 0.5 109
26 2 0.5 109
25 2 0.5 109
26 0 0.5 109
25 99 0.5 109
25 0 0.5 109
24 99 0.5 109
23 99 0.5 109
26 99 0.5 109
25 98 0.5 109
24 98 0.5 109
23 98 0.5 109
27 1 0.5 109
22 7 0.5 109
22 6 0.5 109
23 5 0.5 109
23 6 0.5 109
24 4 0.5 109
23 4 0.5 109
24 3 0.5 109
25 3 0.5 109
27 4 0.5 109
28 5 0.5 109
27 5 0.5 109
29 5 0.5 109
30 5 0.5 109
26 3 0.5 109
26 4 0.5 109
25 4 0.5 109
43 5 0.5 109
44 5 0.5 109
44 4 0.5 109
44 3 0.5 109
30 4 0.5 109
30 3 0.5 109
21 44 0.5 39
20 44 0.5 39
20 45 0.5 39
22 45 0.5 39
22 44 0.5 39
23 45 0.5 39
22 46 0.5 39
25 45 0.5 39
25 44 0.5 39
24 45 0.5 39
24 46 0.5 39
24 47 0.5 39
23 46 0.5 39
21 43 0.5 39
20 43 0.5 39
27 41 0.5 39
28 41 0.5 39
26 41 0.5 39
27 40 0.5 39
26 43 0.5 39
26 42 0.5 39
25 43 0.5 39
24 43 0.5 39
32 39 0.5 39
32 40 0.5 39
33 39 0.5 39
29 40 0.5 39
30 40 0.5 39
31 40 0.5 39
29 41 0.5 39
29 42 0.5 39
28 42 0.5 39
31 38 0.5 39
32 38 0.5 39
30 38 0.5 39
30 37 0.5 39
29 37 0.5 39
31 37 0.5 39
19 43 0.5 39
86 0 0.5 60
86 1 0.5 60
85 0 0.5 60
85 99 0.5 60
83 0 0.5 60
84 1 0.5 60
83 1 0.5 60
84 0 0.5 60
85 98 0.5 60
89 1 0.5 60
89 2 0.5 60
88 1 0.5 60
87 1 0.5 60
87 2 0.5 60
93 0 0.5 60
92 0 0.5 60
92 99 0.5 60
91 99 0.5 60
90 99 0.5 60
90 0 0.5 60
89 0 0.5 60
89 98 0.5 60
88 98 0.5 60
87 98 0.5 60
86 98 0.5 60
88 97 0.5 60
88 96 0.5 60
86 97 0.5 60
86 96 0.5 60
88 93 0.5 60
88 94 0.5 60
88 95 0.5 60
87 93 0.5 60
87 92 0.5 60
85 91 0.5 60
86 91 0.5 60
86 93 0.5 60
86 92 0.5 60
95 3 0.5 60
94 3 0.5 60
93 3 0.5 60
97 1 0.5 60
97 2 0.5 60
97 0 0.5 60
98 0 0.5 60
95 2 0.5 60
96 2 0.5 60
98 99 0.5 60
93 2 0.5 60
93 1 0.5 60
98 98 0.5 60
92 2 0.5 60
99 99 0.5 60
0 99 0.5 60
95 4 0.5 60
99 0 0.5 60
91 4 0.5 60
91 3 0.5 60
91 2 0.5 60
95 5 0.5 60
42 47 0.5 16
42 46 0.5 16
42 44 0.5 16
42 45 0.5 16
41 43 0.5 16
41 44 0.5 16
45 43 0.5 16
46 43 0.5 16
46 42 0.5 16
45 44 0.5 16
45 45 0.5 16
46 45 0.5 16
47 45 0.5 16
43 45 0.5 16
44 45 0.5 16
46 41 0.5 16
92 56 0.5 48
93 56 0.5 48
94 56 0.5 48
94 55 0.5 48
91 56 0.5 48
95 55 0.5 48
92 55 0.5 48
89 58 0.5 48
89 57 0.5 48
90 57 0.5 48
89 61 0.5 48
89 59 0.5 48
89 60 0.5 48
90 56 0.5 48
95 54 0.5 48
93 58 0.5 48
93 57 0.5 48
93 59 0.5 48
94 59 0.5 48
95 59 0.5 48
92 58 0.5 48
94 54 0.5 48
94 52 0.5 48
94 53 0.5 48
95 53 0.5 48
92 52 0.5 48
93 52 0.5 48
89 62 0.5 48
89 63 0.5 48
99 54 0.5 48
98 54 0.5 48
97 54 0.5 48
98 53 0.5 48
99 55 0.5 48
96 52 0.5 48
96 53 0.5 48
96 54 0.5 48
0 54 0.5 48
87 64 0.5 48
88 64 0.5 48
89 64 0.5 48
84 65 0.5 48
84 64 0.5 48
84 66 0.5 48
86 65 0.5 48
87 65 0.5 48
85 65 0.5 48
83 64 0.5 48
53 88 0.5 24
52 88 0.5 24
51 87 0.5 24
52 87 0.5 24
52 86 0.5 24
51 83 0.5 24
53 83 0.5 24
53 84 0.5 24
52 83 0.5 24
54 84 0.5 24
53 85 0.5 24
52 85 0.5 24
50 83 0.5 24
47 85 0.5 24
47 86 0.5 24
47 88 0.5 24
47 87 0.5 24
49 88 0.5 24
48 88 0.5 24
49 87 0.5 24
50 86 0.5 24
50 87 0.5 24
46 88 0.5 24
46 87 0.5 24
7 59 0.5 31
6 59 0.5 31
8 60 0.5 31
8 59 0.5 31
3 61 0.5 31
2 61 0.5 31
2 62 0.5 31
3 62 0.5 31
1 62 0.5 31
1 64 0.5 31
1 63 0.5 31
2 65 0.5 31
3 64 0.5 31
2 64 0.5 31
4 61 0.5 31
4 60 0.5 31
4 59 0.5 31
4 64 0.5 31
5 59 0.5 31
5 58 0.5 31
8 55 0.5 31
8 56 0.5 31
8 57 0.5 31
8 58 0.5 31
7 58 0.5 31
6 58 0.5 31
3 66 0.5 31
2 66 0.5 31
0 64 0.5 31
0 65 0.5 31
0 66 0.5 31
78 14 0.5 18
78 15 0.5 18
79 15 0.5 18
79 14 0.5 18
80 15 0.5 18
81 15 0.5 18
81 14 0.5 18
77 13 0.5 18
76 13 0.5 18
76 14 0.5 18
75 13 0.5 18
78 13 0.5 18
74 15 0.5 18
74 14 0.5 18
74 13 0.5 18
73 13 0.5 18
78 11 0.5 18
78 12 0.5 18
62 97 0.5 16
63 97 0.5 16
61 97 0.5 16
60 97 0.5 16
61 98 0.5 16
67 98 0.5 16
67 97 0.5 16
64 98 0.5 16
65 98 0.5 16
66 98 0.5 16
64 97 0.5 16
66 97 0.5 16
68 98 0.5 16
60 98 0.5 16
59 98 0.5 16
58 98 0.5 16
15 6 0.5 45
16 7 0.5 45
15 7 0.5 45
16 8 0.5 45
14 7 0.5 45
13 6 0.5 45
14 6 0.5 45
12 6 0.5 45
12 7 0.5 45
16 3 0.5 45
15 3 0.5 45
16 5 0.5 45
15 5 0.5 45
15 4 0.5 45
16 6 0.5 45
15 2 0.5 45
16 2 0.5 45
17 2 0.5 45
16 1 0.5 45
16 0 0.5 45
15 1 0.5 45
14 0 0.5 45
15 0 0.5 45
13 0 0.5 45
17 6 0.5 45
18 5 0.5 45
18 7 0.5 45
18 6 0.5 45
12 0 0.5 45
12 99 0.5 45
11 99 0.5 45
11 0 0.5 45
10 98 0.5 45
11 98 0.5 45
9 98 0.5 45
16 97 0.5 45
16 98 0.5 45
15 99 0.5 45
16 99 0.5 45
15 97 0.5 45
14 97 0.5 45
14 96 0.5 45
13 97 0.5 45
9 97 0.5 45
16 96 0.5 45
7 91 0.5 8
8 91 0.5 8
7 90 0.5 8
8 90 0.5 8
9 91 0.5 8
9 90 0.5 8
10 90 0.5 8
9 92 0.5 8
36 57 0.5 39
37 59 0.5 39
36 58 0.5 39
36 59 0.5 39
43 60 0.5 39
42 60 0.5 39
41 60 0.5 39
40 60 0.5 39
39 60 0.5 39
38 58 0.5 39
39 59 0.5 39
38 59 0.5 39
43 59 0.5 39
43 58 0.5 39
43 57 0.5 39
44 56 0.5 39
44 55 0.5 39
44 57 0.5 39
36 60 0.5 39
43 63 0.5 39
42 63 0.5 39
41 63 0.5 39
41 61 0.5 39
41 62 0.5 39
44 63 0.5 39
43 64 0.5 39
42 64 0.5 39
45 64 0.5 39
45 63 0.5 39
35 56 0.5 39
34 56 0.5 39
36 56 0.5 39
34 58 0.5 39
34 57 0.5 39
33 57 0.5 39
33 56 0.5 39
37 55 0.5 39
37 54 0.5 39
36 55 0.5 39
49 60 0.5 15
49 61 0.5 15
50 61 0.5 15
50 60 0.5 15
48 61 0.5 15
51 61 0.5 15
49 62 0.5 15
49 63 0.5 15
50 63 0.5 15
54 61 0.5 15
54 62 0.5 15
52 61 0.5 15
52 62 0.5 15
53 62 0.5 15
52 63 0.5 15
45 32 0.5 1
91 75 0.5 12
91 74 0.5 12
92 76 0.5 12
91 76 0.5 12
92 70 0.5 12
92 71 0.5 12
92 72 0.5 12
93 70 0.5 12
91 71 0.5 12
91 73 0.5 12
92 73 0.5 12
93 73 0.5 12
4 19 0.5 1
20 78 0.5 2
19 78 0.5 2
32 94 0.5 7
32 95 0.5 7
30 92 0.5 7
30 91 0.5 7
31 94 0.5 7
30 93 0.5 7
31 93 0.5 7
65 78 0.5 2
66 78 0.5 2
39 84 0.5 21
39 83 0.5 21
38 84 0.5 21
38 83 0.5 21
35 84 0.5 21
37 84 0.5 21
36 86 0.5 21
36 85 0.5 21
36 84 0.5 21
36 87 0.5 21
34 83 0.5 21
33 84 0.5 21
33 83 0.5 21
31 83 0.5 21
32 83 0.5 21
34 82 0.5 21
35 82 0.5 21
37 82 0.5 21
36 82 0.5 21
34 81 0.5 21
38 82 0.5 21
95 13 0.5 6
95 12 0.5 6
96 13 0.5 6
94 14 0.5 6
95 14 0.5 6
93 14 0.5 6
58 41 0.5 1
21 23 0.5 2
22 23 0.5 2
52 6 0.5 4
51 7 0.5 4
52 7 0.5 4
50 7 0.5 4
97 91 0.5 7
98 90 0.5 7
98 91 0.5 7
97 93 0.5 7
98 93 0.5 7
97 92 0.5 7
99 93 0.5 7
89 43 0.5 1
6 93 0.5 1
27 69 0.5 1
