66 72 0.5 49
68 72 0.5 49
68 73 0.5 49
67 72 0.5 49
66 71 0.5 49
65 72 0.5 49
68 75 0.5 49
69 74 0.5 49
68 74 0.5 49
64 72 0.5 49
64 73 0.5 49
64 75 0.5 49
64 74 0.5 49
63 73 0.5 49
62 70 0.5 49
62 72 0.5 49
62 73 0.5 49
61 73 0.5 49
62 71 0.5 49
61 74 0.5 49
72 72 0.5 49
72 73 0.5 49
72 74 0.5 49
73 74 0.5 49
71 74 0.5 49
70 75 0.5 49
70 74 0.5 49
57 73 0.5 49
56 72 0.5 49
56 71 0.5 49
57 72 0.5 49
55 71 0.5 49
57 74 0.5 49
58 75 0.5 49
57 75 0.5 49
56 70 0.5 49
61 75 0.5 49
60 75 0.5 49
59 75 0.5 49
62 77 0.5 49
61 77 0.5 49
61 76 0.5 49
60 76 0.5 49
58 76 0.5 49
59 76 0.5 49
59 77 0.5 49
57 70 0.5 49
57 69 0.5 49
57 68 0.5 49
3 26 0.5 140
2 26 0.5 140
2 25 0.5 140
8 29 0.5 140
8 30 0.5 140
9 29 0.5 140
7 30 0.5 140
10 29 0.5 140
5 28 0.5 140
5 29 0.5 140
6 29 0.5 140
7 29 0.5 140
4 28 0.5 140
5 30 0.5 140
11 29 0.5 140
12 29 0.5 140
10 28 0.5 140
9 28 0.5 140
14 31 0.5 140
13 31 0.5 140
13 30 0.5 140
13 28 0.5 140
13 29 0.5 140
14 27 0.5 140
14 28 0.5 140
15 32 0.5 140
15 31 0.5 140
5 27 0.5 140
4 27 0.5 140
4 26 0.5 140
18 32 0.5 140
17 32 0.5 140
17 31 0.5 140
16 32 0.5 140
16 33 0.5 140
14 37 0.5 140
14 38 0.5 140
13 41 0.5 140
13 40 0.5 140
13 39 0.5 140
13 38 0.5 140
15 37 0.5 140
15 38 0.5 140
18 34 0.5 140
17 34 0.5 140
18 35 0.5 140
16 34 0.5 140
17 33 0.5 140
19 35 0.5 140
16 35 0.5 140
15 35 0.5 140
15 36 0.5 140
20 36 0.5 140
19 36 0.5 140
19 37 0.5 140
21 36 0.5 140
22 36 0.5 140
23 36 0.5 140
9 31 0.5 140
8 31 0.5 140
9 43 0.5 140
8 43 0.5 140
10 42 0.5 140
11 42 0.5 140
11 43 0.5 140
12 43 0.5 140
10 43 0.5 140
9 42 0.5 140
9 41 0.5 140
9 40 0.5 140
10 40 0.5 140
11 40 0.5 140
12 41 0.5 140
11 41 0.5 140
92 26 0.5 140
92 27 0.5 140
91 28 0.5 140
92 28 0.5 140
90 28 0.5 140
93 28 0.5 140
93 27 0.5 140
91 27 0.5 140
95 27 0.5 140
94 27 0.5 140
90 24 0.5 140
90 25 0.5 140
90 26 0.5 140
90 27 0.5 140
91 24 0.5 140
90 30 0.5 140
90 29 0.5 140
92 30 0.5 140
91 30 0.5 140
93 30 0.5 140
95 31 0.5 140
95 32 0.5 140
96 32 0.5 140
96 30 0.5 140
95 30 0.5 140
94 30 0.5 140
98 29 0.5 140
99 29 0.5 140
0 29 0.5 140
0 28 0.5 140
98 30 0.5 140
97 29 0.5 140
96 29 0.5 140
96 28 0.5 140
2 28 0.5 140
1 28 0.5 140
3 30 0.5 140
4 30 0.5 140
2 31 0.5 140
2 30 0.5 140
2 29 0.5 140
90 31 0.5 140
89 31 0.5 140
2 33 0.5 140
3 32 0.5 140
2 32 0.5 140
1 43 0.5 140
2 43 0.5 140
3 43 0.5 140
0 43 0.5 140
7 43 0.5 140
6 43 0.5 140
6 44 0.5 140
5 44 0.5 140
4 43 0.5 140
5 43 0.5 140
4 42 0.5 140
7 44 0.5 140
1 42 0.5 140
7 46 0.5 140
7 45 0.5 140
8 45 0.5 140
2 39 0.5 140
1 40 0.5 140
1 41 0.5 140
2 40 0.5 140
12 75 0.5 40
11 75 0.5 40
11 73 0.5 40
10 73 0.5 40
11 74 0.5 40
9 76 0.5 40
10 76 0.5 40
8 76 0.5 40
11 76 0.5 40
7 76 0.5 40
5 78 0.5 40
7 77 0.5 40
7 78 0.5 40
6 78 0.5 40
7 81 0.5 40
6 81 0.5 40
6 80 0.5 40
6 79 0.5 40
6 82 0.5 40
7 79 0.5 40
8 79 0.5 40
9 79 0.5 40
4 77 0.5 40
5 77 0.5 40
3 77 0.5 40
1 80 0.5 40
2 78 0.5 40
1 78 0.5 40
1 79 0.5 40
2 77 0.5 40
0 81 0.5 40
1 81 0.5 40
1 82 0.5 40
2 82 0.5 40
2 83 0.5 40
0 79 0.5 40
2 84 0.5 40
2 85 0.5 40
1 86 0.5 40
2 86 0.5 40
69 28 0.5 80
67 28 0.5 80
68 28 0.5 80
70 28 0.5 80
72 28 0.5 80
71 28 0.5 80
72 27 0.5 80
71 29 0.5 80
71 30 0.5 80
64 28 0.5 80
64 27 0.5 80
66 28 0.5 80
65 28 0.5 80
65 27 0.5 80
65 26 0.5 80
72 26 0.5 80
63 24 0.5 80
65 25 0.5 80
64 25 0.5 80
63 25 0.5 80
64 26 0.5 80
62 24 0.5 80
65 24 0.5 80
58 22 0.5 80
58 20 0.5 80
59 20 0.5 80
59 22 0.5 80
59 21 0.5 80
60 23 0.5 80
60 22 0.5 80
61 22 0.5 80
62 22 0.5 80
62 21 0.5 80
61 20 0.5 80
62 20 0.5 80
63 20 0.5 80
58 23 0.5 80
63 22 0.5 80
64 22 0.5 80
67 22 0.5 80
66 22 0.5 80
65 22 0.5 80
57 19 0.5 80
55 19 0.5 80
56 19 0.5 80
57 20 0.5 80
63 23 0.5 80
55 21 0.5 80
53 20 0.5 80
53 19 0.5 80
53 21 0.5 80
54 20 0.5 80
54 21 0.5 80
55 20 0.5 80
53 16 0.5 80
53 17 0.5 80
53 18 0.5 80
52 21 0.5 80
51 22 0.5 80
51 21 0.5 80
62 30 0.5 80
63 30 0.5 80
61 30 0.5 80
59 28 0.5 80
60 28 0.5 80
58 28 0.5 80
61 29 0.5 80
60 29 0.5 80
58 25 0.5 80
58 26 0.5 80
58 27 0.5 80
60 30 0.5 80
64 30 0.5 80
64 29 0.5 80
64 31 0.5 80
57 27 0.5 80
57 28 0.5 80
60 31 0.5 80
58 30 0.5 80
58 29 0.5 80
24 56 0.5 39
24 55 0.5 39
22 56 0.5 39
22 57 0.5 39
23 56 0.5 39
21 53 0.5 39
22 55 0.5 39
22 53 0.5 39
22 54 0.5 39
23 61 0.5 39
24 61 0.5 39
22 61 0.5 39
21 62 0.5 39
22 62 0.5 39
23 62 0.5 39
24 59 0.5 39
23 59 0.5 39
22 60 0.5 39
22 59 0.5 39
21 58 0.5 39
21 59 0.5 39
25 61 0.5 39
25 60 0.5 39
25 62 0.5 39
26 61 0.5 39
25 59 0.5 39
26 59 0.5 39
27 62 0.5 39
28 62 0.5 39
26 62 0.5 39
27 61 0.5 39
27 58 0.5 39
26 58 0.5 39
25 56 0.5 39
26 56 0.5 39
26 57 0.5 39
25 57 0.5 39
21 52 0.5 39
20 58 0.5 39
76 39 0.5 65
77 39 0.5 65
77 40 0.5 65
75 38 0.5 65
74 38 0.5 65
75 39 0.5 65
75 37 0.5 65
77 38 0.5 65
78 38 0.5 65
79 38 0.5 65
80 38 0.5 65
81 38 0.5 65
79 39 0.5 65
82 38 0.5 65
82 39 0.5 65
81 39 0.5 65
81 40 0.5 65
83 38 0.5 65
83 37 0.5 65
73 40 0.5 65
73 41 0.5 65
72 41 0.5 65
74 40 0.5 65
75 42 0.5 65
75 41 0.5 65
74 42 0.5 65
73 42 0.5 65
76 42 0.5 65
75 43 0.5 65
73 39 0.5 65
74 39 0.5 65
73 45 0.5 65
74 45 0.5 65
72 45 0.5 65
72 46 0.5 65
72 47 0.5 65
72 48 0.5 65
71 49 0.5 65
71 50 0.5 65
71 48 0.5 65
72 51 0.5 65
71 51 0.5 65
70 47 0.5 65
71 47 0.5 65
72 44 0.5 65
72 43 0.5 65
72 42 0.5 65
71 42 0.5 65
67 56 0.5 65
68 56 0.5 65
68 58 0.5 65
68 57 0.5 65
69 57 0.5 65
66 56 0.5 65
70 57 0.5 65
71 57 0.5 65
72 57 0.5 65
73 54 0.5 65
73 53 0.5 65
73 52 0.5 65
72 52 0.5 65
73 56 0.5 65
72 56 0.5 65
73 55 0.5 65
74 52 0.5 65
38 65 0.5 6
39 65 0.5 6
40 65 0.5 6
40 66 0.5 6
37 65 0.5 6
37 64 0.5 6
85 78 0.5 44
85 79 0.5 44
85 77 0.5 44
87 78 0.5 44
87 79 0.5 44
87 77 0.5 44
86 79 0.5 44
87 76 0.5 44
85 76 0.5 44
86 76 0.5 44
85 74 0.5 44
85 75 0.5 44
86 74 0.5 44
84 76 0.5 44
84 75 0.5 44
87 84 0.5 44
88 84 0.5 44
86 84 0.5 44
86 83 0.5 44
87 85 0.5 44
84 82 0.5 44
85 82 0.5 44
85 81 0.5 44
86 82 0.5 44
85 80 0.5 44
86 80 0.5 44
89 84 0.5 44
82 73 0.5 44
82 72 0.5 44
81 71 0.5 44
82 71 0.5 44
82 74 0.5 44
82 75 0.5 44
81 74 0.5 44
83 75 0.5 44
83 79 0.5 44
83 78 0.5 44
82 78 0.5 44
81 76 0.5 44
82 76 0.5 44
81 77 0.5 44
81 78 0.5 44
80 76 0.5 44
79 76 0.5 44
37 14 0.5 109
37 13 0.5 109
36 13 0.5 109
33 14 0.5 109
33 13 0.5 109
34 13 0.5 109
35 13 0.5 109
32 14 0.5 109
31 14 0.5 109
31 15 0.5 109
31 13 0.5 109
29 16 0.5 109
29 17 0.5 109
31 16 0.5 109
30 16 0.5 109
30 14 0.5 109
28 16 0.5 109
37 15 0.5 109
37 16 0.5 109
32 22 0.5 109
33 21 0.5 109
32 21 0.5 109
31 21 0.5 109
31 17 0.5 109
31 19 0.5 109
31 18 0.5 109
31 20 0.5 109
32 20 0.5 109
30 18 0.5 109
40 20 0.5 109
40 19 0.5 109
38 19 0.5 109
39 19 0.5 109
41 19 0.5 109
38 20 0.5 109
38 21 0.5 109
37 20 0.5 109
38 18 0.5 109
38 17 0.5 109
38 16 0.5 109
40 4 0.5 109
40 5 0.5 109
41 5 0.5 109
38 7 0.5 109
39 7 0.5 109
39 8 0.5 109
40 7 0.5 109
40 6 0.5 109
39 14 0.5 109
39 12 0.5 109
38 13 0.5 109
39 13 0.5 109
39 11 0.5 109
39 10 0.5 109
39 9 0.5 109
29 8 0.5 109
29 7 0.5 109
29 6 0.5 109
28 10 0.5 109
28 8 0.5 109
28 9 0.5 109
27 10 0.5 109
26 10 0.5 109
25 10 0.5 109
32 10 0.5 109
32 11 0.5 109
31 10 0.5 109
31 9 0.5 109
32 12 0.5 109
31 12 0.5 109
30 9 0.5 109
30 8 0.5 109
25 9 0.5 109
25 1 0.5 109
24 1 0.5 109
25 2 0.5 109
24 2 0.5 109
25 0 0.5 109
24 99 0.5 109
24 0 0.5 109
23 99 0.5 109
22 99 0.5 109
25 99 0.5 109
24 98 0.5 109
23 98 0.5 109
22 98 0.5 109
26 1 0.5 109
21 7 0.5 109
21 6 0.5 109
22 5 0.5 109
22 6 0.5 109
23 4 0.5 109
22 4 0.5 109
23 3 0.5 109
24 3 0.5 109
26 4 0.5 109
27 5 0.5 109
26 5 0.5 109
28 5 0.5 109
29 5 0.5 109
25 3 0.5 109
25 4 0.5 109
24 4 0.5 109
42 5 0.5 109
43 5 0.5 109
43 4 0.5 109
43 3 0.5 109
29 4 0.5 109
29 3 0.5 109
21 43 0.5 39
20 43 0.5 39
20 44 0.5 39
22 44 0.5 39
22 43 0.5 39
23 44 0.5 39
22 45 0.5 39
25 44 0.5 39
25 43 0.5 39
24 44 0.5 39
24 45 0.5 39
24 46 0.5 39
23 45 0.5 39
21 42 0.5 39
20 42 0.5 39
27 40 0.5 39
28 40 0.5 39
26 40 0.5 39
27 39 0.5 39
26 42 0.5 39
26 41 0.5 39
25 42 0.5 39
24 42 0.5 39
32 38 0.5 39
32 39 0.5 39
33 38 0.5 39
29 39 0.5 39
30 39 0.5 39
31 39 0.5 39
29 40 0.5 39
29 41 0.5 39
28 41 0.5 39
31 37 0.5 39
32 37 0.5 39
30 37 0.5 39
30 36 0.5 39
29 36 0.5 39
31 36 0.5 39
19 42 0.5 39
86 99 0.5 60
86 0 0.5 60
85 99 0.5 60
85 98 0.5 60
83 99 0.5 60
84 0 0.5 60
83 0 0.5 60
84 99 0.5 60
85 97 0.5 60
89 0 0.5 60
89 1 0.5 60
88 0 0.5 60
87 0 0.5 60
87 1 0.5 60
93 99 0.5 60
92 99 0.5 60
92 98 0.5 60
91 98 0.5 60
90 98 0.5 60
90 99 0.5 60
89 99 0.5 60
89 97 0.5 60
88 97 0.5 60
87 97 0.5 60
86 97 0.5 60
88 96 0.5 60
88 95 0.5 60
86 96 0.5 60
86 95 0.5 60
88 92 0.5 60
88 93 0.5 60
88 94 0.5 60
87 92 0.5 60
87 91 0.5 60
85 90 0.5 60
86 90 0.5 60
86 92 0.5 60
86 91 0.5 60
95 2 0.5 60
94 2 0.5 60
93 2 0.5 60
97 0 0.5 60
97 1 0.5 60
97 99 0.5 60
98 99 0.5 60
95 1 0.5 60
96 1 0.5 60
98 98 0.5 60
93 1 0.5 60
93 0 0.5 60
98 97 0.5 60
92 1 0.5 60
99 98 0.5 60
0 98 0.5 60
95 3 0.5 60
99 99 0.5 60
91 3 0.5 60
91 2 0.5 60
91 1 0.5 60
95 4 0.5 60
41 47 0.5 16
41 46 0.5 16
41 44 0.5 16
41 45 0.5 16
40 43 0.5 16
40 44 0.5 16
44 43 0.5 16
45 43 0.5 16
45 42 0.5 16
44 44 0.5 16
44 45 0.5 16
45 45 0.5 16
46 45 0.5 16
42 45 0.5 16
43 45 0.5 16
45 41 0.5 16
93 56 0.5 48
94 56 0.5 48
95 56 0.5 48
95 55 0.5 48
92 56 0.5 48
96 55 0.5 48
93 55 0.5 48
90 58 0.5 48
90 57 0.5 48
91 57 0.5 48
90 61 0.5 48
90 59 0.5 48
90 60 0.5 48
91 56 0.5 48
96 54 0.5 48
94 58 0.5 48
94 57 0.5 48
94 59 0.5 48
95 59 0.5 48
96 59 0.5 48
93 58 0.5 48
95 54 0.5 48
95 52 0.5 48
95 53 0.5 48
96 53 0.5 48
93 52 0.5 48
94 52 0.5 48
90 62 0.5 48
90 63 0.5 48
0 54 0.5 48
99 54 0.5 48
98 54 0.5 48
99 53 0.5 48
0 55 0.5 48
97 52 0.5 48
97 53 0.5 48
97 54 0.5 48
1 54 0.5 48
88 64 0.5 48
89 64 0.5 48
90 64 0.5 48
85 65 0.5 48
85 64 0.5 48
85 66 0.5 48
87 65 0.5 48
88 65 0.5 48
86 65 0.5 48
84 64 0.5 48
54 88 0.5 24
53 88 0.5 24
52 87 0.5 24
53 87 0.5 24
53 86 0.5 24
52 83 0.5 24
54 83 0.5 24
54 84 0.5 24
53 83 0.5 24
55 84 0.5 24
54 85 0.5 24
53 85 0.5 24
51 83 0.5 24
48 85 0.5 24
48 86 0.5 24
48 88 0.5 24
48 87 0.5 24
50 88 0.5 24
49 88 0.5 24
50 87 0.5 24
51 86 0.5 24
51 87 0.5 24
47 88 0.5 24
47 87 0.5 24
6 59 0.5 31
5 59 0.5 31
7 60 0.5 31
7 59 0.5 31
2 61 0.5 31
1 61 0.5 31
1 62 0.5 31
2 62 0.5 31
0 62 0.5 31
0 64 0.5 31
0 63 0.5 31
1 65 0.5 31
2 64 0.5 31
1 64 0.5 31
3 61 0.5 31
3 60 0.5 31
3 59 0.5 31
3 64 0.5 31
4 59 0.5 31
4 58 0.5 31
7 55 0.5 31
7 56 0.5 31
7 57 0.5 31
7 58 0.5 31
6 58 0.5 31
5 58 0.5 31
2 66 0.5 31
1 66 0.5 31
99 64 0.5 31
99 65 0.5 31
99 66 0.5 31
78 15 0.5 18
78 16 0.5 18
79 16 0.5 18
79 15 0.5 18
80 16 0.5 18
81 16 0.5 18
81 15 0.5 18
77 14 0.5 18
76 14 0.5 18
76 15 0.5 18
75 14 0.5 18
78 14 0.5 18
74 16 0.5 18
74 15 0.5 18
74 14 0.5 18
73 14 0.5 18
78 12 0.5 18
78 13 0.5 18
62 96 0.5 16
63 96 0.5 16
61 96 0.5 16
60 96 0.5 16
61 97 0.5 16
67 97 0.5 16
67 96 0.5 16
64 97 0.5 16
65 97 0.5 16
66 97 0.5 16
64 96 0.5 16
66 96 0.5 16
68 97 0.5 16
60 97 0.5 16
59 97 0.5 16
58 97 0.5 16
16 6 0.5 45
17 7 0.5 45
16 7 0.5 45
17 8 0.5 45
15 7 0.5 45
14 6 0.5 45
15 6 0.5 45
13 6 0.5 45
13 7 0.5 45
17 3 0.5 45
16 3 0.5 45
17 5 0.5 45
16 5 0.5 45
16 4 0.5 45
17 6 0.5 45
16 2 0.5 45
17 2 0.5 45
18 2 0.5 45
17 1 0.5 45
17 0 0.5 45
16 1 0.5 45
15 0 0.5 45
16 0 0.5 45
14 0 0.5 45
18 6 0.5 45
19 5 0.5 45
19 7 0.5 45
19 6 0.5 45
13 0 0.5 45
13 99 0.5 45
12 99 0.5 45
12 0 0.5 45
11 98 0.5 45
12 98 0.5 45
10 98 0.5 45
17 97 0.5 45
17 98 0.5 45
16 99 0.5 45
17 99 0.5 45
16 97 0.5 45
15 97 0.5 45
15 96 0.5 45
14 97 0.5 45
10 97 0.5 45
17 96 0.5 45
7 90 0.5 8
8 90 0.5 8
7 89 0.5 8
8 89 0.5 8
9 90 0.5 8
9 89 0.5 8
10 89 0.5 8
9 91 0.5 8
35 57 0.5 39
36 59 0.5 39
35 58 0.5 39
35 59 0.5 39
42 60 0.5 39
41 60 0.5 39
40 60 0.5 39
39 60 0.5 39
38 60 0.5 39
37 58 0.5 39
38 59 0.5 39
37 59 0.5 39
42 59 0.5 39
42 58 0.5 39
42 57 0.5 39
43 56 0.5 39
43 55 0.5 39
43 57 0.5 39
35 60 0.5 39
42 63 0.5 39
41 63 0.5 39
40 63 0.5 39
40 61 0.5 39
40 62 0.5 39
43 63 0.5 39
42 64 0.5 39
41 64 0.5 39
44 64 0.5 39
44 63 0.5 39
34 56 0.5 39
33 56 0.5 39
35 56 0.5 39
33 58 0.5 39
33 57 0.5 39
32 57 0.5 39
32 56 0.5 39
36 55 0.5 39
36 54 0.5 39
35 55 0.5 39
50 60 0.5 15
50 61 0.5 15
51 61 0.5 15
51 60 0.5 15
49 61 0.5 15
52 61 0.5 15
50 62 0.5 15
50 63 0.5 15
51 63 0.5 15
55 61 0.5 15
55 62 0.5 15
53 61 0.5 15
53 62 0.5 15
54 62 0.5 15
53 63 0.5 15
44 32 0.5 1
90 75 0.5 12
90 74 0.5 12
91 76 0.5 12
90 76 0.5 12
91 70 0.5 12
91 71 0.5 12
91 72 0.5 12
92 70 0.5 12
90 71 0.5 12
90 73 0.5 12
91 73 0.5 12
92 73 0.5 12
4 20 0.5 1
20 79 0.5 2
19 79 0.5 2
32 93 0.5 7
32 94 0.5 7
30 91 0.5 7
30 90 0.5 7
31 93 0.5 7
30 92 0.5 7
31 92 0.5 7
64 78 0.5 2
65 78 0.5 2
39 83 0.5 21
39 82 0.5 21
38 83 0.5 21
38 82 0.5 21
35 83 0.5 21
37 83 0.5 21
36 85 0.5 21
36 84 0.5 21
36 83 0.5 21
36 86 0.5 21
34 82 0.5 21
33 83 0.5 21
33 82 0.5 21
31 82 0.5 21
32 82 0.5 21
34 81 0.5 21
35 81 0.5 21
37 81 0.5 21
36 81 0.5 21
34 80 0.5 21
38 81 0.5 21
96 13 0.5 6
96 12 0.5 6
97 13 0.5 6
95 14 0.5 6
96 14 0.5 6
94 14 0.5 6
58 42 0.5 1
21 22 0.5 2
22 22 0.5 2
53 6 0.5 4
52 7 0.5 4
53 7 0.5 4
51 7 0.5 4
97 90 0.5 7
98 89 0.5 7
98 90 0.5 7
97 92 0.5 7
98 92 0.5 7
97 91 0.5 7
99 92 0.5 7
89 42 0.5 1
7 93 0.5 1
26 69 0.5 1
