65 72 0.5 49
67 72 0.5 49
67 73 0.5 49
66 72 0.5 49
65 71 0.5 49
64 72 0.5 49
67 75 0.5 49
68 74 0.5 49
67 74 0.5 49
63 72 0.5 49
63 73 0.5 49
63 75 0.5 49
63 74 0.5 49
62 73 0.5 49
61 70 0.5 49
61 72 0.5 49
61 73 0.5 49
60 73 0.5 49
61 71 0.5 49
60 74 0.5 49
71 72 0.5 49
71 73 0.5 49
71 74 0.5 49
72 74 0.5 49
70 74 0.5 49
69 75 0.5 49
69 74 0.5 49
56 73 0.5 49
55 72 0.5 49
55 71 0.5 49
56 72 0.5 49
54 71 0.5 49
56 74 0.5 49
57 75 0.5 49
56 75 0.5 49
55 70 0.5 49
60 75 0.5 49
59 75 0.5 49
58 75 0.5 49
61 77 0.5 49
60 77 0.5 49
60 76 0.5 49
59 76 0.5 49
57 76 0.5 49
58 76 0.5 49
58 77 0.5 49
56 70 0.5 49
56 69 0.5 49
56 68 0.5 49
3 25 0.5 140
2 25 0.5 140
2 24 0.5 140
8 28 0.5 140
8 29 0.5 140
9 28 0.5 140
7 29 0.5 140
10 28 0.5 140
5 27 0.5 140
5 28 0.5 140
6 28 0.5 140
7 28 0.5 140
4 27 0.5 140
5 29 0.5 140
11 28 0.5 140
12 28 0.5 140
10 27 0.5 140
9 27 0.5 140
14 30 0.5 140
13 30 0.5 140
13 29 0.5 140
13 27 0.5 140
13 28 0.5 140
14 26 0.5 140
14 27 0.5 140
15 31 0.5 140
15 30 0.5 140
5 26 0.5 140
4 26 0.5 140
4 25 0.5 140
18 31 0.5 140
17 31 0.5 140
17 30 0.5 140
16 31 0.5 140
16 32 0.5 140
14 36 0.5 140
14 37 0.5 140
13 40 0.5 140
13 39 0.5 140
13 38 0.5 140
13 37 0.5 140
15 36 0.5 140
15 37 0.5 140
18 33 0.5 140
17 33 0.5 140
18 34 0.5 140
16 33 0.5 140
17 32 0.5 140
19 34 0.5 140
16 34 0.5 140
15 34 0.5 140
15 35 0.5 140
20 35 0.5 140
19 35 0.5 140
19 36 0.5 140
21 35 0.5 140
22 35 0.5 140
23 35 0.5 140
9 30 0.5 140
8 30 0.5 140
9 42 0.5 140
8 42 0.5 140
10 41 0.5 140
11 41 0.5 140
11 42 0.5 140
12 42 0.5 140
10 42 0.5 140
9 41 0.5 140
9 40 0.5 140
9 39 0.5 140
10 39 0.5 140
11 39 0.5 140
12 40 0.5 140
11 40 0.5 140
92 25 0.5 140
92 26 0.5 140
91 27 0.5 140
92 27 0.5 140
90 27 0.5 140
93 27 0.5 140
93 26 0.5 140
91 26 0.5 140
95 26 0.5 140
94 26 0.5 140
90 23 0.5 140
90 24 0.5 140
90 25 0.5 140
90 26 0.5 140
91 23 0.5 140
90 29 0.5 140
90 28 0.5 140
92 29 0.5 140
91 29 0.5 140
93 29 0.5 140
95 30 0.5 140
95 31 0.5 140
96 31 0.5 140
96 29 0.5 140
95 29 0.5 140
94 29 0.5 140
98 28 0.5 140
99 28 0.5 140
0 28 0.5 140
0 27 0.5 140
98 29 0.5 140
97 28 0.5 140
96 28 0.5 140
96 27 0.5 140
2 27 0.5 140
1 27 0.5 140
3 29 0.5 140
4 29 0.5 140
2 30 0.5 140
2 29 0.5 140
2 28 0.5 140
90 30 0.5 140
89 30 0.5 140
2 32 0.5 140
3 31 0.5 140
2 31 0.5 140
1 42 0.5 140
2 42 0.5 140
3 42 0.5 140
0 42 0.5 140
7 42 0.5 140
6 42 0.5 140
6 43 0.5 140
5 43 0.5 140
4 42 0.5 140
5 42 0.5 140
4 41 0.5 140
7 43 0.5 140
1 41 0.5 140
7 45 0.5 140
7 44 0.5 140
8 44 0.5 140
2 38 0.5 140
1 39 0.5 140
1 40 0.5 140
2 39 0.5 140
12 74 0.5 40
11 74 0.5 40
11 72 0.5 40
10 72 0.5 40
11 73 0.5 40
9 75 0.5 40
10 75 0.5 40
8 75 0.5 40
11 75 0.5 40
7 75 0.5 40
5 77 0.5 40
7 76 0.5 40
7 77 0.5 40
6 77 0.5 40
7 80 0.5 40
6 80 0.5 40
6 79 0.5 40
6 78 0.5 40
6 81 0.5 40
7 78 0.5 40
8 78 0.5 40
9 78 0.5 40
4 76 0.5 40
5 76 0.5 40
3 76 0.5 40
1 79 0.5 40
2 77 0.5 40
1 77 0.5 40
1 78 0.5 40
2 76 0.5 40
0 80 0.5 40
1 80 0.5 40
1 81 0.5 40
2 81 0.5 40
2 82 0.5 40
0 78 0.5 40
2 83 0.5 40
2 84 0.5 40
1 85 0.5 40
2 85 0.5 40
69 27 0.5 80
67 27 0.5 80
68 27 0.5 80
70 27 0.5 80
72 27 0.5 80
71 27 0.5 80
72 26 0.5 80
71 28 0.5 80
71 29 0.5 80
64 27 0.5 80
64 26 0.5 80
66 27 0.5 80
65 27 0.5 80
65 26 0.5 80
65 25 0.5 80
72 25 0.5 80
63 23 0.5 80
65 24 0.5 80
64 24 0.5 80
63 24 0.5 80
64 25 0.5 80
62 23 0.5 80
65 23 0.5 80
58 21 0.5 80
58 19 0.5 80
59 19 0.5 80
59 21 0.5 80
59 20 0.5 80
60 22 0.5 80
60 21 0.5 80
61 21 0.5 80
62 21 0.5 80
62 20 0.5 80
61 19 0.5 80
62 19 0.5 80
63 19 0.5 80
58 22 0.5 80
63 21 0.5 80
64 21 0.5 80
67 21 0.5 80
66 21 0.5 80
65 21 0.5 80
57 18 0.5 80
55 18 0.5 80
56 18 0.5 80
57 19 0.5 80
63 22 0.5 80
55 20 0.5 80
53 19 0.5 80
53 18 0.5 80
53 20 0.5 80
54 19 0.5 80
54 20 0.5 80
55 19 0.5 80
53 15 0.5 80
53 16 0.5 80
53 17 0.5 80
52 20 0.5 80
51 21 0.5 80
51 20 0.5 80
62 29 0.5 80
63 29 0.5 80
61 29 0.5 80
59 27 0.5 80
60 27 0.5 80
58 27 0.5 80
61 28 0.5 80
60 28 0.5 80
58 24 0.5 80
58 25 0.5 80
58 26 0.5 80
60 29 0.5 80
64 29 0.5 80
64 28 0.5 80
64 30 0.5 80
57 26 0.5 80
57 27 0.5 80
60 30 0.5 80
58 29 0.5 80
58 28 0.5 80
24 55 0.5 39
24 54 0.5 39
22 55 0.5 39
22 56 0.5 39
23 55 0.5 39
21 52 0.5 39
22 54 0.5 39
22 52 0.5 39
22 53 0.5 39
23 60 0.5 39
24 60 0.5 39
22 60 0.5 39
21 61 0.5 39
22 61 0.5 39
23 61 0.5 39
24 58 0.5 39
23 58 0.5 39
22 59 0.5 39
22 58 0.5 39
21 57 0.5 39
21 58 0.5 39
25 60 0.5 39
25 59 0.5 39
25 61 0.5 39
26 60 0.5 39
25 58 0.5 39
26 58 0.5 39
27 61 0.5 39
28 61 0.5 39
26 61 0.5 39
27 60 0.5 39
27 57 0.5 39
26 57 0.5 39
25 55 0.5 39
26 55 0.5 39
26 56 0.5 39
25 56 0.5 39
21 51 0.5 39
20 57 0.5 39
76 38 0.5 65
77 38 0.5 65
77 39 0.5 65
75 37 0.5 65
74 37 0.5 65
75 38 0.5 65
75 36 0.5 65
77 37 0.5 65
78 37 0.5 65
79 37 0.5 65
80 37 0.5 65
81 37 0.5 65
79 38 0.5 65
82 37 0.5 65
82 38 0.5 65
81 38 0.5 65
81 39 0.5 65
83 37 0.5 65
83 36 0.5 65
73 39 0.5 65
73 40 0.5 65
72 40 0.5 65
74 39 0.5 65
75 41 0.5 65
75 40 0.5 65
74 41 0.5 65
73 41 0.5 65
76 41 0.5 65
75 42 0.5 65
73 38 0.5 65
74 38 0.5 65
73 44 0.5 65
74 44 0.5 65
72 44 0.5 65
72 45 0.5 65
72 46 0.5 65
72 47 0.5 65
71 48 0.5 65
71 49 0.5 65
71 47 0.5 65
72 50 0.5 65
71 50 0.5 65
70 46 0.5 65
71 46 0.5 65
72 43 0.5 65
72 42 0.5 65
72 41 0.5 65
71 41 0.5 65
67 55 0.5 65
68 55 0.5 65
68 57 0.5 65
68 56 0.5 65
69 56 0.5 65
66 55 0.5 65
70 56 0.5 65
71 56 0.5 65
72 56 0.5 65
73 53 0.5 65
73 52 0.5 65
73 51 0.5 65
72 51 0.5 65
73 55 0.5 65
72 55 0.5 65
73 54 0.5 65
74 51 0.5 65
38 66 0.5 6
39 66 0.5 6
40 66 0.5 6
40 67 0.5 6
37 66 0.5 6
37 65 0.5 6
86 78 0.5 44
86 79 0.5 44
86 77 0.5 44
88 78 0.5 44
88 79 0.5 44
88 77 0.5 44
87 79 0.5 44
88 76 0.5 44
86 76 0.5 44
87 76 0.5 44
86 74 0.5 44
86 75 0.5 44
87 74 0.5 44
85 76 0.5 44
85 75 0.5 44
88 84 0.5 44
89 84 0.5 44
87 84 0.5 44
87 83 0.5 44
88 85 0.5 44
85 82 0.5 44
86 82 0.5 44
86 81 0.5 44
87 82 0.5 44
86 80 0.5 44
87 80 0.5 44
90 84 0.5 44
83 73 0.5 44
83 72 0.5 44
82 71 0.5 44
83 71 0.5 44
83 74 0.5 44
83 75 0.5 44
82 74 0.5 44
84 75 0.5 44
84 79 0.5 44
84 78 0.5 44
83 78 0.5 44
82 76 0.5 44
83 76 0.5 44
82 77 0.5 44
82 78 0.5 44
81 76 0.5 44
80 76 0.5 44
37 15 0.5 154
37 14 0.5 154
36 14 0.5 154
33 15 0.5 154
33 14 0.5 154
34 14 0.5 154
35 14 0.5 154
32 15 0.5 154
31 15 0.5 154
31 16 0.5 154
31 14 0.5 154
29 17 0.5 154
29 18 0.5 154
31 17 0.5 154
30 17 0.5 154
30 15 0.5 154
28 17 0.5 154
37 16 0.5 154
37 17 0.5 154
32 23 0.5 154
33 22 0.5 154
32 22 0.5 154
31 22 0.5 154
31 18 0.5 154
31 20 0.5 154
31 19 0.5 154
31 21 0.5 154
32 21 0.5 154
30 19 0.5 154
40 21 0.5 154
40 20 0.5 154
38 20 0.5 154
39 20 0.5 154
41 20 0.5 154
38 21 0.5 154
38 22 0.5 154
37 21 0.5 154
38 19 0.5 154
38 18 0.5 154
38 17 0.5 154
40 5 0.5 154
40 6 0.5 154
41 6 0.5 154
38 8 0.5 154
39 8 0.5 154
39 9 0.5 154
40 8 0.5 154
40 7 0.5 154
39 15 0.5 154
39 13 0.5 154
38 14 0.5 154
39 14 0.5 154
39 12 0.5 154
39 11 0.5 154
39 10 0.5 154
29 9 0.5 154
29 8 0.5 154
29 7 0.5 154
28 11 0.5 154
28 9 0.5 154
28 10 0.5 154
27 11 0.5 154
26 11 0.5 154
25 11 0.5 154
32 11 0.5 154
32 12 0.5 154
31 11 0.5 154
31 10 0.5 154
32 13 0.5 154
31 13 0.5 154
30 10 0.5 154
30 9 0.5 154
25 10 0.5 154
25 2 0.5 154
24 2 0.5 154
25 3 0.5 154
24 3 0.5 154
25 1 0.5 154
24 0 0.5 154
24 1 0.5 154
23 0 0.5 154
22 0 0.5 154
25 0 0.5 154
24 99 0.5 154
23 99 0.5 154
22 99 0.5 154
26 2 0.5 154
21 8 0.5 154
21 7 0.5 154
22 6 0.5 154
22 7 0.5 154
23 5 0.5 154
22 5 0.5 154
23 4 0.5 154
24 4 0.5 154
26 5 0.5 154
27 6 0.5 154
26 6 0.5 154
28 6 0.5 154
29 6 0.5 154
25 4 0.5 154
25 5 0.5 154
24 5 0.5 154
42 6 0.5 154
43 6 0.5 154
43 5 0.5 154
43 4 0.5 154
29 5 0.5 154
29 4 0.5 154
17 6 0.5 154
18 7 0.5 154
17 7 0.5 154
18 8 0.5 154
16 7 0.5 154
15 6 0.5 154
16 6 0.5 154
14 6 0.5 154
14 7 0.5 154
18 3 0.5 154
17 3 0.5 154
18 5 0.5 154
17 5 0.5 154
17 4 0.5 154
18 6 0.5 154
17 2 0.5 154
18 2 0.5 154
19 2 0.5 154
18 1 0.5 154
18 0 0.5 154
17 1 0.5 154
16 0 0.5 154
17 0 0.5 154
15 0 0.5 154
19 6 0.5 154
20 5 0.5 154
20 7 0.5 154
20 6 0.5 154
14 0 0.5 154
14 99 0.5 154
13 99 0.5 154
13 0 0.5 154
12 98 0.5 154
13 98 0.5 154
11 98 0.5 154
18 97 0.5 154
18 98 0.5 154
17 99 0.5 154
18 99 0.5 154
17 97 0.5 154
16 97 0.5 154
16 96 0.5 154
15 97 0.5 154
11 97 0.5 154
18 96 0.5 154
21 44 0.5 39
20 44 0.5 39
20 45 0.5 39
22 45 0.5 39
22 44 0.5 39
23 45 0.5 39
22 46 0.5 39
25 45 0.5 39
25 44 0.5 39
24 45 0.5 39
24 46 0.5 39
24 47 0.5 39
23 46 0.5 39
21 43 0.5 39
20 43 0.5 39
27 41 0.5 39
28 41 0.5 39
26 41 0.5 39
27 40 0.5 39
26 43 0.5 39
26 42 0.5 39
25 43 0.5 39
24 43 0.5 39
32 39 0.5 39
32 40 0.5 39
33 39 0.5 39
29 40 0.5 39
30 40 0.5 39
31 40 0.5 39
29 41 0.5 39
29 42 0.5 39
28 42 0.5 39
31 38 0.5 39
32 38 0.5 39
30 38 0.5 39
30 37 0.5 39
29 37 0.5 39
31 37 0.5 39
19 43 0.5 39
86 98 0.5 60
86 99 0.5 60
85 98 0.5 60
85 97 0.5 60
83 98 0.5 60
84 99 0.5 60
83 99 0.5 60
84 98 0.5 60
85 96 0.5 60
89 99 0.5 60
89 0 0.5 60
88 99 0.5 60
87 99 0.5 60
87 0 0.5 60
93 98 0.5 60
92 98 0.5 60
92 97 0.5 60
91 97 0.5 60
90 97 0.5 60
90 98 0.5 60
89 98 0.5 60
89 96 0.5 60
88 96 0.5 60
87 96 0.5 60
86 96 0.5 60
88 95 0.5 60
88 94 0.5 60
86 95 0.5 60
86 94 0.5 60
88 91 0.5 60
88 92 0.5 60
88 93 0.5 60
87 91 0.5 60
87 90 0.5 60
85 89 0.5 60
86 89 0.5 60
86 91 0.5 60
86 90 0.5 60
95 1 0.5 60
94 1 0.5 60
93 1 0.5 60
97 99 0.5 60
97 0 0.5 60
97 98 0.5 60
98 98 0.5 60
95 0 0.5 60
96 0 0.5 60
98 97 0.5 60
93 0 0.5 60
93 99 0.5 60
98 96 0.5 60
92 0 0.5 60
99 97 0.5 60
0 97 0.5 60
95 2 0.5 60
99 98 0.5 60
91 2 0.5 60
91 1 0.5 60
91 0 0.5 60
95 3 0.5 60
41 46 0.5 16
41 45 0.5 16
41 43 0.5 16
41 44 0.5 16
40 42 0.5 16
40 43 0.5 16
44 42 0.5 16
45 42 0.5 16
45 41 0.5 16
44 43 0.5 16
44 44 0.5 16
45 44 0.5 16
46 44 0.5 16
42 44 0.5 16
43 44 0.5 16
45 40 0.5 16
92 56 0.5 48
93 56 0.5 48
94 56 0.5 48
94 55 0.5 48
91 56 0.5 48
95 55 0.5 48
92 55 0.5 48
89 58 0.5 48
89 57 0.5 48
90 57 0.5 48
89 61 0.5 48
89 59 0.5 48
89 60 0.5 48
90 56 0.5 48
95 54 0.5 48
93 58 0.5 48
93 57 0.5 48
93 59 0.5 48
94 59 0.5 48
95 59 0.5 48
92 58 0.5 48
94 54 0.5 48
94 52 0.5 48
94 53 0.5 48
95 53 0.5 48
92 52 0.5 48
93 52 0.5 48
89 62 0.5 48
89 63 0.5 48
99 54 0.5 48
98 54 0.5 48
97 54 0.5 48
98 53 0.5 48
99 55 0.5 48
96 52 0.5 48
96 53 0.5 48
96 54 0.5 48
0 54 0.5 48
87 64 0.5 48
88 64 0.5 48
89 64 0.5 48
84 65 0.5 48
84 64 0.5 48
84 66 0.5 48
86 65 0.5 48
87 65 0.5 48
85 65 0.5 48
83 64 0.5 48
54 89 0.5 24
53 89 0.5 24
52 88 0.5 24
53 88 0.5 24
53 87 0.5 24
52 84 0.5 24
54 84 0.5 24
54 85 0.5 24
53 84 0.5 24
55 85 0.5 24
54 86 0.5 24
53 86 0.5 24
51 84 0.5 24
48 86 0.5 24
48 87 0.5 24
48 89 0.5 24
48 88 0.5 24
50 89 0.5 24
49 89 0.5 24
50 88 0.5 24
51 87 0.5 24
51 88 0.5 24
47 89 0.5 24
47 88 0.5 24
7 59 0.5 31
6 59 0.5 31
8 60 0.5 31
8 59 0.5 31
3 61 0.5 31
2 61 0.5 31
2 62 0.5 31
3 62 0.5 31
1 62 0.5 31
1 64 0.5 31
1 63 0.5 31
2 65 0.5 31
3 64 0.5 31
2 64 0.5 31
4 61 0.5 31
4 60 0.5 31
4 59 0.5 31
4 64 0.5 31
5 59 0.5 31
5 58 0.5 31
8 55 0.5 31
8 56 0.5 31
8 57 0.5 31
8 58 0.5 31
7 58 0.5 31
6 58 0.5 31
3 66 0.5 31
2 66 0.5 31
0 64 0.5 31
0 65 0.5 31
0 66 0.5 31
78 14 0.5 18
78 15 0.5 18
79 15 0.5 18
79 14 0.5 18
80 15 0.5 18
81 15 0.5 18
81 14 0.5 18
77 13 0.5 18
76 13 0.5 18
76 14 0.5 18
75 13 0.5 18
78 13 0.5 18
74 15 0.5 18
74 14 0.5 18
74 13 0.5 18
73 13 0.5 18
78 11 0.5 18
78 12 0.5 18
62 97 0.5 16
63 97 0.5 16
61 97 0.5 16
60 97 0.5 16
61 98 0.5 16
67 98 0.5 16
67 97 0.5 16
64 98 0.5 16
65 98 0.5 16
66 98 0.5 16
64 97 0.5 16
66 97 0.5 16
68 98 0.5 16
60 98 0.5 16
59 98 0.5 16
58 98 0.5 16
7 90 0.5 8
8 90 0.5 8
7 89 0.5 8
8 89 0.5 8
9 90 0.5 8
9 89 0.5 8
10 89 0.5 8
9 91 0.5 8
35 58 0.5 39
36 60 0.5 39
35 59 0.5 39
35 60 0.5 39
42 61 0.5 39
41 61 0.5 39
40 61 0.5 39
39 61 0.5 39
38 61 0.5 39
37 59 0.5 39
38 60 0.5 39
37 60 0.5 39
42 60 0.5 39
42 59 0.5 39
42 58 0.5 39
43 57 0.5 39
43 56 0.5 39
43 58 0.5 39
35 61 0.5 39
42 64 0.5 39
41 64 0.5 39
40 64 0.5 39
40 62 0.5 39
40 63 0.5 39
43 64 0.5 39
42 65 0.5 39
41 65 0.5 39
44 65 0.5 39
44 64 0.5 39
34 57 0.5 39
33 57 0.5 39
35 57 0.5 39
33 59 0.5 39
33 58 0.5 39
32 58 0.5 39
32 57 0.5 39
36 56 0.5 39
36 55 0.5 39
35 56 0.5 39
49 60 0.5 15
49 61 0.5 15
50 61 0.5 15
50 60 0.5 15
48 61 0.5 15
51 61 0.5 15
49 62 0.5 15
49 63 0.5 15
50 63 0.5 15
54 61 0.5 15
54 62 0.5 15
52 61 0.5 15
52 62 0.5 15
53 62 0.5 15
52 63 0.5 15
43 32 0.5 1
90 76 0.5 12
90 75 0.5 12
91 77 0.5 12
90 77 0.5 12
91 71 0.5 12
91 72 0.5 12
91 73 0.5 12
92 71 0.5 12
90 72 0.5 12
90 74 0.5 12
91 74 0.5 12
92 74 0.5 12
4 21 0.5 1
21 79 0.5 2
20 79 0.5 2
31 93 0.5 7
31 94 0.5 7
29 91 0.5 7
29 90 0.5 7
30 93 0.5 7
29 92 0.5 7
30 92 0.5 7
64 79 0.5 2
65 79 0.5 2
40 83 0.5 21
40 82 0.5 21
39 83 0.5 21
39 82 0.5 21
36 83 0.5 21
38 83 0.5 21
37 85 0.5 21
37 84 0.5 21
37 83 0.5 21
37 86 0.5 21
35 82 0.5 21
34 83 0.5 21
34 82 0.5 21
32 82 0.5 21
33 82 0.5 21
35 81 0.5 21
36 81 0.5 21
38 81 0.5 21
37 81 0.5 21
35 80 0.5 21
39 81 0.5 21
96 12 0.5 6
96 11 0.5 6
97 12 0.5 6
95 13 0.5 6
96 13 0.5 6
94 13 0.5 6
58 41 0.5 1
20 22 0.5 2
21 22 0.5 2
52 6 0.5 4
51 7 0.5 4
52 7 0.5 4
50 7 0.5 4
97 89 0.5 7
98 88 0.5 7
98 89 0.5 7
97 91 0.5 7
98 91 0.5 7
97 90 0.5 7
99 91 0.5 7
89 43 0.5 1
6 93 0.5 1
27 69 0.5 1
