64 72 0.5 49
66 72 0.5 49
66 73 0.5 49
65 72 0.5 49
64 71 0.5 49
63 72 0.5 49
66 75 0.5 49
67 74 0.5 49
66 74 0.5 49
62 72 0.5 49
62 73 0.5 49
62 75 0.5 49
62 74 0.5 49
61 73 0.5 49
60 70 0.5 49
60 72 0.5 49
60 73 0.5 49
59 73 0.5 49
60 71 0.5 49
59 74 0.5 49
70 72 0.5 49
70 73 0.5 49
70 74 0.5 49
71 74 0.5 49
69 74 0.5 49
68 75 0.5 49
68 74 0.5 49
55 73 0.5 49
54 72 0.5 49
54 71 0.5 49
55 72 0.5 49
53 71 0.5 49
55 74 0.5 49
56 75 0.5 49
55 75 0.5 49
54 70 0.5 49
59 75 0.5 49
58 75 0.5 49
57 75 0.5 49
60 77 0.5 49
59 77 0.5 49
59 76 0.5 49
58 76 0.5 49
56 76 0.5 49
57 76 0.5 49
57 77 0.5 49
55 70 0.5 49
55 69 0.5 49
55 68 0.5 49
4 25 0.5 140
3 25 0.5 140
3 24 0.5 140
9 28 0.5 140
9 29 0.5 140
10 28 0.5 140
8 29 0.5 140
11 28 0.5 140
6 27 0.5 140
6 28 0.5 140
7 28 0.5 140
8 28 0.5 140
5 27 0.5 140
6 29 0.5 140
12 28 0.5 140
13 28 0.5 140
11 27 0.5 140
10 27 0.5 140
15 30 0.5 140
14 30 0.5 140
14 29 0.5 140
14 27 0.5 140
14 28 0.5 140
15 26 0.5 140
15 27 0.5 140
16 31 0.5 140
16 30 0.5 140
6 26 0.5 140
5 26 0.5 140
5 25 0.5 140
19 31 0.5 140
18 31 0.5 140
18 30 0.5 140
17 31 0.5 140
17 32 0.5 140
15 36 0.5 140
15 37 0.5 140
14 40 0.5 140
14 39 0.5 140
14 38 0.5 140
14 37 0.5 140
16 36 0.5 140
16 37 0.5 140
19 33 0.5 140
18 33 0.5 140
19 34 0.5 140
17 33 0.5 140
18 32 0.5 140
20 34 0.5 140
17 34 0.5 140
16 34 0.5 140
16 35 0.5 140
21 35 0.5 140
20 35 0.5 140
20 36 0.5 140
22 35 0.5 140
23 35 0.5 140
24 35 0.5 140
10 30 0.5 140
9 30 0.5 140
10 42 0.5 140
9 42 0.5 140
11 41 0.5 140
12 41 0.5 140
12 42 0.5 140
13 42 0.5 140
11 42 0.5 140
10 41 0.5 140
10 40 0.5 140
10 39 0.5 140
11 39 0.5 140
12 39 0.5 140
13 40 0.5 140
12 40 0.5 140
93 25 0.5 140
93 26 0.5 140
92 27 0.5 140
93 27 0.5 140
91 27 0.5 140
94 27 0.5 140
94 26 0.5 140
92 26 0.5 140
96 26 0.5 140
95 26 0.5 140
91 23 0.5 140
91 24 0.5 140
91 25 0.5 140
91 26 0.5 140
92 23 0.5 140
91 29 0.5 140
91 28 0.5 140
93 29 0.5 140
92 29 0.5 140
94 29 0.5 140
96 30 0.5 140
96 31 0.5 140
97 31 0.5 140
97 29 0.5 140
96 29 0.5 140
95 29 0.5 140
99 28 0.5 140
0 28 0.5 140
1 28 0.5 140
1 27 0.5 140
99 29 0.5 140
98 28 0.5 140
97 28 0.5 140
97 27 0.5 140
3 27 0.5 140
2 27 0.5 140
4 29 0.5 140
5 29 0.5 140
3 30 0.5 140
3 29 0.5 140
3 28 0.5 140
91 30 0.5 140
90 30 0.5 140
3 32 0.5 140
4 31 0.5 140
3 31 0.5 140
2 42 0.5 140
3 42 0.5 140
4 42 0.5 140
1 42 0.5 140
8 42 0.5 140
7 42 0.5 140
7 43 0.5 140
6 43 0.5 140
5 42 0.5 140
6 42 0.5 140
5 41 0.5 140
8 43 0.5 140
2 41 0.5 140
8 45 0.5 140
8 44 0.5 140
9 44 0.5 140
3 38 0.5 140
2 39 0.5 140
2 40 0.5 140
3 39 0.5 140
13 74 0.5 40
12 74 0.5 40
12 72 0.5 40
11 72 0.5 40
12 73 0.5 40
10 75 0.5 40
11 75 0.5 40
9 75 0.5 40
12 75 0.5 40
8 75 0.5 40
6 77 0.5 40
8 76 0.5 40
8 77 0.5 40
7 77 0.5 40
8 80 0.5 40
7 80 0.5 40
7 79 0.5 40
7 78 0.5 40
7 81 0.5 40
8 78 0.5 40
9 78 0.5 40
10 78 0.5 40
5 76 0.5 40
6 76 0.5 40
4 76 0.5 40
2 79 0.5 40
3 77 0.5 40
2 77 0.5 40
2 78 0.5 40
3 76 0.5 40
1 80 0.5 40
2 80 0.5 40
2 81 0.5 40
3 81 0.5 40
3 82 0.5 40
1 78 0.5 40
3 83 0.5 40
3 84 0.5 40
2 85 0.5 40
3 85 0.5 40
69 26 0.5 80
67 26 0.5 80
68 26 0.5 80
70 26 0.5 80
72 26 0.5 80
71 26 0.5 80
72 25 0.5 80
71 27 0.5 80
71 28 0.5 80
64 26 0.5 80
64 25 0.5 80
66 26 0.5 80
65 26 0.5 80
65 25 0.5 80
65 24 0.5 80
72 24 0.5 80
63 22 0.5 80
65 23 0.5 80
64 23 0.5 80
63 23 0.5 80
64 24 0.5 80
62 22 0.5 80
65 22 0.5 80
58 20 0.5 80
58 18 0.5 80
59 18 0.5 80
59 20 0.5 80
59 19 0.5 80
60 21 0.5 80
60 20 0.5 80
61 20 0.5 80
62 20 0.5 80
62 19 0.5 80
61 18 0.5 80
62 18 0.5 80
63 18 0.5 80
58 21 0.5 80
63 20 0.5 80
64 20 0.5 80
67 20 0.5 80
66 20 0.5 80
65 20 0.5 80
57 17 0.5 80
55 17 0.5 80
56 17 0.5 80
57 18 0.5 80
63 21 0.5 80
55 19 0.5 80
53 18 0.5 80
53 17 0.5 80
53 19 0.5 80
54 18 0.5 80
54 19 0.5 80
55 18 0.5 80
53 14 0.5 80
53 15 0.5 80
53 16 0.5 80
52 19 0.5 80
51 20 0.5 80
51 19 0.5 80
62 28 0.5 80
63 28 0.5 80
61 28 0.5 80
59 26 0.5 80
60 26 0.5 80
58 26 0.5 80
61 27 0.5 80
60 27 0.5 80
58 23 0.5 80
58 24 0.5 80
58 25 0.5 80
60 28 0.5 80
64 28 0.5 80
64 27 0.5 80
64 29 0.5 80
57 25 0.5 80
57 26 0.5 80
60 29 0.5 80
58 28 0.5 80
58 27 0.5 80
24 56 0.5 39
24 55 0.5 39
22 56 0.5 39
22 57 0.5 39
23 56 0.5 39
21 53 0.5 39
22 55 0.5 39
22 53 0.5 39
22 54 0.5 39
23 61 0.5 39
24 61 0.5 39
22 61 0.5 39
21 62 0.5 39
22 62 0.5 39
23 62 0.5 39
24 59 0.5 39
23 59 0.5 39
22 60 0.5 39
22 59 0.5 39
21 58 0.5 39
21 59 0.5 39
25 61 0.5 39
25 60 0.5 39
25 62 0.5 39
26 61 0.5 39
25 59 0.5 39
26 59 0.5 39
27 62 0.5 39
28 62 0.5 39
26 62 0.5 39
27 61 0.5 39
27 58 0.5 39
26 58 0.5 39
25 56 0.5 39
26 56 0.5 39
26 57 0.5 39
25 57 0.5 39
21 52 0.5 39
20 58 0.5 39
76 39 0.5 65
77 39 0.5 65
77 40 0.5 65
75 38 0.5 65
74 38 0.5 65
75 39 0.5 65
75 37 0.5 65
77 38 0.5 65
78 38 0.5 65
79 38 0.5 65
80 38 0.5 65
81 38 0.5 65
79 39 0.5 65
82 38 0.5 65
82 39 0.5 65
81 39 0.5 65
81 40 0.5 65
83 38 0.5 65
83 37 0.5 65
73 40 0.5 65
73 41 0.5 65
72 41 0.5 65
74 40 0.5 65
75 42 0.5 65
75 41 0.5 65
74 42 0.5 65
73 42 0.5 65
76 42 0.5 65
75 43 0.5 65
73 39 0.5 65
74 39 0.5 65
73 45 0.5 65
74 45 0.5 65
72 45 0.5 65
72 46 0.5 65
72 47 0.5 65
72 48 0.5 65
71 49 0.5 65
71 50 0.5 65
71 48 0.5 65
72 51 0.5 65
71 51 0.5 65
70 47 0.5 65
71 47 0.5 65
72 44 0.5 65
72 43 0.5 65
72 42 0.5 65
71 42 0.5 65
67 56 0.5 65
68 56 0.5 65
68 58 0.5 65
68 57 0.5 65
69 57 0.5 65
66 56 0.5 65
70 57 0.5 65
71 57 0.5 65
72 57 0.5 65
73 54 0.5 65
73 53 0.5 65
73 52 0.5 65
72 52 0.5 65
73 56 0.5 65
72 56 0.5 65
73 55 0.5 65
74 52 0.5 65
39 66 0.5 45
40 66 0.5 45
41 66 0.5 45
41 67 0.5 45
38 66 0.5 45
38 65 0.5 45
35 58 0.5 45
36 60 0.5 45
35 59 0.5 45
35 60 0.5 45
42 61 0.5 45
41 61 0.5 45
40 61 0.5 45
39 61 0.5 45
38 61 0.5 45
37 59 0.5 45
38 60 0.5 45
37 60 0.5 45
42 60 0.5 45
42 59 0.5 45
42 58 0.5 45
43 57 0.5 45
43 56 0.5 45
43 58 0.5 45
35 61 0.5 45
42 64 0.5 45
41 64 0.5 45
40 64 0.5 45
40 62 0.5 45
40 63 0.5 45
43 64 0.5 45
42 65 0.5 45
41 65 0.5 45
44 65 0.5 45
44 64 0.5 45
34 57 0.5 45
33 57 0.5 45
35 57 0.5 45
33 59 0.5 45
33 58 0.5 45
32 58 0.5 45
32 57 0.5 45
36 56 0.5 45
36 55 0.5 45
35 56 0.5 45
85 78 0.5 44
85 79 0.5 44
85 77 0.5 44
87 78 0.5 44
87 79 0.5 44
87 77 0.5 44
86 79 0.5 44
87 76 0.5 44
85 76 0.5 44
86 76 0.5 44
85 74 0.5 44
85 75 0.5 44
86 74 0.5 44
84 76 0.5 44
84 75 0.5 44
87 84 0.5 44
88 84 0.5 44
86 84 0.5 44
86 83 0.5 44
87 85 0.5 44
84 82 0.5 44
85 82 0.5 44
85 81 0.5 44
86 82 0.5 44
85 80 0.5 44
86 80 0.5 44
89 84 0.5 44
82 73 0.5 44
82 72 0.5 44
81 71 0.5 44
82 71 0.5 44
82 74 0.5 44
82 75 0.5 44
81 74 0.5 44
83 75 0.5 44
83 79 0.5 44
83 78 0.5 44
82 78 0.5 44
81 76 0.5 44
82 76 0.5 44
81 77 0.5 44
81 78 0.5 44
80 76 0.5 44
79 76 0.5 44
38 15 0.5 154
38 14 0.5 154
37 14 0.5 154
34 15 0.5 154
34 14 0.5 154
35 14 0.5 154
36 14 0.5 154
33 15 0.5 154
32 15 0.5 154
32 16 0.5 154
32 14 0.5 154
30 17 0.5 154
30 18 0.5 154
32 17 0.5 154
31 17 0.5 154
31 15 0.5 154
29 17 0.5 154
38 16 0.5 154
38 17 0.5 154
33 23 0.5 154
34 22 0.5 154
33 22 0.5 154
32 22 0.5 154
32 18 0.5 154
32 20 0.5 154
32 19 0.5 154
32 21 0.5 154
33 21 0.5 154
31 19 0.5 154
41 21 0.5 154
41 20 0.5 154
39 20 0.5 154
40 20 0.5 154
42 20 0.5 154
39 21 0.5 154
39 22 0.5 154
38 21 0.5 154
39 19 0.5 154
39 18 0.5 154
39 17 0.5 154
41 5 0.5 154
41 6 0.5 154
42 6 0.5 154
39 8 0.5 154
40 8 0.5 154
40 9 0.5 154
41 8 0.5 154
41 7 0.5 154
40 15 0.5 154
40 13 0.5 154
39 14 0.5 154
40 14 0.5 154
40 12 0.5 154
40 11 0.5 154
40 10 0.5 154
30 9 0.5 154
30 8 0.5 154
30 7 0.5 154
29 11 0.5 154
29 9 0.5 154
29 10 0.5 154
28 11 0.5 154
27 11 0.5 154
26 11 0.5 154
33 11 0.5 154
33 12 0.5 154
32 11 0.5 154
32 10 0.5 154
33 13 0.5 154
32 13 0.5 154
31 10 0.5 154
31 9 0.5 154
26 10 0.5 154
26 2 0.5 154
25 2 0.5 154
26 3 0.5 154
25 3 0.5 154
26 1 0.5 154
25 0 0.5 154
25 1 0.5 154
24 0 0.5 154
23 0 0.5 154
26 0 0.5 154
25 99 0.5 154
24 99 0.5 154
23 99 0.5 154
27 2 0.5 154
22 8 0.5 154
22 7 0.5 154
23 6 0.5 154
23 7 0.5 154
24 5 0.5 154
23 5 0.5 154
24 4 0.5 154
25 4 0.5 154
27 5 0.5 154
28 6 0.5 154
27 6 0.5 154
29 6 0.5 154
30 6 0.5 154
26 4 0.5 154
26 5 0.5 154
25 5 0.5 154
43 6 0.5 154
44 6 0.5 154
44 5 0.5 154
44 4 0.5 154
30 5 0.5 154
30 4 0.5 154
18 6 0.5 154
19 7 0.5 154
18 7 0.5 154
19 8 0.5 154
17 7 0.5 154
16 6 0.5 154
17 6 0.5 154
15 6 0.5 154
15 7 0.5 154
19 3 0.5 154
18 3 0.5 154
19 5 0.5 154
18 5 0.5 154
18 4 0.5 154
19 6 0.5 154
18 2 0.5 154
19 2 0.5 154
20 2 0.5 154
19 1 0.5 154
19 0 0.5 154
18 1 0.5 154
17 0 0.5 154
18 0 0.5 154
16 0 0.5 154
20 6 0.5 154
21 5 0.5 154
21 7 0.5 154
21 6 0.5 154
15 0 0.5 154
15 99 0.5 154
14 99 0.5 154
14 0 0.5 154
13 98 0.5 154
14 98 0.5 154
12 98 0.5 154
19 97 0.5 154
19 98 0.5 154
18 99 0.5 154
19 99 0.5 154
18 97 0.5 154
17 97 0.5 154
17 96 0.5 154
16 97 0.5 154
12 97 0.5 154
19 96 0.5 154
21 43 0.5 39
20 43 0.5 39
20 44 0.5 39
22 44 0.5 39
22 43 0.5 39
23 44 0.5 39
22 45 0.5 39
25 44 0.5 39
25 43 0.5 39
24 44 0.5 39
24 45 0.5 39
24 46 0.5 39
23 45 0.5 39
21 42 0.5 39
20 42 0.5 39
27 40 0.5 39
28 40 0.5 39
26 40 0.5 39
27 39 0.5 39
26 42 0.5 39
26 41 0.5 39
25 42 0.5 39
24 42 0.5 39
32 38 0.5 39
32 39 0.5 39
33 38 0.5 39
29 39 0.5 39
30 39 0.5 39
31 39 0.5 39
29 40 0.5 39
29 41 0.5 39
28 41 0.5 39
31 37 0.5 39
32 37 0.5 39
30 37 0.5 39
30 36 0.5 39
29 36 0.5 39
31 36 0.5 39
19 42 0.5 39
86 99 0.5 60
86 0 0.5 60
85 99 0.5 60
85 98 0.5 60
83 99 0.5 60
84 0 0.5 60
83 0 0.5 60
84 99 0.5 60
85 97 0.5 60
89 0 0.5 60
89 1 0.5 60
88 0 0.5 60
87 0 0.5 60
87 1 0.5 60
93 99 0.5 60
92 99 0.5 60
92 98 0.5 60
91 98 0.5 60
90 98 0.5 60
90 99 0.5 60
89 99 0.5 60
89 97 0.5 60
88 97 0.5 60
87 97 0.5 60
86 97 0.5 60
88 96 0.5 60
88 95 0.5 60
86 96 0.5 60
86 95 0.5 60
88 92 0.5 60
88 93 0.5 60
88 94 0.5 60
87 92 0.5 60
87 91 0.5 60
85 90 0.5 60
86 90 0.5 60
86 92 0.5 60
86 91 0.5 60
95 2 0.5 60
94 2 0.5 60
93 2 0.5 60
97 0 0.5 60
97 1 0.5 60
97 99 0.5 60
98 99 0.5 60
95 1 0.5 60
96 1 0.5 60
98 98 0.5 60
93 1 0.5 60
93 0 0.5 60
98 97 0.5 60
92 1 0.5 60
99 98 0.5 60
0 98 0.5 60
95 3 0.5 60
99 99 0.5 60
91 3 0.5 60
91 2 0.5 60
91 1 0.5 60
95 4 0.5 60
41 45 0.5 16
41 44 0.5 16
41 42 0.5 16
41 43 0.5 16
40 41 0.5 16
40 42 0.5 16
44 41 0.5 16
45 41 0.5 16
45 40 0.5 16
44 42 0.5 16
44 43 0.5 16
45 43 0.5 16
46 43 0.5 16
42 43 0.5 16
43 43 0.5 16
45 39 0.5 16
92 55 0.5 48
93 55 0.5 48
94 55 0.5 48
94 54 0.5 48
91 55 0.5 48
95 54 0.5 48
92 54 0.5 48
89 57 0.5 48
89 56 0.5 48
90 56 0.5 48
89 60 0.5 48
89 58 0.5 48
89 59 0.5 48
90 55 0.5 48
95 53 0.5 48
93 57 0.5 48
93 56 0.5 48
93 58 0.5 48
94 58 0.5 48
95 58 0.5 48
92 57 0.5 48
94 53 0.5 48
94 51 0.5 48
94 52 0.5 48
95 52 0.5 48
92 51 0.5 48
93 51 0.5 48
89 61 0.5 48
89 62 0.5 48
99 53 0.5 48
98 53 0.5 48
97 53 0.5 48
98 52 0.5 48
99 54 0.5 48
96 51 0.5 48
96 52 0.5 48
96 53 0.5 48
0 53 0.5 48
87 63 0.5 48
88 63 0.5 48
89 63 0.5 48
84 64 0.5 48
84 63 0.5 48
84 65 0.5 48
86 64 0.5 48
87 64 0.5 48
85 64 0.5 48
83 63 0.5 48
54 90 0.5 24
53 90 0.5 24
52 89 0.5 24
53 89 0.5 24
53 88 0.5 24
52 85 0.5 24
54 85 0.5 24
54 86 0.5 24
53 85 0.5 24
55 86 0.5 24
54 87 0.5 24
53 87 0.5 24
51 85 0.5 24
48 87 0.5 24
48 88 0.5 24
48 90 0.5 24
48 89 0.5 24
50 90 0.5 24
49 90 0.5 24
50 89 0.5 24
51 88 0.5 24
51 89 0.5 24
47 90 0.5 24
47 89 0.5 24
7 58 0.5 31
6 58 0.5 31
8 59 0.5 31
8 58 0.5 31
3 60 0.5 31
2 60 0.5 31
2 61 0.5 31
3 61 0.5 31
1 61 0.5 31
1 63 0.5 31
1 62 0.5 31
2 64 0.5 31
3 63 0.5 31
2 63 0.5 31
4 60 0.5 31
4 59 0.5 31
4 58 0.5 31
4 63 0.5 31
5 58 0.5 31
5 57 0.5 31
8 54 0.5 31
8 55 0.5 31
8 56 0.5 31
8 57 0.5 31
7 57 0.5 31
6 57 0.5 31
3 65 0.5 31
2 65 0.5 31
0 63 0.5 31
0 64 0.5 31
0 65 0.5 31
78 15 0.5 18
78 16 0.5 18
79 16 0.5 18
79 15 0.5 18
80 16 0.5 18
81 16 0.5 18
81 15 0.5 18
77 14 0.5 18
76 14 0.5 18
76 15 0.5 18
75 14 0.5 18
78 14 0.5 18
74 16 0.5 18
74 15 0.5 18
74 14 0.5 18
73 14 0.5 18
78 12 0.5 18
78 13 0.5 18
61 97 0.5 16
62 97 0.5 16
60 97 0.5 16
59 97 0.5 16
60 98 0.5 16
66 98 0.5 16
66 97 0.5 16
63 98 0.5 16
64 98 0.5 16
65 98 0.5 16
63 97 0.5 16
65 97 0.5 16
67 98 0.5 16
59 98 0.5 16
58 98 0.5 16
57 98 0.5 16
8 90 0.5 8
9 90 0.5 8
8 89 0.5 8
9 89 0.5 8
10 90 0.5 8
10 89 0.5 8
11 89 0.5 8
10 91 0.5 8
49 59 0.5 15
49 60 0.5 15
50 60 0.5 15
50 59 0.5 15
48 60 0.5 15
51 60 0.5 15
49 61 0.5 15
49 62 0.5 15
50 62 0.5 15
54 60 0.5 15
54 61 0.5 15
52 60 0.5 15
52 61 0.5 15
53 61 0.5 15
52 62 0.5 15
44 32 0.5 1
89 76 0.5 12
89 75 0.5 12
90 77 0.5 12
89 77 0.5 12
90 71 0.5 12
90 72 0.5 12
90 73 0.5 12
91 71 0.5 12
89 72 0.5 12
89 74 0.5 12
90 74 0.5 12
91 74 0.5 12
4 20 0.5 1
21 78 0.5 2
20 78 0.5 2
30 93 0.5 7
30 94 0.5 7
28 91 0.5 7
28 90 0.5 7
29 93 0.5 7
28 92 0.5 7
29 92 0.5 7
64 80 0.5 2
65 80 0.5 2
40 84 0.5 21
40 83 0.5 21
39 84 0.5 21
39 83 0.5 21
36 84 0.5 21
38 84 0.5 21
37 86 0.5 21
37 85 0.5 21
37 84 0.5 21
37 87 0.5 21
35 83 0.5 21
34 84 0.5 21
34 83 0.5 21
32 83 0.5 21
33 83 0.5 21
35 82 0.5 21
36 82 0.5 21
38 82 0.5 21
37 82 0.5 21
35 81 0.5 21
39 82 0.5 21
96 13 0.5 6
96 12 0.5 6
97 13 0.5 6
95 14 0.5 6
96 14 0.5 6
94 14 0.5 6
58 40 0.5 1
20 21 0.5 2
21 21 0.5 2
51 6 0.5 4
50 7 0.5 4
51 7 0.5 4
49 7 0.5 4
98 89 0.5 7
99 88 0.5 7
99 89 0.5 7
98 91 0.5 7
99 91 0.5 7
98 90 0.5 7
0 91 0.5 7
88 43 0.5 1
6 92 0.5 1
28 69 0.5 1
