63 72 0.5 49
65 72 0.5 49
65 73 0.5 49
64 72 0.5 49
63 71 0.5 49
62 72 0.5 49
65 75 0.5 49
66 74 0.5 49
65 74 0.5 49
61 72 0.5 49
61 73 0.5 49
61 75 0.5 49
61 74 0.5 49
60 73 0.5 49
59 70 0.5 49
59 72 0.5 49
59 73 0.5 49
58 73 0.5 49
59 71 0.5 49
58 74 0.5 49
69 72 0.5 49
69 73 0.5 49
69 74 0.5 49
70 74 0.5 49
68 74 0.5 49
67 75 0.5 49
67 74 0.5 49
54 73 0.5 49
53 72 0.5 49
53 71 0.5 49
54 72 0.5 49
52 71 0.5 49
54 74 0.5 49
55 75 0.5 49
54 75 0.5 49
53 70 0.5 49
58 75 0.5 49
57 75 0.5 49
56 75 0.5 49
59 77 0.5 49
58 77 0.5 49
58 76 0.5 49
57 76 0.5 49
55 76 0.5 49
56 76 0.5 49
56 77 0.5 49
54 70 0.5 49
54 69 0.5 49
54 68 0.5 49
4 26 0.5 140
3 26 0.5 140
3 25 0.5 140
9 29 0.5 140
9 30 0.5 140
10 29 0.5 140
8 30 0.5 140
11 29 0.5 140
6 28 0.5 140
6 29 0.5 140
7 29 0.5 140
8 29 0.5 140
5 28 0.5 140
6 30 0.5 140
12 29 0.5 140
13 29 0.5 140
11 28 0.5 140
10 28 0.5 140
15 31 0.5 140
14 31 0.5 140
14 30 0.5 140
14 28 0.5 140
14 29 0.5 140
15 27 0.5 140
15 28 0.5 140
16 32 0.5 140
16 31 0.5 140
6 27 0.5 140
5 27 0.5 140
5 26 0.5 140
19 32 0.5 140
18 32 0.5 140
18 31 0.5 140
17 32 0.5 140
17 33 0.5 140
15 37 0.5 140
15 38 0.5 140
14 41 0.5 140
14 40 0.5 140
14 39 0.5 140
14 38 0.5 140
16 37 0.5 140
16 38 0.5 140
19 34 0.5 140
18 34 0.5 140
19 35 0.5 140
17 34 0.5 140
18 33 0.5 140
20 35 0.5 140
17 35 0.5 140
16 35 0.5 140
16 36 0.5 140
21 36 0.5 140
20 36 0.5 140
20 37 0.5 140
22 36 0.5 140
23 36 0.5 140
24 36 0.5 140
10 31 0.5 140
9 31 0.5 140
10 43 0.5 140
9 43 0.5 140
11 42 0.5 140
12 42 0.5 140
12 43 0.5 140
13 43 0.5 140
11 43 0.5 140
10 42 0.5 140
10 41 0.5 140
10 40 0.5 140
11 40 0.5 140
12 40 0.5 140
13 41 0.5 140
12 41 0.5 140
93 26 0.5 140
93 27 0.5 140
92 28 0.5 140
93 28 0.5 140
91 28 0.5 140
94 28 0.5 140
94 27 0.5 140
92 27 0.5 140
96 27 0.5 140
95 27 0.5 140
91 24 0.5 140
91 25 0.5 140
91 26 0.5 140
91 27 0.5 140
92 24 0.5 140
91 30 0.5 140
91 29 0.5 140
93 30 0.5 140
92 30 0.5 140
94 30 0.5 140
96 31 0.5 140
96 32 0.5 140
97 32 0.5 140
97 30 0.5 140
96 30 0.5 140
95 30 0.5 140
99 29 0.5 140
0 29 0.5 140
1 29 0.5 140
1 28 0.5 140
99 30 0.5 140
98 29 0.5 140
97 29 0.5 140
97 28 0.5 140
3 28 0.5 140
2 28 0.5 140
4 30 0.5 140
5 30 0.5 140
3 31 0.5 140
3 30 0.5 140
3 29 0.5 140
91 31 0.5 140
90 31 0.5 140
3 33 0.5 140
4 32 0.5 140
3 32 0.5 140
2 43 0.5 140
3 43 0.5 140
4 43 0.5 140
1 43 0.5 140
8 43 0.5 140
7 43 0.5 140
7 44 0.5 140
6 44 0.5 140
5 43 0.5 140
6 43 0.5 140
5 42 0.5 140
8 44 0.5 140
2 42 0.5 140
8 46 0.5 140
8 45 0.5 140
9 45 0.5 140
3 39 0.5 140
2 40 0.5 140
2 41 0.5 140
3 40 0.5 140
13 73 0.5 40
12 73 0.5 40
12 71 0.5 40
11 71 0.5 40
12 72 0.5 40
10 74 0.5 40
11 74 0.5 40
9 74 0.5 40
12 74 0.5 40
8 74 0.5 40
6 76 0.5 40
8 75 0.5 40
8 76 0.5 40
7 76 0.5 40
8 79 0.5 40
7 79 0.5 40
7 78 0.5 40
7 77 0.5 40
7 80 0.5 40
8 77 0.5 40
9 77 0.5 40
10 77 0.5 40
5 75 0.5 40
6 75 0.5 40
4 75 0.5 40
2 78 0.5 40
3 76 0.5 40
2 76 0.5 40
2 77 0.5 40
3 75 0.5 40
1 79 0.5 40
2 79 0.5 40
2 80 0.5 40
3 80 0.5 40
3 81 0.5 40
1 77 0.5 40
3 82 0.5 40
3 83 0.5 40
2 84 0.5 40
3 84 0.5 40
68 26 0.5 80
66 26 0.5 80
67 26 0.5 80
69 26 0.5 80
71 26 0.5 80
70 26 0.5 80
71 25 0.5 80
70 27 0.5 80
70 28 0.5 80
63 26 0.5 80
63 25 0.5 80
65 26 0.5 80
64 26 0.5 80
64 25 0.5 80
64 24 0.5 80
71 24 0.5 80
62 22 0.5 80
64 23 0.5 80
63 23 0.5 80
62 23 0.5 80
63 24 0.5 80
61 22 0.5 80
64 22 0.5 80
57 20 0.5 80
57 18 0.5 80
58 18 0.5 80
58 20 0.5 80
58 19 0.5 80
59 21 0.5 80
59 20 0.5 80
60 20 0.5 80
61 20 0.5 80
61 19 0.5 80
60 18 0.5 80
61 18 0.5 80
62 18 0.5 80
57 21 0.5 80
62 20 0.5 80
63 20 0.5 80
66 20 0.5 80
65 20 0.5 80
64 20 0.5 80
56 17 0.5 80
54 17 0.5 80
55 17 0.5 80
56 18 0.5 80
62 21 0.5 80
54 19 0.5 80
52 18 0.5 80
52 17 0.5 80
52 19 0.5 80
53 18 0.5 80
53 19 0.5 80
54 18 0.5 80
52 14 0.5 80
52 15 0.5 80
52 16 0.5 80
51 19 0.5 80
50 20 0.5 80
50 19 0.5 80
61 28 0.5 80
62 28 0.5 80
60 28 0.5 80
58 26 0.5 80
59 26 0.5 80
57 26 0.5 80
60 27 0.5 80
59 27 0.5 80
57 23 0.5 80
57 24 0.5 80
57 25 0.5 80
59 28 0.5 80
63 28 0.5 80
63 27 0.5 80
63 29 0.5 80
56 25 0.5 80
56 26 0.5 80
59 29 0.5 80
57 28 0.5 80
57 27 0.5 80
25 56 0.5 39
25 55 0.5 39
23 56 0.5 39
23 57 0.5 39
24 56 0.5 39
22 53 0.5 39
23 55 0.5 39
23 53 0.5 39
23 54 0.5 39
24 61 0.5 39
25 61 0.5 39
23 61 0.5 39
22 62 0.5 39
23 62 0.5 39
24 62 0.5 39
25 59 0.5 39
24 59 0.5 39
23 60 0.5 39
23 59 0.5 39
22 58 0.5 39
22 59 0.5 39
26 61 0.5 39
26 60 0.5 39
26 62 0.5 39
27 61 0.5 39
26 59 0.5 39
27 59 0.5 39
28 62 0.5 39
29 62 0.5 39
27 62 0.5 39
28 61 0.5 39
28 58 0.5 39
27 58 0.5 39
26 56 0.5 39
27 56 0.5 39
27 57 0.5 39
26 57 0.5 39
22 52 0.5 39
21 58 0.5 39
76 38 0.5 65
77 38 0.5 65
77 39 0.5 65
75 37 0.5 65
74 37 0.5 65
75 38 0.5 65
75 36 0.5 65
77 37 0.5 65
78 37 0.5 65
79 37 0.5 65
80 37 0.5 65
81 37 0.5 65
79 38 0.5 65
82 37 0.5 65
82 38 0.5 65
81 38 0.5 65
81 39 0.5 65
83 37 0.5 65
83 36 0.5 65
73 39 0.5 65
73 40 0.5 65
72 40 0.5 65
74 39 0.5 65
75 41 0.5 65
75 40 0.5 65
74 41 0.5 65
73 41 0.5 65
76 41 0.5 65
75 42 0.5 65
73 38 0.5 65
74 38 0.5 65
73 44 0.5 65
74 44 0.5 65
72 44 0.5 65
72 45 0.5 65
72 46 0.5 65
72 47 0.5 65
71 48 0.5 65
71 49 0.5 65
71 47 0.5 65
72 50 0.5 65
71 50 0.5 65
70 46 0.5 65
71 46 0.5 65
72 43 0.5 65
72 42 0.5 65
72 41 0.5 65
71 41 0.5 65
67 55 0.5 65
68 55 0.5 65
68 57 0.5 65
68 56 0.5 65
69 56 0.5 65
66 55 0.5 65
70 56 0.5 65
71 56 0.5 65
72 56 0.5 65
73 53 0.5 65
73 52 0.5 65
73 51 0.5 65
72 51 0.5 65
73 55 0.5 65
72 55 0.5 65
73 54 0.5 65
74 51 0.5 65
40 66 0.5 45
41 66 0.5 45
42 66 0.5 45
42 67 0.5 45
39 66 0.5 45
39 65 0.5 45
36 58 0.5 45
37 60 0.5 45
36 59 0.5 45
36 60 0.5 45
43 61 0.5 45
42 61 0.5 45
41 61 0.5 45
40 61 0.5 45
39 61 0.5 45
38 59 0.5 45
39 60 0.5 45
38 60 0.5 45
43 60 0.5 45
43 59 0.5 45
43 58 0.5 45
44 57 0.5 45
44 56 0.5 45
44 58 0.5 45
36 61 0.5 45
43 64 0.5 45
42 64 0.5 45
41 64 0.5 45
41 62 0.5 45
41 63 0.5 45
44 64 0.5 45
43 65 0.5 45
42 65 0.5 45
45 65 0.5 45
45 64 0.5 45
35 57 0.5 45
34 57 0.5 45
36 57 0.5 45
34 59 0.5 45
34 58 0.5 45
33 58 0.5 45
33 57 0.5 45
37 56 0.5 45
37 55 0.5 45
36 56 0.5 45
84 78 0.5 44
84 79 0.5 44
84 77 0.5 44
86 78 0.5 44
86 79 0.5 44
86 77 0.5 44
85 79 0.5 44
86 76 0.5 44
84 76 0.5 44
85 76 0.5 44
84 74 0.5 44
84 75 0.5 44
85 74 0.5 44
83 76 0.5 44
83 75 0.5 44
86 84 0.5 44
87 84 0.5 44
85 84 0.5 44
85 83 0.5 44
86 85 0.5 44
83 82 0.5 44
84 82 0.5 44
84 81 0.5 44
85 82 0.5 44
84 80 0.5 44
85 80 0.5 44
88 84 0.5 44
81 73 0.5 44
81 72 0.5 44
80 71 0.5 44
81 71 0.5 44
81 74 0.5 44
81 75 0.5 44
80 74 0.5 44
82 75 0.5 44
82 79 0.5 44
82 78 0.5 44
81 78 0.5 44
80 76 0.5 44
81 76 0.5 44
80 77 0.5 44
80 78 0.5 44
79 76 0.5 44
78 76 0.5 44
39 15 0.5 154
39 14 0.5 154
38 14 0.5 154
35 15 0.5 154
35 14 0.5 154
36 14 0.5 154
37 14 0.5 154
34 15 0.5 154
33 15 0.5 154
33 16 0.5 154
33 14 0.5 154
31 17 0.5 154
31 18 0.5 154
33 17 0.5 154
32 17 0.5 154
32 15 0.5 154
30 17 0.5 154
39 16 0.5 154
39 17 0.5 154
34 23 0.5 154
35 22 0.5 154
34 22 0.5 154
33 22 0.5 154
33 18 0.5 154
33 20 0.5 154
33 19 0.5 154
33 21 0.5 154
34 21 0.5 154
32 19 0.5 154
42 21 0.5 154
42 20 0.5 154
40 20 0.5 154
41 20 0.5 154
43 20 0.5 154
40 21 0.5 154
40 22 0.5 154
39 21 0.5 154
40 19 0.5 154
40 18 0.5 154
40 17 0.5 154
42 5 0.5 154
42 6 0.5 154
43 6 0.5 154
40 8 0.5 154
41 8 0.5 154
41 9 0.5 154
42 8 0.5 154
42 7 0.5 154
41 15 0.5 154
41 13 0.5 154
40 14 0.5 154
41 14 0.5 154
41 12 0.5 154
41 11 0.5 154
41 10 0.5 154
31 9 0.5 154
31 8 0.5 154
31 7 0.5 154
30 11 0.5 154
30 9 0.5 154
30 10 0.5 154
29 11 0.5 154
28 11 0.5 154
27 11 0.5 154
34 11 0.5 154
34 12 0.5 154
33 11 0.5 154
33 10 0.5 154
34 13 0.5 154
33 13 0.5 154
32 10 0.5 154
32 9 0.5 154
27 10 0.5 154
27 2 0.5 154
26 2 0.5 154
27 3 0.5 154
26 3 0.5 154
27 1 0.5 154
26 0 0.5 154
26 1 0.5 154
25 0 0.5 154
24 0 0.5 154
27 0 0.5 154
26 99 0.5 154
25 99 0.5 154
24 99 0.5 154
28 2 0.5 154
23 8 0.5 154
23 7 0.5 154
24 6 0.5 154
24 7 0.5 154
25 5 0.5 154
24 5 0.5 154
25 4 0.5 154
26 4 0.5 154
28 5 0.5 154
29 6 0.5 154
28 6 0.5 154
30 6 0.5 154
31 6 0.5 154
27 4 0.5 154
27 5 0.5 154
26 5 0.5 154
44 6 0.5 154
45 6 0.5 154
45 5 0.5 154
45 4 0.5 154
31 5 0.5 154
31 4 0.5 154
19 6 0.5 154
20 7 0.5 154
19 7 0.5 154
20 8 0.5 154
18 7 0.5 154
17 6 0.5 154
18 6 0.5 154
16 6 0.5 154
16 7 0.5 154
20 3 0.5 154
19 3 0.5 154
20 5 0.5 154
19 5 0.5 154
19 4 0.5 154
20 6 0.5 154
19 2 0.5 154
20 2 0.5 154
21 2 0.5 154
20 1 0.5 154
20 0 0.5 154
19 1 0.5 154
18 0 0.5 154
19 0 0.5 154
17 0 0.5 154
21 6 0.5 154
22 5 0.5 154
22 7 0.5 154
22 6 0.5 154
16 0 0.5 154
16 99 0.5 154
15 99 0.5 154
15 0 0.5 154
14 98 0.5 154
15 98 0.5 154
13 98 0.5 154
20 97 0.5 154
20 98 0.5 154
19 99 0.5 154
20 99 0.5 154
19 97 0.5 154
18 97 0.5 154
18 96 0.5 154
17 97 0.5 154
13 97 0.5 154
20 96 0.5 154
21 44 0.5 39
20 44 0.5 39
20 45 0.5 39
22 45 0.5 39
22 44 0.5 39
23 45 0.5 39
22 46 0.5 39
25 45 0.5 39
25 44 0.5 39
24 45 0.5 39
24 46 0.5 39
24 47 0.5 39
23 46 0.5 39
21 43 0.5 39
20 43 0.5 39
27 41 0.5 39
28 41 0.5 39
26 41 0.5 39
27 40 0.5 39
26 43 0.5 39
26 42 0.5 39
25 43 0.5 39
24 43 0.5 39
32 39 0.5 39
32 40 0.5 39
33 39 0.5 39
29 40 0.5 39
30 40 0.5 39
31 40 0.5 39
29 41 0.5 39
29 42 0.5 39
28 42 0.5 39
31 38 0.5 39
32 38 0.5 39
30 38 0.5 39
30 37 0.5 39
29 37 0.5 39
31 37 0.5 39
19 43 0.5 39
85 99 0.5 60
85 0 0.5 60
84 99 0.5 60
84 98 0.5 60
82 99 0.5 60
83 0 0.5 60
82 0 0.5 60
83 99 0.5 60
84 97 0.5 60
88 0 0.5 60
88 1 0.5 60
87 0 0.5 60
86 0 0.5 60
86 1 0.5 60
92 99 0.5 60
91 99 0.5 60
91 98 0.5 60
90 98 0.5 60
89 98 0.5 60
89 99 0.5 60
88 99 0.5 60
88 97 0.5 60
87 97 0.5 60
86 97 0.5 60
85 97 0.5 60
87 96 0.5 60
87 95 0.5 60
85 96 0.5 60
85 95 0.5 60
87 92 0.5 60
87 93 0.5 60
87 94 0.5 60
86 92 0.5 60
86 91 0.5 60
84 90 0.5 60
85 90 0.5 60
85 92 0.5 60
85 91 0.5 60
94 2 0.5 60
93 2 0.5 60
92 2 0.5 60
96 0 0.5 60
96 1 0.5 60
96 99 0.5 60
97 99 0.5 60
94 1 0.5 60
95 1 0.5 60
97 98 0.5 60
92 1 0.5 60
92 0 0.5 60
97 97 0.5 60
91 1 0.5 60
98 98 0.5 60
99 98 0.5 60
94 3 0.5 60
98 99 0.5 60
90 3 0.5 60
90 2 0.5 60
90 1 0.5 60
94 4 0.5 60
41 46 0.5 16
41 45 0.5 16
41 43 0.5 16
41 44 0.5 16
40 42 0.5 16
40 43 0.5 16
44 42 0.5 16
45 42 0.5 16
45 41 0.5 16
44 43 0.5 16
44 44 0.5 16
45 44 0.5 16
46 44 0.5 16
42 44 0.5 16
43 44 0.5 16
45 40 0.5 16
91 55 0.5 48
92 55 0.5 48
93 55 0.5 48
93 54 0.5 48
90 55 0.5 48
94 54 0.5 48
91 54 0.5 48
88 57 0.5 48
88 56 0.5 48
89 56 0.5 48
88 60 0.5 48
88 58 0.5 48
88 59 0.5 48
89 55 0.5 48
94 53 0.5 48
92 57 0.5 48
92 56 0.5 48
92 58 0.5 48
93 58 0.5 48
94 58 0.5 48
91 57 0.5 48
93 53 0.5 48
93 51 0.5 48
93 52 0.5 48
94 52 0.5 48
91 51 0.5 48
92 51 0.5 48
88 61 0.5 48
88 62 0.5 48
98 53 0.5 48
97 53 0.5 48
96 53 0.5 48
97 52 0.5 48
98 54 0.5 48
95 51 0.5 48
95 52 0.5 48
95 53 0.5 48
99 53 0.5 48
86 63 0.5 48
87 63 0.5 48
88 63 0.5 48
83 64 0.5 48
83 63 0.5 48
83 65 0.5 48
85 64 0.5 48
86 64 0.5 48
84 64 0.5 48
82 63 0.5 48
55 90 0.5 24
54 90 0.5 24
53 89 0.5 24
54 89 0.5 24
54 88 0.5 24
53 85 0.5 24
55 85 0.5 24
55 86 0.5 24
54 85 0.5 24
56 86 0.5 24
55 87 0.5 24
54 87 0.5 24
52 85 0.5 24
49 87 0.5 24
49 88 0.5 24
49 90 0.5 24
49 89 0.5 24
51 90 0.5 24
50 90 0.5 24
51 89 0.5 24
52 88 0.5 24
52 89 0.5 24
48 90 0.5 24
48 89 0.5 24
7 57 0.5 31
6 57 0.5 31
8 58 0.5 31
8 57 0.5 31
3 59 0.5 31
2 59 0.5 31
2 60 0.5 31
3 60 0.5 31
1 60 0.5 31
1 62 0.5 31
1 61 0.5 31
2 63 0.5 31
3 62 0.5 31
2 62 0.5 31
4 59 0.5 31
4 58 0.5 31
4 57 0.5 31
4 62 0.5 31
5 57 0.5 31
5 56 0.5 31
8 53 0.5 31
8 54 0.5 31
8 55 0.5 31
8 56 0.5 31
7 56 0.5 31
6 56 0.5 31
3 64 0.5 31
2 64 0.5 31
0 62 0.5 31
0 63 0.5 31
0 64 0.5 31
77 15 0.5 18
77 16 0.5 18
78 16 0.5 18
78 15 0.5 18
79 16 0.5 18
80 16 0.5 18
80 15 0.5 18
76 14 0.5 18
75 14 0.5 18
75 15 0.5 18
74 14 0.5 18
77 14 0.5 18
73 16 0.5 18
73 15 0.5 18
73 14 0.5 18
72 14 0.5 18
77 12 0.5 18
77 13 0.5 18
61 98 0.5 16
62 98 0.5 16
60 98 0.5 16
59 98 0.5 16
60 99 0.5 16
66 99 0.5 16
66 98 0.5 16
63 99 0.5 16
64 99 0.5 16
65 99 0.5 16
63 98 0.5 16
65 98 0.5 16
67 99 0.5 16
59 99 0.5 16
58 99 0.5 16
57 99 0.5 16
8 91 0.5 8
9 91 0.5 8
8 90 0.5 8
9 90 0.5 8
10 91 0.5 8
10 90 0.5 8
11 90 0.5 8
10 92 0.5 8
49 58 0.5 15
49 59 0.5 15
50 59 0.5 15
50 58 0.5 15
48 59 0.5 15
51 59 0.5 15
49 60 0.5 15
49 61 0.5 15
50 61 0.5 15
54 59 0.5 15
54 60 0.5 15
52 59 0.5 15
52 60 0.5 15
53 60 0.5 15
52 61 0.5 15
44 33 0.5 1
90 76 0.5 12
90 75 0.5 12
91 77 0.5 12
90 77 0.5 12
91 71 0.5 12
91 72 0.5 12
91 73 0.5 12
92 71 0.5 12
90 72 0.5 12
90 74 0.5 12
91 74 0.5 12
92 74 0.5 12
4 19 0.5 1
21 77 0.5 2
20 77 0.5 2
30 94 0.5 7
30 95 0.5 7
28 92 0.5 7
28 91 0.5 7
29 94 0.5 7
28 93 0.5 7
29 93 0.5 7
63 80 0.5 2
64 80 0.5 2
40 83 0.5 21
40 82 0.5 21
39 83 0.5 21
39 82 0.5 21
36 83 0.5 21
38 83 0.5 21
37 85 0.5 21
37 84 0.5 21
37 83 0.5 21
37 86 0.5 21
35 82 0.5 21
34 83 0.5 21
34 82 0.5 21
32 82 0.5 21
33 82 0.5 21
35 81 0.5 21
36 81 0.5 21
38 81 0.5 21
37 81 0.5 21
35 80 0.5 21
39 81 0.5 21
97 13 0.5 6
97 12 0.5 6
98 13 0.5 6
96 14 0.5 6
97 14 0.5 6
95 14 0.5 6
58 39 0.5 1
19 21 0.5 2
20 21 0.5 2
51 7 0.5 4
50 8 0.5 4
51 8 0.5 4
49 8 0.5 4
98 90 0.5 7
99 89 0.5 7
99 90 0.5 7
98 92 0.5 7
99 92 0.5 7
98 91 0.5 7
0 92 0.5 7
88 44 0.5 1
6 91 0.5 1
29 69 0.5 1
