62 72 0.5 49
64 72 0.5 49
64 73 0.5 49
63 72 0.5 49
62 71 0.5 49
61 72 0.5 49
64 75 0.5 49
65 74 0.5 49
64 74 0.5 49
60 72 0.5 49
60 73 0.5 49
60 75 0.5 49
60 74 0.5 49
59 73 0.5 49
58 70 0.5 49
58 72 0.5 49
58 73 0.5 49
57 73 0.5 49
58 71 0.5 49
57 74 0.5 49
68 72 0.5 49
68 73 0.5 49
68 74 0.5 49
69 74 0.5 49
67 74 0.5 49
66 75 0.5 49
66 74 0.5 49
53 73 0.5 49
52 72 0.5 49
52 71 0.5 49
53 72 0.5 49
51 71 0.5 49
53 74 0.5 49
54 75 0.5 49
53 75 0.5 49
52 70 0.5 49
57 75 0.5 49
56 75 0.5 49
55 75 0.5 49
58 77 0.5 49
57 77 0.5 49
57 76 0.5 49
56 76 0.5 49
54 76 0.5 49
55 76 0.5 49
55 77 0.5 49
53 70 0.5 49
53 69 0.5 49
53 68 0.5 49
4 27 0.5 140
3 27 0.5 140
3 26 0.5 140
9 30 0.5 140
9 31 0.5 140
10 30 0.5 140
8 31 0.5 140
11 30 0.5 140
6 29 0.5 140
6 30 0.5 140
7 30 0.5 140
8 30 0.5 140
5 29 0.5 140
6 31 0.5 140
12 30 0.5 140
13 30 0.5 140
11 29 0.5 140
10 29 0.5 140
15 32 0.5 140
14 32 0.5 140
14 31 0.5 140
14 29 0.5 140
14 30 0.5 140
15 28 0.5 140
15 29 0.5 140
16 33 0.5 140
16 32 0.5 140
6 28 0.5 140
5 28 0.5 140
5 27 0.5 140
19 33 0.5 140
18 33 0.5 140
18 32 0.5 140
17 33 0.5 140
17 34 0.5 140
15 38 0.5 140
15 39 0.5 140
14 42 0.5 140
14 41 0.5 140
14 40 0.5 140
14 39 0.5 140
16 38 0.5 140
16 39 0.5 140
19 35 0.5 140
18 35 0.5 140
19 36 0.5 140
17 35 0.5 140
18 34 0.5 140
20 36 0.5 140
17 36 0.5 140
16 36 0.5 140
16 37 0.5 140
21 37 0.5 140
20 37 0.5 140
20 38 0.5 140
22 37 0.5 140
23 37 0.5 140
24 37 0.5 140
10 32 0.5 140
9 32 0.5 140
10 44 0.5 140
9 44 0.5 140
11 43 0.5 140
12 43 0.5 140
12 44 0.5 140
13 44 0.5 140
11 44 0.5 140
10 43 0.5 140
10 42 0.5 140
10 41 0.5 140
11 41 0.5 140
12 41 0.5 140
13 42 0.5 140
12 42 0.5 140
93 27 0.5 140
93 28 0.5 140
92 29 0.5 140
93 29 0.5 140
91 29 0.5 140
94 29 0.5 140
94 28 0.5 140
92 28 0.5 140
96 28 0.5 140
95 28 0.5 140
91 25 0.5 140
91 26 0.5 140
91 27 0.5 140
91 28 0.5 140
92 25 0.5 140
91 31 0.5 140
91 30 0.5 140
93 31 0.5 140
92 31 0.5 140
94 31 0.5 140
96 32 0.5 140
96 33 0.5 140
97 33 0.5 140
97 31 0.5 140
96 31 0.5 140
95 31 0.5 140
99 30 0.5 140
0 30 0.5 140
1 30 0.5 140
1 29 0.5 140
99 31 0.5 140
98 30 0.5 140
97 30 0.5 140
97 29 0.5 140
3 29 0.5 140
2 29 0.5 140
4 31 0.5 140
5 31 0.5 140
3 32 0.5 140
3 31 0.5 140
3 30 0.5 140
91 32 0.5 140
90 32 0.5 140
3 34 0.5 140
4 33 0.5 140
3 33 0.5 140
2 44 0.5 140
3 44 0.5 140
4 44 0.5 140
1 44 0.5 140
8 44 0.5 140
7 44 0.5 140
7 45 0.5 140
6 45 0.5 140
5 44 0.5 140
6 44 0.5 140
5 43 0.5 140
8 45 0.5 140
2 43 0.5 140
8 47 0.5 140
8 46 0.5 140
9 46 0.5 140
3 40 0.5 140
2 41 0.5 140
2 42 0.5 140
3 41 0.5 140
13 74 0.5 40
12 74 0.5 40
12 72 0.5 40
11 72 0.5 40
12 73 0.5 40
10 75 0.5 40
11 75 0.5 40
9 75 0.5 40
12 75 0.5 40
8 75 0.5 40
6 77 0.5 40
8 76 0.5 40
8 77 0.5 40
7 77 0.5 40
8 80 0.5 40
7 80 0.5 40
7 79 0.5 40
7 78 0.5 40
7 81 0.5 40
8 78 0.5 40
9 78 0.5 40
10 78 0.5 40
5 76 0.5 40
6 76 0.5 40
4 76 0.5 40
2 79 0.5 40
3 77 0.5 40
2 77 0.5 40
2 78 0.5 40
3 76 0.5 40
1 80 0.5 40
2 80 0.5 40
2 81 0.5 40
3 81 0.5 40
3 82 0.5 40
1 78 0.5 40
3 83 0.5 40
3 84 0.5 40
2 85 0.5 40
3 85 0.5 40
68 27 0.5 80
66 27 0.5 80
67 27 0.5 80
69 27 0.5 80
71 27 0.5 80
70 27 0.5 80
71 26 0.5 80
70 28 0.5 80
70 29 0.5 80
63 27 0.5 80
63 26 0.5 80
65 27 0.5 80
64 27 0.5 80
64 26 0.5 80
64 25 0.5 80
71 25 0.5 80
62 23 0.5 80
64 24 0.5 80
63 24 0.5 80
62 24 0.5 80
63 25 0.5 80
61 23 0.5 80
64 23 0.5 80
57 21 0.5 80
57 19 0.5 80
58 19 0.5 80
58 21 0.5 80
58 20 0.5 80
59 22 0.5 80
59 21 0.5 80
60 21 0.5 80
61 21 0.5 80
61 20 0.5 80
60 19 0.5 80
61 19 0.5 80
62 19 0.5 80
57 22 0.5 80
62 21 0.5 80
63 21 0.5 80
66 21 0.5 80
65 21 0.5 80
64 21 0.5 80
56 18 0.5 80
54 18 0.5 80
55 18 0.5 80
56 19 0.5 80
62 22 0.5 80
54 20 0.5 80
52 19 0.5 80
52 18 0.5 80
52 20 0.5 80
53 19 0.5 80
53 20 0.5 80
54 19 0.5 80
52 15 0.5 80
52 16 0.5 80
52 17 0.5 80
51 20 0.5 80
50 21 0.5 80
50 20 0.5 80
61 29 0.5 80
62 29 0.5 80
60 29 0.5 80
58 27 0.5 80
59 27 0.5 80
57 27 0.5 80
60 28 0.5 80
59 28 0.5 80
57 24 0.5 80
57 25 0.5 80
57 26 0.5 80
59 29 0.5 80
63 29 0.5 80
63 28 0.5 80
63 30 0.5 80
56 26 0.5 80
56 27 0.5 80
59 30 0.5 80
57 29 0.5 80
57 28 0.5 80
25 55 0.5 39
25 54 0.5 39
23 55 0.5 39
23 56 0.5 39
24 55 0.5 39
22 52 0.5 39
23 54 0.5 39
23 52 0.5 39
23 53 0.5 39
24 60 0.5 39
25 60 0.5 39
23 60 0.5 39
22 61 0.5 39
23 61 0.5 39
24 61 0.5 39
25 58 0.5 39
24 58 0.5 39
23 59 0.5 39
23 58 0.5 39
22 57 0.5 39
22 58 0.5 39
26 60 0.5 39
26 59 0.5 39
26 61 0.5 39
27 60 0.5 39
26 58 0.5 39
27 58 0.5 39
28 61 0.5 39
29 61 0.5 39
27 61 0.5 39
28 60 0.5 39
28 57 0.5 39
27 57 0.5 39
26 55 0.5 39
27 55 0.5 39
27 56 0.5 39
26 56 0.5 39
22 51 0.5 39
21 57 0.5 39
76 37 0.5 65
77 37 0.5 65
77 38 0.5 65
75 36 0.5 65
74 36 0.5 65
75 37 0.5 65
75 35 0.5 65
77 36 0.5 65
78 36 0.5 65
79 36 0.5 65
80 36 0.5 65
81 36 0.5 65
79 37 0.5 65
82 36 0.5 65
82 37 0.5 65
81 37 0.5 65
81 38 0.5 65
83 36 0.5 65
83 35 0.5 65
73 38 0.5 65
73 39 0.5 65
72 39 0.5 65
74 38 0.5 65
75 40 0.5 65
75 39 0.5 65
74 40 0.5 65
73 40 0.5 65
76 40 0.5 65
75 41 0.5 65
73 37 0.5 65
74 37 0.5 65
73 43 0.5 65
74 43 0.5 65
72 43 0.5 65
72 44 0.5 65
72 45 0.5 65
72 46 0.5 65
71 47 0.5 65
71 48 0.5 65
71 46 0.5 65
72 49 0.5 65
71 49 0.5 65
70 45 0.5 65
71 45 0.5 65
72 42 0.5 65
72 41 0.5 65
72 40 0.5 65
71 40 0.5 65
67 54 0.5 65
68 54 0.5 65
68 56 0.5 65
68 55 0.5 65
69 55 0.5 65
66 54 0.5 65
70 55 0.5 65
71 55 0.5 65
72 55 0.5 65
73 52 0.5 65
73 51 0.5 65
73 50 0.5 65
72 50 0.5 65
73 54 0.5 65
72 54 0.5 65
73 53 0.5 65
74 50 0.5 65
40 67 0.5 45
41 67 0.5 45
42 67 0.5 45
42 68 0.5 45
39 67 0.5 45
39 66 0.5 45
36 59 0.5 45
37 61 0.5 45
36 60 0.5 45
36 61 0.5 45
43 62 0.5 45
42 62 0.5 45
41 62 0.5 45
40 62 0.5 45
39 62 0.5 45
38 60 0.5 45
39 61 0.5 45
38 61 0.5 45
43 61 0.5 45
43 60 0.5 45
43 59 0.5 45
44 58 0.5 45
44 57 0.5 45
44 59 0.5 45
36 62 0.5 45
43 65 0.5 45
42 65 0.5 45
41 65 0.5 45
41 63 0.5 45
41 64 0.5 45
44 65 0.5 45
43 66 0.5 45
42 66 0.5 45
45 66 0.5 45
45 65 0.5 45
35 58 0.5 45
34 58 0.5 45
36 58 0.5 45
34 60 0.5 45
34 59 0.5 45
33 59 0.5 45
33 58 0.5 45
37 57 0.5 45
37 56 0.5 45
36 57 0.5 45
84 77 0.5 44
84 78 0.5 44
84 76 0.5 44
86 77 0.5 44
86 78 0.5 44
86 76 0.5 44
85 78 0.5 44
86 75 0.5 44
84 75 0.5 44
85 75 0.5 44
84 73 0.5 44
84 74 0.5 44
85 73 0.5 44
83 75 0.5 44
83 74 0.5 44
86 83 0.5 44
87 83 0.5 44
85 83 0.5 44
85 82 0.5 44
86 84 0.5 44
83 81 0.5 44
84 81 0.5 44
84 80 0.5 44
85 81 0.5 44
84 79 0.5 44
85 79 0.5 44
88 83 0.5 44
81 72 0.5 44
81 71 0.5 44
80 70 0.5 44
81 70 0.5 44
81 73 0.5 44
81 74 0.5 44
80 73 0.5 44
82 74 0.5 44
82 78 0.5 44
82 77 0.5 44
81 77 0.5 44
80 75 0.5 44
81 75 0.5 44
80 76 0.5 44
80 77 0.5 44
79 75 0.5 44
78 75 0.5 44
39 16 0.5 154
39 15 0.5 154
38 15 0.5 154
35 16 0.5 154
35 15 0.5 154
36 15 0.5 154
37 15 0.5 154
34 16 0.5 154
33 16 0.5 154
33 17 0.5 154
33 15 0.5 154
31 18 0.5 154
31 19 0.5 154
33 18 0.5 154
32 18 0.5 154
32 16 0.5 154
30 18 0.5 154
39 17 0.5 154
39 18 0.5 154
34 24 0.5 154
35 23 0.5 154
34 23 0.5 154
33 23 0.5 154
33 19 0.5 154
33 21 0.5 154
33 20 0.5 154
33 22 0.5 154
34 22 0.5 154
32 20 0.5 154
42 22 0.5 154
42 21 0.5 154
40 21 0.5 154
41 21 0.5 154
43 21 0.5 154
40 22 0.5 154
40 23 0.5 154
39 22 0.5 154
40 20 0.5 154
40 19 0.5 154
40 18 0.5 154
42 6 0.5 154
42 7 0.5 154
43 7 0.5 154
40 9 0.5 154
41 9 0.5 154
41 10 0.5 154
42 9 0.5 154
42 8 0.5 154
41 16 0.5 154
41 14 0.5 154
40 15 0.5 154
41 15 0.5 154
41 13 0.5 154
41 12 0.5 154
41 11 0.5 154
31 10 0.5 154
31 9 0.5 154
31 8 0.5 154
30 12 0.5 154
30 10 0.5 154
30 11 0.5 154
29 12 0.5 154
28 12 0.5 154
27 12 0.5 154
34 12 0.5 154
34 13 0.5 154
33 12 0.5 154
33 11 0.5 154
34 14 0.5 154
33 14 0.5 154
32 11 0.5 154
32 10 0.5 154
27 11 0.5 154
27 3 0.5 154
26 3 0.5 154
27 4 0.5 154
26 4 0.5 154
27 2 0.5 154
26 1 0.5 154
26 2 0.5 154
25 1 0.5 154
24 1 0.5 154
27 1 0.5 154
26 0 0.5 154
25 0 0.5 154
24 0 0.5 154
28 3 0.5 154
23 9 0.5 154
23 8 0.5 154
24 7 0.5 154
24 8 0.5 154
25 6 0.5 154
24 6 0.5 154
25 5 0.5 154
26 5 0.5 154
28 6 0.5 154
29 7 0.5 154
28 7 0.5 154
30 7 0.5 154
31 7 0.5 154
27 5 0.5 154
27 6 0.5 154
26 6 0.5 154
44 7 0.5 154
45 7 0.5 154
45 6 0.5 154
45 5 0.5 154
31 6 0.5 154
31 5 0.5 154
19 7 0.5 154
20 8 0.5 154
19 8 0.5 154
20 9 0.5 154
18 8 0.5 154
17 7 0.5 154
18 7 0.5 154
16 7 0.5 154
16 8 0.5 154
20 4 0.5 154
19 4 0.5 154
20 6 0.5 154
19 6 0.5 154
19 5 0.5 154
20 7 0.5 154
19 3 0.5 154
20 3 0.5 154
21 3 0.5 154
20 2 0.5 154
20 1 0.5 154
19 2 0.5 154
18 1 0.5 154
19 1 0.5 154
17 1 0.5 154
21 7 0.5 154
22 6 0.5 154
22 8 0.5 154
22 7 0.5 154
16 1 0.5 154
16 0 0.5 154
15 0 0.5 154
15 1 0.5 154
14 99 0.5 154
15 99 0.5 154
13 99 0.5 154
20 98 0.5 154
20 99 0.5 154
19 0 0.5 154
20 0 0.5 154
19 98 0.5 154
18 98 0.5 154
18 97 0.5 154
17 98 0.5 154
13 98 0.5 154
20 97 0.5 154
21 43 0.5 39
20 43 0.5 39
20 44 0.5 39
22 44 0.5 39
22 43 0.5 39
23 44 0.5 39
22 45 0.5 39
25 44 0.5 39
25 43 0.5 39
24 44 0.5 39
24 45 0.5 39
24 46 0.5 39
23 45 0.5 39
21 42 0.5 39
20 42 0.5 39
27 40 0.5 39
28 40 0.5 39
26 40 0.5 39
27 39 0.5 39
26 42 0.5 39
26 41 0.5 39
25 42 0.5 39
24 42 0.5 39
32 38 0.5 39
32 39 0.5 39
33 38 0.5 39
29 39 0.5 39
30 39 0.5 39
31 39 0.5 39
29 40 0.5 39
29 41 0.5 39
28 41 0.5 39
31 37 0.5 39
32 37 0.5 39
30 37 0.5 39
30 36 0.5 39
29 36 0.5 39
31 36 0.5 39
19 42 0.5 39
85 98 0.5 60
85 99 0.5 60
84 98 0.5 60
84 97 0.5 60
82 98 0.5 60
83 99 0.5 60
82 99 0.5 60
83 98 0.5 60
84 96 0.5 60
88 99 0.5 60
88 0 0.5 60
87 99 0.5 60
86 99 0.5 60
86 0 0.5 60
92 98 0.5 60
91 98 0.5 60
91 97 0.5 60
90 97 0.5 60
89 97 0.5 60
89 98 0.5 60
88 98 0.5 60
88 96 0.5 60
87 96 0.5 60
86 96 0.5 60
85 96 0.5 60
87 95 0.5 60
87 94 0.5 60
85 95 0.5 60
85 94 0.5 60
87 91 0.5 60
87 92 0.5 60
87 93 0.5 60
86 91 0.5 60
86 90 0.5 60
84 89 0.5 60
85 89 0.5 60
85 91 0.5 60
85 90 0.5 60
94 1 0.5 60
93 1 0.5 60
92 1 0.5 60
96 99 0.5 60
96 0 0.5 60
96 98 0.5 60
97 98 0.5 60
94 0 0.5 60
95 0 0.5 60
97 97 0.5 60
92 0 0.5 60
92 99 0.5 60
97 96 0.5 60
91 0 0.5 60
98 97 0.5 60
99 97 0.5 60
94 2 0.5 60
98 98 0.5 60
90 2 0.5 60
90 1 0.5 60
90 0 0.5 60
94 3 0.5 60
41 47 0.5 16
41 46 0.5 16
41 44 0.5 16
41 45 0.5 16
40 43 0.5 16
40 44 0.5 16
44 43 0.5 16
45 43 0.5 16
45 42 0.5 16
44 44 0.5 16
44 45 0.5 16
45 45 0.5 16
46 45 0.5 16
42 45 0.5 16
43 45 0.5 16
45 41 0.5 16
90 55 0.5 48
91 55 0.5 48
92 55 0.5 48
92 54 0.5 48
89 55 0.5 48
93 54 0.5 48
90 54 0.5 48
87 57 0.5 48
87 56 0.5 48
88 56 0.5 48
87 60 0.5 48
87 58 0.5 48
87 59 0.5 48
88 55 0.5 48
93 53 0.5 48
91 57 0.5 48
91 56 0.5 48
91 58 0.5 48
92 58 0.5 48
93 58 0.5 48
90 57 0.5 48
92 53 0.5 48
92 51 0.5 48
92 52 0.5 48
93 52 0.5 48
90 51 0.5 48
91 51 0.5 48
87 61 0.5 48
87 62 0.5 48
97 53 0.5 48
96 53 0.5 48
95 53 0.5 48
96 52 0.5 48
97 54 0.5 48
94 51 0.5 48
94 52 0.5 48
94 53 0.5 48
98 53 0.5 48
85 63 0.5 48
86 63 0.5 48
87 63 0.5 48
82 64 0.5 48
82 63 0.5 48
82 65 0.5 48
84 64 0.5 48
85 64 0.5 48
83 64 0.5 48
81 63 0.5 48
55 89 0.5 24
54 89 0.5 24
53 88 0.5 24
54 88 0.5 24
54 87 0.5 24
53 84 0.5 24
55 84 0.5 24
55 85 0.5 24
54 84 0.5 24
56 85 0.5 24
55 86 0.5 24
54 86 0.5 24
52 84 0.5 24
49 86 0.5 24
49 87 0.5 24
49 89 0.5 24
49 88 0.5 24
51 89 0.5 24
50 89 0.5 24
51 88 0.5 24
52 87 0.5 24
52 88 0.5 24
48 89 0.5 24
48 88 0.5 24
7 58 0.5 31
6 58 0.5 31
8 59 0.5 31
8 58 0.5 31
3 60 0.5 31
2 60 0.5 31
2 61 0.5 31
3 61 0.5 31
1 61 0.5 31
1 63 0.5 31
1 62 0.5 31
2 64 0.5 31
3 63 0.5 31
2 63 0.5 31
4 60 0.5 31
4 59 0.5 31
4 58 0.5 31
4 63 0.5 31
5 58 0.5 31
5 57 0.5 31
8 54 0.5 31
8 55 0.5 31
8 56 0.5 31
8 57 0.5 31
7 57 0.5 31
6 57 0.5 31
3 65 0.5 31
2 65 0.5 31
0 63 0.5 31
0 64 0.5 31
0 65 0.5 31
78 15 0.5 18
78 16 0.5 18
79 16 0.5 18
79 15 0.5 18
80 16 0.5 18
81 16 0.5 18
81 15 0.5 18
77 14 0.5 18
76 14 0.5 18
76 15 0.5 18
75 14 0.5 18
78 14 0.5 18
74 16 0.5 18
74 15 0.5 18
74 14 0.5 18
73 14 0.5 18
78 12 0.5 18
78 13 0.5 18
61 97 0.5 16
62 97 0.5 16
60 97 0.5 16
59 97 0.5 16
60 98 0.5 16
66 98 0.5 16
66 97 0.5 16
63 98 0.5 16
64 98 0.5 16
65 98 0.5 16
63 97 0.5 16
65 97 0.5 16
67 98 0.5 16
59 98 0.5 16
58 98 0.5 16
57 98 0.5 16
8 92 0.5 8
9 92 0.5 8
8 91 0.5 8
9 91 0.5 8
10 92 0.5 8
10 91 0.5 8
11 91 0.5 8
10 93 0.5 8
49 57 0.5 15
49 58 0.5 15
50 58 0.5 15
50 57 0.5 15
48 58 0.5 15
51 58 0.5 15
49 59 0.5 15
49 60 0.5 15
50 60 0.5 15
54 58 0.5 15
54 59 0.5 15
52 58 0.5 15
52 59 0.5 15
53 59 0.5 15
52 60 0.5 15
44 34 0.5 1
91 76 0.5 12
91 75 0.5 12
92 77 0.5 12
91 77 0.5 12
92 71 0.5 12
92 72 0.5 12
92 73 0.5 12
93 71 0.5 12
91 72 0.5 12
91 74 0.5 12
92 74 0.5 12
93 74 0.5 12
4 20 0.5 1
21 76 0.5 2
20 76 0.5 2
30 93 0.5 7
30 94 0.5 7
28 91 0.5 7
28 90 0.5 7
29 93 0.5 7
28 92 0.5 7
29 92 0.5 7
63 81 0.5 2
64 81 0.5 2
39 83 0.5 21
39 82 0.5 21
38 83 0.5 21
38 82 0.5 21
35 83 0.5 21
37 83 0.5 21
36 85 0.5 21
36 84 0.5 21
36 83 0.5 21
36 86 0.5 21
34 82 0.5 21
33 83 0.5 21
33 82 0.5 21
31 82 0.5 21
32 82 0.5 21
34 81 0.5 21
35 81 0.5 21
37 81 0.5 21
36 81 0.5 21
34 80 0.5 21
38 81 0.5 21
98 13 0.5 6
98 12 0.5 6
99 13 0.5 6
97 14 0.5 6
98 14 0.5 6
96 14 0.5 6
58 40 0.5 1
18 21 0.5 2
19 21 0.5 2
51 6 0.5 4
50 7 0.5 4
51 7 0.5 4
49 7 0.5 4
98 89 0.5 7
99 88 0.5 7
99 89 0.5 7
98 91 0.5 7
99 91 0.5 7
98 90 0.5 7
0 91 0.5 7
88 43 0.5 1
5 91 0.5 1
29 68 0.5 1
