62 73 0.5 49
64 73 0.5 49
64 74 0.5 49
63 73 0.5 49
62 72 0.5 49
61 73 0.5 49
64 76 0.5 49
65 75 0.5 49
64 75 0.5 49
60 73 0.5 49
60 74 0.5 49
60 76 0.5 49
60 75 0.5 49
59 74 0.5 49
58 71 0.5 49
58 73 0.5 49
58 74 0.5 49
57 74 0.5 49
58 72 0.5 49
57 75 0.5 49
68 73 0.5 49
68 74 0.5 49
68 75 0.5 49
69 75 0.5 49
67 75 0.5 49
66 76 0.5 49
66 75 0.5 49
53 74 0.5 49
52 73 0.5 49
52 72 0.5 49
53 73 0.5 49
51 72 0.5 49
53 75 0.5 49
54 76 0.5 49
53 76 0.5 49
52 71 0.5 49
57 76 0.5 49
56 76 0.5 49
55 76 0.5 49
58 78 0.5 49
57 78 0.5 49
57 77 0.5 49
56 77 0.5 49
54 77 0.5 49
55 77 0.5 49
55 78 0.5 49
53 71 0.5 49
53 70 0.5 49
53 69 0.5 49
3 27 0.5 140
2 27 0.5 140
2 26 0.5 140
8 30 0.5 140
8 31 0.5 140
9 30 0.5 140
7 31 0.5 140
10 30 0.5 140
5 29 0.5 140
5 30 0.5 140
6 30 0.5 140
7 30 0.5 140
4 29 0.5 140
5 31 0.5 140
11 30 0.5 140
12 30 0.5 140
10 29 0.5 140
9 29 0.5 140
14 32 0.5 140
13 32 0.5 140
13 31 0.5 140
13 29 0.5 140
13 30 0.5 140
14 28 0.5 140
14 29 0.5 140
15 33 0.5 140
15 32 0.5 140
5 28 0.5 140
4 28 0.5 140
4 27 0.5 140
18 33 0.5 140
17 33 0.5 140
17 32 0.5 140
16 33 0.5 140
16 34 0.5 140
14 38 0.5 140
14 39 0.5 140
13 42 0.5 140
13 41 0.5 140
13 40 0.5 140
13 39 0.5 140
15 38 0.5 140
15 39 0.5 140
18 35 0.5 140
17 35 0.5 140
18 36 0.5 140
16 35 0.5 140
17 34 0.5 140
19 36 0.5 140
16 36 0.5 140
15 36 0.5 140
15 37 0.5 140
20 37 0.5 140
19 37 0.5 140
19 38 0.5 140
21 37 0.5 140
22 37 0.5 140
23 37 0.5 140
9 32 0.5 140
8 32 0.5 140
9 44 0.5 140
8 44 0.5 140
10 43 0.5 140
11 43 0.5 140
11 44 0.5 140
12 44 0.5 140
10 44 0.5 140
9 43 0.5 140
9 42 0.5 140
9 41 0.5 140
10 41 0.5 140
11 41 0.5 140
12 42 0.5 140
11 42 0.5 140
92 27 0.5 140
92 28 0.5 140
91 29 0.5 140
92 29 0.5 140
90 29 0.5 140
93 29 0.5 140
93 28 0.5 140
91 28 0.5 140
95 28 0.5 140
94 28 0.5 140
90 25 0.5 140
90 26 0.5 140
90 27 0.5 140
90 28 0.5 140
91 25 0.5 140
90 31 0.5 140
90 30 0.5 140
92 31 0.5 140
91 31 0.5 140
93 31 0.5 140
95 32 0.5 140
95 33 0.5 140
96 33 0.5 140
96 31 0.5 140
95 31 0.5 140
94 31 0.5 140
98 30 0.5 140
99 30 0.5 140
0 30 0.5 140
0 29 0.5 140
98 31 0.5 140
97 30 0.5 140
96 30 0.5 140
96 29 0.5 140
2 29 0.5 140
1 29 0.5 140
3 31 0.5 140
4 31 0.5 140
2 32 0.5 140
2 31 0.5 140
2 30 0.5 140
90 32 0.5 140
89 32 0.5 140
2 34 0.5 140
3 33 0.5 140
2 33 0.5 140
1 44 0.5 140
2 44 0.5 140
3 44 0.5 140
0 44 0.5 140
7 44 0.5 140
6 44 0.5 140
6 45 0.5 140
5 45 0.5 140
4 44 0.5 140
5 44 0.5 140
4 43 0.5 140
7 45 0.5 140
1 43 0.5 140
7 47 0.5 140
7 46 0.5 140
8 46 0.5 140
2 40 0.5 140
1 41 0.5 140
1 42 0.5 140
2 41 0.5 140
13 73 0.5 40
12 73 0.5 40
12 71 0.5 40
11 71 0.5 40
12 72 0.5 40
10 74 0.5 40
11 74 0.5 40
9 74 0.5 40
12 74 0.5 40
8 74 0.5 40
6 76 0.5 40
8 75 0.5 40
8 76 0.5 40
7 76 0.5 40
8 79 0.5 40
7 79 0.5 40
7 78 0.5 40
7 77 0.5 40
7 80 0.5 40
8 77 0.5 40
9 77 0.5 40
10 77 0.5 40
5 75 0.5 40
6 75 0.5 40
4 75 0.5 40
2 78 0.5 40
3 76 0.5 40
2 76 0.5 40
2 77 0.5 40
3 75 0.5 40
1 79 0.5 40
2 79 0.5 40
2 80 0.5 40
3 80 0.5 40
3 81 0.5 40
1 77 0.5 40
3 82 0.5 40
3 83 0.5 40
2 84 0.5 40
3 84 0.5 40
68 28 0.5 80
66 28 0.5 80
67 28 0.5 80
69 28 0.5 80
71 28 0.5 80
70 28 0.5 80
71 27 0.5 80
70 29 0.5 80
70 30 0.5 80
63 28 0.5 80
63 27 0.5 80
65 28 0.5 80
64 28 0.5 80
64 27 0.5 80
64 26 0.5 80
71 26 0.5 80
62 24 0.5 80
64 25 0.5 80
63 25 0.5 80
62 25 0.5 80
63 26 0.5 80
61 24 0.5 80
64 24 0.5 80
57 22 0.5 80
57 20 0.5 80
58 20 0.5 80
58 22 0.5 80
58 21 0.5 80
59 23 0.5 80
59 22 0.5 80
60 22 0.5 80
61 22 0.5 80
61 21 0.5 80
60 20 0.5 80
61 20 0.5 80
62 20 0.5 80
57 23 0.5 80
62 22 0.5 80
63 22 0.5 80
66 22 0.5 80
65 22 0.5 80
64 22 0.5 80
56 19 0.5 80
54 19 0.5 80
55 19 0.5 80
56 20 0.5 80
62 23 0.5 80
54 21 0.5 80
52 20 0.5 80
52 19 0.5 80
52 21 0.5 80
53 20 0.5 80
53 21 0.5 80
54 20 0.5 80
52 16 0.5 80
52 17 0.5 80
52 18 0.5 80
51 21 0.5 80
50 22 0.5 80
50 21 0.5 80
61 30 0.5 80
62 30 0.5 80
60 30 0.5 80
58 28 0.5 80
59 28 0.5 80
57 28 0.5 80
60 29 0.5 80
59 29 0.5 80
57 25 0.5 80
57 26 0.5 80
57 27 0.5 80
59 30 0.5 80
63 30 0.5 80
63 29 0.5 80
63 31 0.5 80
56 27 0.5 80
56 28 0.5 80
59 31 0.5 80
57 30 0.5 80
57 29 0.5 80
25 56 0.5 39
25 55 0.5 39
23 56 0.5 39
23 57 0.5 39
24 56 0.5 39
22 53 0.5 39
23 55 0.5 39
23 53 0.5 39
23 54 0.5 39
24 61 0.5 39
25 61 0.5 39
23 61 0.5 39
22 62 0.5 39
23 62 0.5 39
24 62 0.5 39
25 59 0.5 39
24 59 0.5 39
23 60 0.5 39
23 59 0.5 39
22 58 0.5 39
22 59 0.5 39
26 61 0.5 39
26 60 0.5 39
26 62 0.5 39
27 61 0.5 39
26 59 0.5 39
27 59 0.5 39
28 62 0.5 39
29 62 0.5 39
27 62 0.5 39
28 61 0.5 39
28 58 0.5 39
27 58 0.5 39
26 56 0.5 39
27 56 0.5 39
27 57 0.5 39
26 57 0.5 39
22 52 0.5 39
21 58 0.5 39
75 37 0.5 65
76 37 0.5 65
76 38 0.5 65
74 36 0.5 65
73 36 0.5 65
74 37 0.5 65
74 35 0.5 65
76 36 0.5 65
77 36 0.5 65
78 36 0.5 65
79 36 0.5 65
80 36 0.5 65
78 37 0.5 65
81 36 0.5 65
81 37 0.5 65
80 37 0.5 65
80 38 0.5 65
82 36 0.5 65
82 35 0.5 65
72 38 0.5 65
72 39 0.5 65
71 39 0.5 65
73 38 0.5 65
74 40 0.5 65
74 39 0.5 65
73 40 0.5 65
72 40 0.5 65
75 40 0.5 65
74 41 0.5 65
72 37 0.5 65
73 37 0.5 65
72 43 0.5 65
73 43 0.5 65
71 43 0.5 65
71 44 0.5 65
71 45 0.5 65
71 46 0.5 65
70 47 0.5 65
70 48 0.5 65
70 46 0.5 65
71 49 0.5 65
70 49 0.5 65
69 45 0.5 65
70 45 0.5 65
71 42 0.5 65
71 41 0.5 65
71 40 0.5 65
70 40 0.5 65
66 54 0.5 65
67 54 0.5 65
67 56 0.5 65
67 55 0.5 65
68 55 0.5 65
65 54 0.5 65
69 55 0.5 65
70 55 0.5 65
71 55 0.5 65
72 52 0.5 65
72 51 0.5 65
72 50 0.5 65
71 50 0.5 65
72 54 0.5 65
71 54 0.5 65
72 53 0.5 65
73 50 0.5 65
41 67 0.5 45
42 67 0.5 45
43 67 0.5 45
43 68 0.5 45
40 67 0.5 45
40 66 0.5 45
37 59 0.5 45
38 61 0.5 45
37 60 0.5 45
37 61 0.5 45
44 62 0.5 45
43 62 0.5 45
42 62 0.5 45
41 62 0.5 45
40 62 0.5 45
39 60 0.5 45
40 61 0.5 45
39 61 0.5 45
44 61 0.5 45
44 60 0.5 45
44 59 0.5 45
45 58 0.5 45
45 57 0.5 45
45 59 0.5 45
37 62 0.5 45
44 65 0.5 45
43 65 0.5 45
42 65 0.5 45
42 63 0.5 45
42 64 0.5 45
45 65 0.5 45
44 66 0.5 45
43 66 0.5 45
46 66 0.5 45
46 65 0.5 45
36 58 0.5 45
35 58 0.5 45
37 58 0.5 45
35 60 0.5 45
35 59 0.5 45
34 59 0.5 45
34 58 0.5 45
38 57 0.5 45
38 56 0.5 45
37 57 0.5 45
83 77 0.5 44
83 78 0.5 44
83 76 0.5 44
85 77 0.5 44
85 78 0.5 44
85 76 0.5 44
84 78 0.5 44
85 75 0.5 44
83 75 0.5 44
84 75 0.5 44
83 73 0.5 44
83 74 0.5 44
84 73 0.5 44
82 75 0.5 44
82 74 0.5 44
85 83 0.5 44
86 83 0.5 44
84 83 0.5 44
84 82 0.5 44
85 84 0.5 44
82 81 0.5 44
83 81 0.5 44
83 80 0.5 44
84 81 0.5 44
83 79 0.5 44
84 79 0.5 44
87 83 0.5 44
80 72 0.5 44
80 71 0.5 44
79 70 0.5 44
80 70 0.5 44
80 73 0.5 44
80 74 0.5 44
79 73 0.5 44
81 74 0.5 44
81 78 0.5 44
81 77 0.5 44
80 77 0.5 44
79 75 0.5 44
80 75 0.5 44
79 76 0.5 44
79 77 0.5 44
78 75 0.5 44
77 75 0.5 44
38 16 0.5 154
38 15 0.5 154
37 15 0.5 154
34 16 0.5 154
34 15 0.5 154
35 15 0.5 154
36 15 0.5 154
33 16 0.5 154
32 16 0.5 154
32 17 0.5 154
32 15 0.5 154
30 18 0.5 154
30 19 0.5 154
32 18 0.5 154
31 18 0.5 154
31 16 0.5 154
29 18 0.5 154
38 17 0.5 154
38 18 0.5 154
33 24 0.5 154
34 23 0.5 154
33 23 0.5 154
32 23 0.5 154
32 19 0.5 154
32 21 0.5 154
32 20 0.5 154
32 22 0.5 154
33 22 0.5 154
31 20 0.5 154
41 22 0.5 154
41 21 0.5 154
39 21 0.5 154
40 21 0.5 154
42 21 0.5 154
39 22 0.5 154
39 23 0.5 154
38 22 0.5 154
39 20 0.5 154
39 19 0.5 154
39 18 0.5 154
41 6 0.5 154
41 7 0.5 154
42 7 0.5 154
39 9 0.5 154
40 9 0.5 154
40 10 0.5 154
41 9 0.5 154
41 8 0.5 154
40 16 0.5 154
40 14 0.5 154
39 15 0.5 154
40 15 0.5 154
40 13 0.5 154
40 12 0.5 154
40 11 0.5 154
30 10 0.5 154
30 9 0.5 154
30 8 0.5 154
29 12 0.5 154
29 10 0.5 154
29 11 0.5 154
28 12 0.5 154
27 12 0.5 154
26 12 0.5 154
33 12 0.5 154
33 13 0.5 154
32 12 0.5 154
32 11 0.5 154
33 14 0.5 154
32 14 0.5 154
31 11 0.5 154
31 10 0.5 154
26 11 0.5 154
26 3 0.5 154
25 3 0.5 154
26 4 0.5 154
25 4 0.5 154
26 2 0.5 154
25 1 0.5 154
25 2 0.5 154
24 1 0.5 154
23 1 0.5 154
26 1 0.5 154
25 0 0.5 154
24 0 0.5 154
23 0 0.5 154
27 3 0.5 154
22 9 0.5 154
22 8 0.5 154
23 7 0.5 154
23 8 0.5 154
24 6 0.5 154
23 6 0.5 154
24 5 0.5 154
25 5 0.5 154
27 6 0.5 154
28 7 0.5 154
27 7 0.5 154
29 7 0.5 154
30 7 0.5 154
26 5 0.5 154
26 6 0.5 154
25 6 0.5 154
43 7 0.5 154
44 7 0.5 154
44 6 0.5 154
44 5 0.5 154
30 6 0.5 154
30 5 0.5 154
18 7 0.5 154
19 8 0.5 154
18 8 0.5 154
19 9 0.5 154
17 8 0.5 154
16 7 0.5 154
17 7 0.5 154
15 7 0.5 154
15 8 0.5 154
19 4 0.5 154
18 4 0.5 154
19 6 0.5 154
18 6 0.5 154
18 5 0.5 154
19 7 0.5 154
18 3 0.5 154
19 3 0.5 154
20 3 0.5 154
19 2 0.5 154
19 1 0.5 154
18 2 0.5 154
17 1 0.5 154
18 1 0.5 154
16 1 0.5 154
20 7 0.5 154
21 6 0.5 154
21 8 0.5 154
21 7 0.5 154
15 1 0.5 154
15 0 0.5 154
14 0 0.5 154
14 1 0.5 154
13 99 0.5 154
14 99 0.5 154
12 99 0.5 154
19 98 0.5 154
19 99 0.5 154
18 0 0.5 154
19 0 0.5 154
18 98 0.5 154
17 98 0.5 154
17 97 0.5 154
16 98 0.5 154
12 98 0.5 154
19 97 0.5 154
20 43 0.5 39
19 43 0.5 39
19 44 0.5 39
21 44 0.5 39
21 43 0.5 39
22 44 0.5 39
21 45 0.5 39
24 44 0.5 39
24 43 0.5 39
23 44 0.5 39
23 45 0.5 39
23 46 0.5 39
22 45 0.5 39
20 42 0.5 39
19 42 0.5 39
26 40 0.5 39
27 40 0.5 39
25 40 0.5 39
26 39 0.5 39
25 42 0.5 39
25 41 0.5 39
24 42 0.5 39
23 42 0.5 39
31 38 0.5 39
31 39 0.5 39
32 38 0.5 39
28 39 0.5 39
29 39 0.5 39
30 39 0.5 39
28 40 0.5 39
28 41 0.5 39
27 41 0.5 39
30 37 0.5 39
31 37 0.5 39
29 37 0.5 39
29 36 0.5 39
28 36 0.5 39
30 36 0.5 39
18 42 0.5 39
84 98 0.5 60
84 99 0.5 60
83 98 0.5 60
83 97 0.5 60
81 98 0.5 60
82 99 0.5 60
81 99 0.5 60
82 98 0.5 60
83 96 0.5 60
87 99 0.5 60
87 0 0.5 60
86 99 0.5 60
85 99 0.5 60
85 0 0.5 60
91 98 0.5 60
90 98 0.5 60
90 97 0.5 60
89 97 0.5 60
88 97 0.5 60
88 98 0.5 60
87 98 0.5 60
87 96 0.5 60
86 96 0.5 60
85 96 0.5 60
84 96 0.5 60
86 95 0.5 60
86 94 0.5 60
84 95 0.5 60
84 94 0.5 60
86 91 0.5 60
86 92 0.5 60
86 93 0.5 60
85 91 0.5 60
85 90 0.5 60
83 89 0.5 60
84 89 0.5 60
84 91 0.5 60
84 90 0.5 60
93 1 0.5 60
92 1 0.5 60
91 1 0.5 60
95 99 0.5 60
95 0 0.5 60
95 98 0.5 60
96 98 0.5 60
93 0 0.5 60
94 0 0.5 60
96 97 0.5 60
91 0 0.5 60
91 99 0.5 60
96 96 0.5 60
90 0 0.5 60
97 97 0.5 60
98 97 0.5 60
93 2 0.5 60
97 98 0.5 60
89 2 0.5 60
89 1 0.5 60
89 0 0.5 60
93 3 0.5 60
41 46 0.5 16
41 45 0.5 16
41 43 0.5 16
41 44 0.5 16
40 42 0.5 16
40 43 0.5 16
44 42 0.5 16
45 42 0.5 16
45 41 0.5 16
44 43 0.5 16
44 44 0.5 16
45 44 0.5 16
46 44 0.5 16
42 44 0.5 16
43 44 0.5 16
45 40 0.5 16
90 56 0.5 48
91 56 0.5 48
92 56 0.5 48
92 55 0.5 48
89 56 0.5 48
93 55 0.5 48
90 55 0.5 48
87 58 0.5 48
87 57 0.5 48
88 57 0.5 48
87 61 0.5 48
87 59 0.5 48
87 60 0.5 48
88 56 0.5 48
93 54 0.5 48
91 58 0.5 48
91 57 0.5 48
91 59 0.5 48
92 59 0.5 48
93 59 0.5 48
90 58 0.5 48
92 54 0.5 48
92 52 0.5 48
92 53 0.5 48
93 53 0.5 48
90 52 0.5 48
91 52 0.5 48
87 62 0.5 48
87 63 0.5 48
97 54 0.5 48
96 54 0.5 48
95 54 0.5 48
96 53 0.5 48
97 55 0.5 48
94 52 0.5 48
94 53 0.5 48
94 54 0.5 48
98 54 0.5 48
85 64 0.5 48
86 64 0.5 48
87 64 0.5 48
82 65 0.5 48
82 64 0.5 48
82 66 0.5 48
84 65 0.5 48
85 65 0.5 48
83 65 0.5 48
81 64 0.5 48
55 90 0.5 24
54 90 0.5 24
53 89 0.5 24
54 89 0.5 24
54 88 0.5 24
53 85 0.5 24
55 85 0.5 24
55 86 0.5 24
54 85 0.5 24
56 86 0.5 24
55 87 0.5 24
54 87 0.5 24
52 85 0.5 24
49 87 0.5 24
49 88 0.5 24
49 90 0.5 24
49 89 0.5 24
51 90 0.5 24
50 90 0.5 24
51 89 0.5 24
52 88 0.5 24
52 89 0.5 24
48 90 0.5 24
48 89 0.5 24
7 59 0.5 31
6 59 0.5 31
8 60 0.5 31
8 59 0.5 31
3 61 0.5 31
2 61 0.5 31
2 62 0.5 31
3 62 0.5 31
1 62 0.5 31
1 64 0.5 31
1 63 0.5 31
2 65 0.5 31
3 64 0.5 31
2 64 0.5 31
4 61 0.5 31
4 60 0.5 31
4 59 0.5 31
4 64 0.5 31
5 59 0.5 31
5 58 0.5 31
8 55 0.5 31
8 56 0.5 31
8 57 0.5 31
8 58 0.5 31
7 58 0.5 31
6 58 0.5 31
3 66 0.5 31
2 66 0.5 31
0 64 0.5 31
0 65 0.5 31
0 66 0.5 31
78 16 0.5 18
78 17 0.5 18
79 17 0.5 18
79 16 0.5 18
80 17 0.5 18
81 17 0.5 18
81 16 0.5 18
77 15 0.5 18
76 15 0.5 18
76 16 0.5 18
75 15 0.5 18
78 15 0.5 18
74 17 0.5 18
74 16 0.5 18
74 15 0.5 18
73 15 0.5 18
78 13 0.5 18
78 14 0.5 18
61 98 0.5 16
62 98 0.5 16
60 98 0.5 16
59 98 0.5 16
60 99 0.5 16
66 99 0.5 16
66 98 0.5 16
63 99 0.5 16
64 99 0.5 16
65 99 0.5 16
63 98 0.5 16
65 98 0.5 16
67 99 0.5 16
59 99 0.5 16
58 99 0.5 16
57 99 0.5 16
9 92 0.5 8
10 92 0.5 8
9 91 0.5 8
10 91 0.5 8
11 92 0.5 8
11 91 0.5 8
12 91 0.5 8
11 93 0.5 8
49 58 0.5 15
49 59 0.5 15
50 59 0.5 15
50 58 0.5 15
48 59 0.5 15
51 59 0.5 15
49 60 0.5 15
49 61 0.5 15
50 61 0.5 15
54 59 0.5 15
54 60 0.5 15
52 59 0.5 15
52 60 0.5 15
53 60 0.5 15
52 61 0.5 15
44 35 0.5 1
91 75 0.5 12
91 74 0.5 12
92 76 0.5 12
91 76 0.5 12
92 70 0.5 12
92 71 0.5 12
92 72 0.5 12
93 70 0.5 12
91 71 0.5 12
91 73 0.5 12
92 73 0.5 12
93 73 0.5 12
3 20 0.5 1
20 76 0.5 2
19 76 0.5 2
31 93 0.5 7
31 94 0.5 7
29 91 0.5 7
29 90 0.5 7
30 93 0.5 7
29 92 0.5 7
30 92 0.5 7
62 81 0.5 2
63 81 0.5 2
38 83 0.5 21
38 82 0.5 21
37 83 0.5 21
37 82 0.5 21
34 83 0.5 21
36 83 0.5 21
35 85 0.5 21
35 84 0.5 21
35 83 0.5 21
35 86 0.5 21
33 82 0.5 21
32 83 0.5 21
32 82 0.5 21
30 82 0.5 21
31 82 0.5 21
33 81 0.5 21
34 81 0.5 21
36 81 0.5 21
35 81 0.5 21
33 80 0.5 21
37 81 0.5 21
98 12 0.5 6
98 11 0.5 6
99 12 0.5 6
97 13 0.5 6
98 13 0.5 6
96 13 0.5 6
58 39 0.5 1
19 21 0.5 2
20 21 0.5 2
51 7 0.5 4
50 8 0.5 4
51 8 0.5 4
49 8 0.5 4
97 89 0.5 7
98 88 0.5 7
98 89 0.5 7
97 91 0.5 7
98 91 0.5 7
97 90 0.5 7
99 91 0.5 7
88 42 0.5 1
4 91 0.5 1
28 68 0.5 1
