63 73 0.5 49
65 73 0.5 49
65 74 0.5 49
64 73 0.5 49
63 72 0.5 49
62 73 0.5 49
65 76 0.5 49
66 75 0.5 49
65 75 0.5 49
61 73 0.5 49
61 74 0.5 49
61 76 0.5 49
61 75 0.5 49
60 74 0.5 49
59 71 0.5 49
59 73 0.5 49
59 74 0.5 49
58 74 0.5 49
59 72 0.5 49
58 75 0.5 49
69 73 0.5 49
69 74 0.5 49
69 75 0.5 49
70 75 0.5 49
68 75 0.5 49
67 76 0.5 49
67 75 0.5 49
54 74 0.5 49
53 73 0.5 49
53 72 0.5 49
54 73 0.5 49
52 72 0.5 49
54 75 0.5 49
55 76 0.5 49
54 76 0.5 49
53 71 0.5 49
58 76 0.5 49
57 76 0.5 49
56 76 0.5 49
59 78 0.5 49
58 78 0.5 49
58 77 0.5 49
57 77 0.5 49
55 77 0.5 49
56 77 0.5 49
56 78 0.5 49
54 71 0.5 49
54 70 0.5 49
54 69 0.5 49
2 27 0.5 140
1 27 0.5 140
1 26 0.5 140
7 30 0.5 140
7 31 0.5 140
8 30 0.5 140
6 31 0.5 140
9 30 0.5 140
4 29 0.5 140
4 30 0.5 140
5 30 0.5 140
6 30 0.5 140
3 29 0.5 140
4 31 0.5 140
10 30 0.5 140
11 30 0.5 140
9 29 0.5 140
8 29 0.5 140
13 32 0.5 140
12 32 0.5 140
12 31 0.5 140
12 29 0.5 140
12 30 0.5 140
13 28 0.5 140
13 29 0.5 140
14 33 0.5 140
14 32 0.5 140
4 28 0.5 140
3 28 0.5 140
3 27 0.5 140
17 33 0.5 140
16 33 0.5 140
16 32 0.5 140
15 33 0.5 140
15 34 0.5 140
13 38 0.5 140
13 39 0.5 140
12 42 0.5 140
12 41 0.5 140
12 40 0.5 140
12 39 0.5 140
14 38 0.5 140
14 39 0.5 140
17 35 0.5 140
16 35 0.5 140
17 36 0.5 140
15 35 0.5 140
16 34 0.5 140
18 36 0.5 140
15 36 0.5 140
14 36 0.5 140
14 37 0.5 140
19 37 0.5 140
18 37 0.5 140
18 38 0.5 140
20 37 0.5 140
21 37 0.5 140
22 37 0.5 140
8 32 0.5 140
7 32 0.5 140
8 44 0.5 140
7 44 0.5 140
9 43 0.5 140
10 43 0.5 140
10 44 0.5 140
11 44 0.5 140
9 44 0.5 140
8 43 0.5 140
8 42 0.5 140
8 41 0.5 140
9 41 0.5 140
10 41 0.5 140
11 42 0.5 140
10 42 0.5 140
91 27 0.5 140
91 28 0.5 140
90 29 0.5 140
91 29 0.5 140
89 29 0.5 140
92 29 0.5 140
92 28 0.5 140
90 28 0.5 140
94 28 0.5 140
93 28 0.5 140
89 25 0.5 140
89 26 0.5 140
89 27 0.5 140
89 28 0.5 140
90 25 0.5 140
89 31 0.5 140
89 30 0.5 140
91 31 0.5 140
90 31 0.5 140
92 31 0.5 140
94 32 0.5 140
94 33 0.5 140
95 33 0.5 140
95 31 0.5 140
94 31 0.5 140
93 31 0.5 140
97 30 0.5 140
98 30 0.5 140
99 30 0.5 140
99 29 0.5 140
97 31 0.5 140
96 30 0.5 140
95 30 0.5 140
95 29 0.5 140
1 29 0.5 140
0 29 0.5 140
2 31 0.5 140
3 31 0.5 140
1 32 0.5 140
1 31 0.5 140
1 30 0.5 140
89 32 0.5 140
88 32 0.5 140
1 34 0.5 140
2 33 0.5 140
1 33 0.5 140
0 44 0.5 140
1 44 0.5 140
2 44 0.5 140
99 44 0.5 140
6 44 0.5 140
5 44 0.5 140
5 45 0.5 140
4 45 0.5 140
3 44 0.5 140
4 44 0.5 140
3 43 0.5 140
6 45 0.5 140
0 43 0.5 140
6 47 0.5 140
6 46 0.5 140
7 46 0.5 140
1 40 0.5 140
0 41 0.5 140
0 42 0.5 140
1 41 0.5 140
12 73 0.5 40
11 73 0.5 40
11 71 0.5 40
10 71 0.5 40
11 72 0.5 40
9 74 0.5 40
10 74 0.5 40
8 74 0.5 40
11 74 0.5 40
7 74 0.5 40
5 76 0.5 40
7 75 0.5 40
7 76 0.5 40
6 76 0.5 40
7 79 0.5 40
6 79 0.5 40
6 78 0.5 40
6 77 0.5 40
6 80 0.5 40
7 77 0.5 40
8 77 0.5 40
9 77 0.5 40
4 75 0.5 40
5 75 0.5 40
3 75 0.5 40
1 78 0.5 40
2 76 0.5 40
1 76 0.5 40
1 77 0.5 40
2 75 0.5 40
0 79 0.5 40
1 79 0.5 40
1 80 0.5 40
2 80 0.5 40
2 81 0.5 40
0 77 0.5 40
2 82 0.5 40
2 83 0.5 40
1 84 0.5 40
2 84 0.5 40
69 28 0.5 80
67 28 0.5 80
68 28 0.5 80
70 28 0.5 80
72 28 0.5 80
71 28 0.5 80
72 27 0.5 80
71 29 0.5 80
71 30 0.5 80
64 28 0.5 80
64 27 0.5 80
66 28 0.5 80
65 28 0.5 80
65 27 0.5 80
65 26 0.5 80
72 26 0.5 80
63 24 0.5 80
65 25 0.5 80
64 25 0.5 80
63 25 0.5 80
64 26 0.5 80
62 24 0.5 80
65 24 0.5 80
58 22 0.5 80
58 20 0.5 80
59 20 0.5 80
59 22 0.5 80
59 21 0.5 80
60 23 0.5 80
60 22 0.5 80
61 22 0.5 80
62 22 0.5 80
62 21 0.5 80
61 20 0.5 80
62 20 0.5 80
63 20 0.5 80
58 23 0.5 80
63 22 0.5 80
64 22 0.5 80
67 22 0.5 80
66 22 0.5 80
65 22 0.5 80
57 19 0.5 80
55 19 0.5 80
56 19 0.5 80
57 20 0.5 80
63 23 0.5 80
55 21 0.5 80
53 20 0.5 80
53 19 0.5 80
53 21 0.5 80
54 20 0.5 80
54 21 0.5 80
55 20 0.5 80
53 16 0.5 80
53 17 0.5 80
53 18 0.5 80
52 21 0.5 80
51 22 0.5 80
51 21 0.5 80
62 30 0.5 80
63 30 0.5 80
61 30 0.5 80
59 28 0.5 80
60 28 0.5 80
58 28 0.5 80
61 29 0.5 80
60 29 0.5 80
58 25 0.5 80
58 26 0.5 80
58 27 0.5 80
60 30 0.5 80
64 30 0.5 80
64 29 0.5 80
64 31 0.5 80
57 27 0.5 80
57 28 0.5 80
60 31 0.5 80
58 30 0.5 80
58 29 0.5 80
25 57 0.5 39
25 56 0.5 39
23 57 0.5 39
23 58 0.5 39
24 57 0.5 39
22 54 0.5 39
23 56 0.5 39
23 54 0.5 39
23 55 0.5 39
24 62 0.5 39
25 62 0.5 39
23 62 0.5 39
22 63 0.5 39
23 63 0.5 39
24 63 0.5 39
25 60 0.5 39
24 60 0.5 39
23 61 0.5 39
23 60 0.5 39
22 59 0.5 39
22 60 0.5 39
26 62 0.5 39
26 61 0.5 39
26 63 0.5 39
27 62 0.5 39
26 60 0.5 39
27 60 0.5 39
28 63 0.5 39
29 63 0.5 39
27 63 0.5 39
28 62 0.5 39
28 59 0.5 39
27 59 0.5 39
26 57 0.5 39
27 57 0.5 39
27 58 0.5 39
26 58 0.5 39
22 53 0.5 39
21 59 0.5 39
74 37 0.5 65
75 37 0.5 65
75 38 0.5 65
73 36 0.5 65
72 36 0.5 65
73 37 0.5 65
73 35 0.5 65
75 36 0.5 65
76 36 0.5 65
77 36 0.5 65
78 36 0.5 65
79 36 0.5 65
77 37 0.5 65
80 36 0.5 65
80 37 0.5 65
79 37 0.5 65
79 38 0.5 65
81 36 0.5 65
81 35 0.5 65
71 38 0.5 65
71 39 0.5 65
70 39 0.5 65
72 38 0.5 65
73 40 0.5 65
73 39 0.5 65
72 40 0.5 65
71 40 0.5 65
74 40 0.5 65
73 41 0.5 65
71 37 0.5 65
72 37 0.5 65
71 43 0.5 65
72 43 0.5 65
70 43 0.5 65
70 44 0.5 65
70 45 0.5 65
70 46 0.5 65
69 47 0.5 65
69 48 0.5 65
69 46 0.5 65
70 49 0.5 65
69 49 0.5 65
68 45 0.5 65
69 45 0.5 65
70 42 0.5 65
70 41 0.5 65
70 40 0.5 65
69 40 0.5 65
65 54 0.5 65
66 54 0.5 65
66 56 0.5 65
66 55 0.5 65
67 55 0.5 65
64 54 0.5 65
68 55 0.5 65
69 55 0.5 65
70 55 0.5 65
71 52 0.5 65
71 51 0.5 65
71 50 0.5 65
70 50 0.5 65
71 54 0.5 65
70 54 0.5 65
71 53 0.5 65
72 50 0.5 65
41 66 0.5 45
42 66 0.5 45
43 66 0.5 45
43 67 0.5 45
40 66 0.5 45
40 65 0.5 45
37 58 0.5 45
38 60 0.5 45
37 59 0.5 45
37 60 0.5 45
44 61 0.5 45
43 61 0.5 45
42 61 0.5 45
41 61 0.5 45
40 61 0.5 45
39 59 0.5 45
40 60 0.5 45
39 60 0.5 45
44 60 0.5 45
44 59 0.5 45
44 58 0.5 45
45 57 0.5 45
45 56 0.5 45
45 58 0.5 45
37 61 0.5 45
44 64 0.5 45
43 64 0.5 45
42 64 0.5 45
42 62 0.5 45
42 63 0.5 45
45 64 0.5 45
44 65 0.5 45
43 65 0.5 45
46 65 0.5 45
46 64 0.5 45
36 57 0.5 45
35 57 0.5 45
37 57 0.5 45
35 59 0.5 45
35 58 0.5 45
34 58 0.5 45
34 57 0.5 45
38 56 0.5 45
38 55 0.5 45
37 56 0.5 45
83 78 0.5 44
83 79 0.5 44
83 77 0.5 44
85 78 0.5 44
85 79 0.5 44
85 77 0.5 44
84 79 0.5 44
85 76 0.5 44
83 76 0.5 44
84 76 0.5 44
83 74 0.5 44
83 75 0.5 44
84 74 0.5 44
82 76 0.5 44
82 75 0.5 44
85 84 0.5 44
86 84 0.5 44
84 84 0.5 44
84 83 0.5 44
85 85 0.5 44
82 82 0.5 44
83 82 0.5 44
83 81 0.5 44
84 82 0.5 44
83 80 0.5 44
84 80 0.5 44
87 84 0.5 44
80 73 0.5 44
80 72 0.5 44
79 71 0.5 44
80 71 0.5 44
80 74 0.5 44
80 75 0.5 44
79 74 0.5 44
81 75 0.5 44
81 79 0.5 44
81 78 0.5 44
80 78 0.5 44
79 76 0.5 44
80 76 0.5 44
79 77 0.5 44
79 78 0.5 44
78 76 0.5 44
77 76 0.5 44
38 15 0.5 154
38 14 0.5 154
37 14 0.5 154
34 15 0.5 154
34 14 0.5 154
35 14 0.5 154
36 14 0.5 154
33 15 0.5 154
32 15 0.5 154
32 16 0.5 154
32 14 0.5 154
30 17 0.5 154
30 18 0.5 154
32 17 0.5 154
31 17 0.5 154
31 15 0.5 154
29 17 0.5 154
38 16 0.5 154
38 17 0.5 154
33 23 0.5 154
34 22 0.5 154
33 22 0.5 154
32 22 0.5 154
32 18 0.5 154
32 20 0.5 154
32 19 0.5 154
32 21 0.5 154
33 21 0.5 154
31 19 0.5 154
41 21 0.5 154
41 20 0.5 154
39 20 0.5 154
40 20 0.5 154
42 20 0.5 154
39 21 0.5 154
39 22 0.5 154
38 21 0.5 154
39 19 0.5 154
39 18 0.5 154
39 17 0.5 154
41 5 0.5 154
41 6 0.5 154
42 6 0.5 154
39 8 0.5 154
40 8 0.5 154
40 9 0.5 154
41 8 0.5 154
41 7 0.5 154
40 15 0.5 154
40 13 0.5 154
39 14 0.5 154
40 14 0.5 154
40 12 0.5 154
40 11 0.5 154
40 10 0.5 154
30 9 0.5 154
30 8 0.5 154
30 7 0.5 154
29 11 0.5 154
29 9 0.5 154
29 10 0.5 154
28 11 0.5 154
27 11 0.5 154
26 11 0.5 154
33 11 0.5 154
33 12 0.5 154
32 11 0.5 154
32 10 0.5 154
33 13 0.5 154
32 13 0.5 154
31 10 0.5 154
31 9 0.5 154
26 10 0.5 154
26 2 0.5 154
25 2 0.5 154
26 3 0.5 154
25 3 0.5 154
26 1 0.5 154
25 0 0.5 154
25 1 0.5 154
24 0 0.5 154
23 0 0.5 154
26 0 0.5 154
25 99 0.5 154
24 99 0.5 154
23 99 0.5 154
27 2 0.5 154
22 8 0.5 154
22 7 0.5 154
23 6 0.5 154
23 7 0.5 154
24 5 0.5 154
23 5 0.5 154
24 4 0.5 154
25 4 0.5 154
27 5 0.5 154
28 6 0.5 154
27 6 0.5 154
29 6 0.5 154
30 6 0.5 154
26 4 0.5 154
26 5 0.5 154
25 5 0.5 154
43 6 0.5 154
44 6 0.5 154
44 5 0.5 154
44 4 0.5 154
30 5 0.5 154
30 4 0.5 154
18 6 0.5 154
19 7 0.5 154
18 7 0.5 154
19 8 0.5 154
17 7 0.5 154
16 6 0.5 154
17 6 0.5 154
15 6 0.5 154
15 7 0.5 154
19 3 0.5 154
18 3 0.5 154
19 5 0.5 154
18 5 0.5 154
18 4 0.5 154
19 6 0.5 154
18 2 0.5 154
19 2 0.5 154
20 2 0.5 154
19 1 0.5 154
19 0 0.5 154
18 1 0.5 154
17 0 0.5 154
18 0 0.5 154
16 0 0.5 154
20 6 0.5 154
21 5 0.5 154
21 7 0.5 154
21 6 0.5 154
15 0 0.5 154
15 99 0.5 154
14 99 0.5 154
14 0 0.5 154
13 98 0.5 154
14 98 0.5 154
12 98 0.5 154
19 97 0.5 154
19 98 0.5 154
18 99 0.5 154
19 99 0.5 154
18 97 0.5 154
17 97 0.5 154
17 96 0.5 154
16 97 0.5 154
12 97 0.5 154
19 96 0.5 154
19 43 0.5 39
18 43 0.5 39
18 44 0.5 39
20 44 0.5 39
20 43 0.5 39
21 44 0.5 39
20 45 0.5 39
23 44 0.5 39
23 43 0.5 39
22 44 0.5 39
22 45 0.5 39
22 46 0.5 39
21 45 0.5 39
19 42 0.5 39
18 42 0.5 39
25 40 0.5 39
26 40 0.5 39
24 40 0.5 39
25 39 0.5 39
24 42 0.5 39
24 41 0.5 39
23 42 0.5 39
22 42 0.5 39
30 38 0.5 39
30 39 0.5 39
31 38 0.5 39
27 39 0.5 39
28 39 0.5 39
29 39 0.5 39
27 40 0.5 39
27 41 0.5 39
26 41 0.5 39
29 37 0.5 39
30 37 0.5 39
28 37 0.5 39
28 36 0.5 39
27 36 0.5 39
29 36 0.5 39
17 42 0.5 39
84 97 0.5 60
84 98 0.5 60
83 97 0.5 60
83 96 0.5 60
81 97 0.5 60
82 98 0.5 60
81 98 0.5 60
82 97 0.5 60
83 95 0.5 60
87 98 0.5 60
87 99 0.5 60
86 98 0.5 60
85 98 0.5 60
85 99 0.5 60
91 97 0.5 60
90 97 0.5 60
90 96 0.5 60
89 96 0.5 60
88 96 0.5 60
88 97 0.5 60
87 97 0.5 60
87 95 0.5 60
86 95 0.5 60
85 95 0.5 60
84 95 0.5 60
86 94 0.5 60
86 93 0.5 60
84 94 0.5 60
84 93 0.5 60
86 90 0.5 60
86 91 0.5 60
86 92 0.5 60
85 90 0.5 60
85 89 0.5 60
83 88 0.5 60
84 88 0.5 60
84 90 0.5 60
84 89 0.5 60
93 0 0.5 60
92 0 0.5 60
91 0 0.5 60
95 98 0.5 60
95 99 0.5 60
95 97 0.5 60
96 97 0.5 60
93 99 0.5 60
94 99 0.5 60
96 96 0.5 60
91 99 0.5 60
91 98 0.5 60
96 95 0.5 60
90 99 0.5 60
97 96 0.5 60
98 96 0.5 60
93 1 0.5 60
97 97 0.5 60
89 1 0.5 60
89 0 0.5 60
89 99 0.5 60
93 2 0.5 60
40 46 0.5 16
40 45 0.5 16
40 43 0.5 16
40 44 0.5 16
39 42 0.5 16
39 43 0.5 16
43 42 0.5 16
44 42 0.5 16
44 41 0.5 16
43 43 0.5 16
43 44 0.5 16
44 44 0.5 16
45 44 0.5 16
41 44 0.5 16
42 44 0.5 16
44 40 0.5 16
90 57 0.5 48
91 57 0.5 48
92 57 0.5 48
92 56 0.5 48
89 57 0.5 48
93 56 0.5 48
90 56 0.5 48
87 59 0.5 48
87 58 0.5 48
88 58 0.5 48
87 62 0.5 48
87 60 0.5 48
87 61 0.5 48
88 57 0.5 48
93 55 0.5 48
91 59 0.5 48
91 58 0.5 48
91 60 0.5 48
92 60 0.5 48
93 60 0.5 48
90 59 0.5 48
92 55 0.5 48
92 53 0.5 48
92 54 0.5 48
93 54 0.5 48
90 53 0.5 48
91 53 0.5 48
87 63 0.5 48
87 64 0.5 48
97 55 0.5 48
96 55 0.5 48
95 55 0.5 48
96 54 0.5 48
97 56 0.5 48
94 53 0.5 48
94 54 0.5 48
94 55 0.5 48
98 55 0.5 48
85 65 0.5 48
86 65 0.5 48
87 65 0.5 48
82 66 0.5 48
82 65 0.5 48
82 67 0.5 48
84 66 0.5 48
85 66 0.5 48
83 66 0.5 48
81 65 0.5 48
54 90 0.5 24
53 90 0.5 24
52 89 0.5 24
53 89 0.5 24
53 88 0.5 24
52 85 0.5 24
54 85 0.5 24
54 86 0.5 24
53 85 0.5 24
55 86 0.5 24
54 87 0.5 24
53 87 0.5 24
51 85 0.5 24
48 87 0.5 24
48 88 0.5 24
48 90 0.5 24
48 89 0.5 24
50 90 0.5 24
49 90 0.5 24
50 89 0.5 24
51 88 0.5 24
51 89 0.5 24
47 90 0.5 24
47 89 0.5 24
7 60 0.5 31
6 60 0.5 31
8 61 0.5 31
8 60 0.5 31
3 62 0.5 31
2 62 0.5 31
2 63 0.5 31
3 63 0.5 31
1 63 0.5 31
1 65 0.5 31
1 64 0.5 31
2 66 0.5 31
3 65 0.5 31
2 65 0.5 31
4 62 0.5 31
4 61 0.5 31
4 60 0.5 31
4 65 0.5 31
5 60 0.5 31
5 59 0.5 31
8 56 0.5 31
8 57 0.5 31
8 58 0.5 31
8 59 0.5 31
7 59 0.5 31
6 59 0.5 31
3 67 0.5 31
2 67 0.5 31
0 65 0.5 31
0 66 0.5 31
0 67 0.5 31
79 16 0.5 18
79 17 0.5 18
80 17 0.5 18
80 16 0.5 18
81 17 0.5 18
82 17 0.5 18
82 16 0.5 18
78 15 0.5 18
77 15 0.5 18
77 16 0.5 18
76 15 0.5 18
79 15 0.5 18
75 17 0.5 18
75 16 0.5 18
75 15 0.5 18
74 15 0.5 18
79 13 0.5 18
79 14 0.5 18
61 97 0.5 16
62 97 0.5 16
60 97 0.5 16
59 97 0.5 16
60 98 0.5 16
66 98 0.5 16
66 97 0.5 16
63 98 0.5 16
64 98 0.5 16
65 98 0.5 16
63 97 0.5 16
65 97 0.5 16
67 98 0.5 16
59 98 0.5 16
58 98 0.5 16
57 98 0.5 16
8 92 0.5 8
9 92 0.5 8
8 91 0.5 8
9 91 0.5 8
10 92 0.5 8
10 91 0.5 8
11 91 0.5 8
10 93 0.5 8
49 59 0.5 15
49 60 0.5 15
50 60 0.5 15
50 59 0.5 15
48 60 0.5 15
51 60 0.5 15
49 61 0.5 15
49 62 0.5 15
50 62 0.5 15
54 60 0.5 15
54 61 0.5 15
52 60 0.5 15
52 61 0.5 15
53 61 0.5 15
52 62 0.5 15
43 35 0.5 1
92 75 0.5 12
92 74 0.5 12
93 76 0.5 12
92 76 0.5 12
93 70 0.5 12
93 71 0.5 12
93 72 0.5 12
94 70 0.5 12
92 71 0.5 12
92 73 0.5 12
93 73 0.5 12
94 73 0.5 12
3 19 0.5 1
20 77 0.5 2
19 77 0.5 2
30 93 0.5 7
30 94 0.5 7
28 91 0.5 7
28 90 0.5 7
29 93 0.5 7
28 92 0.5 7
29 92 0.5 7
63 81 0.5 2
64 81 0.5 2
39 83 0.5 21
39 82 0.5 21
38 83 0.5 21
38 82 0.5 21
35 83 0.5 21
37 83 0.5 21
36 85 0.5 21
36 84 0.5 21
36 83 0.5 21
36 86 0.5 21
34 82 0.5 21
33 83 0.5 21
33 82 0.5 21
31 82 0.5 21
32 82 0.5 21
34 81 0.5 21
35 81 0.5 21
37 81 0.5 21
36 81 0.5 21
34 80 0.5 21
38 81 0.5 21
98 11 0.5 6
98 10 0.5 6
99 11 0.5 6
97 12 0.5 6
98 12 0.5 6
96 12 0.5 6
58 38 0.5 1
18 21 0.5 2
19 21 0.5 2
51 6 0.5 4
50 7 0.5 4
51 7 0.5 4
49 7 0.5 4
98 89 0.5 7
99 88 0.5 7
99 89 0.5 7
98 91 0.5 7
99 91 0.5 7
98 90 0.5 7
0 91 0.5 7
87 42 0.5 1
4 92 0.5 1
28 67 0.5 1
