63 72 0.5 49
65 72 0.5 49
65 73 0.5 49
64 72 0.5 49
63 71 0.5 49
62 72 0.5 49
65 75 0.5 49
66 74 0.5 49
65 74 0.5 49
61 72 0.5 49
61 73 0.5 49
61 75 0.5 49
61 74 0.5 49
60 73 0.5 49
59 70 0.5 49
59 72 0.5 49
59 73 0.5 49
58 73 0.5 49
59 71 0.5 49
58 74 0.5 49
69 72 0.5 49
69 73 0.5 49
69 74 0.5 49
70 74 0.5 49
68 74 0.5 49
67 75 0.5 49
67 74 0.5 49
54 73 0.5 49
53 72 0.5 49
53 71 0.5 49
54 72 0.5 49
52 71 0.5 49
54 74 0.5 49
55 75 0.5 49
54 75 0.5 49
53 70 0.5 49
58 75 0.5 49
57 75 0.5 49
56 75 0.5 49
59 77 0.5 49
58 77 0.5 49
58 76 0.5 49
57 76 0.5 49
55 76 0.5 49
56 76 0.5 49
56 77 0.5 49
54 70 0.5 49
54 69 0.5 49
54 68 0.5 49
3 27 0.5 140
2 27 0.5 140
2 26 0.5 140
8 30 0.5 140
8 31 0.5 140
9 30 0.5 140
7 31 0.5 140
10 30 0.5 140
5 29 0.5 140
5 30 0.5 140
6 30 0.5 140
7 30 0.5 140
4 29 0.5 140
5 31 0.5 140
11 30 0.5 140
12 30 0.5 140
10 29 0.5 140
9 29 0.5 140
14 32 0.5 140
13 32 0.5 140
13 31 0.5 140
13 29 0.5 140
13 30 0.5 140
14 28 0.5 140
14 29 0.5 140
15 33 0.5 140
15 32 0.5 140
5 28 0.5 140
4 28 0.5 140
4 27 0.5 140
18 33 0.5 140
17 33 0.5 140
17 32 0.5 140
16 33 0.5 140
16 34 0.5 140
14 38 0.5 140
14 39 0.5 140
13 42 0.5 140
13 41 0.5 140
13 40 0.5 140
13 39 0.5 140
15 38 0.5 140
15 39 0.5 140
18 35 0.5 140
17 35 0.5 140
18 36 0.5 140
16 35 0.5 140
17 34 0.5 140
19 36 0.5 140
16 36 0.5 140
15 36 0.5 140
15 37 0.5 140
20 37 0.5 140
19 37 0.5 140
19 38 0.5 140
21 37 0.5 140
22 37 0.5 140
23 37 0.5 140
9 32 0.5 140
8 32 0.5 140
9 44 0.5 140
8 44 0.5 140
10 43 0.5 140
11 43 0.5 140
11 44 0.5 140
12 44 0.5 140
10 44 0.5 140
9 43 0.5 140
9 42 0.5 140
9 41 0.5 140
10 41 0.5 140
11 41 0.5 140
12 42 0.5 140
11 42 0.5 140
92 27 0.5 140
92 28 0.5 140
91 29 0.5 140
92 29 0.5 140
90 29 0.5 140
93 29 0.5 140
93 28 0.5 140
91 28 0.5 140
95 28 0.5 140
94 28 0.5 140
90 25 0.5 140
90 26 0.5 140
90 27 0.5 140
90 28 0.5 140
91 25 0.5 140
90 31 0.5 140
90 30 0.5 140
92 31 0.5 140
91 31 0.5 140
93 31 0.5 140
95 32 0.5 140
95 33 0.5 140
96 33 0.5 140
96 31 0.5 140
95 31 0.5 140
94 31 0.5 140
98 30 0.5 140
99 30 0.5 140
0 30 0.5 140
0 29 0.5 140
98 31 0.5 140
97 30 0.5 140
96 30 0.5 140
96 29 0.5 140
2 29 0.5 140
1 29 0.5 140
3 31 0.5 140
4 31 0.5 140
2 32 0.5 140
2 31 0.5 140
2 30 0.5 140
90 32 0.5 140
89 32 0.5 140
2 34 0.5 140
3 33 0.5 140
2 33 0.5 140
1 44 0.5 140
2 44 0.5 140
3 44 0.5 140
0 44 0.5 140
7 44 0.5 140
6 44 0.5 140
6 45 0.5 140
5 45 0.5 140
4 44 0.5 140
5 44 0.5 140
4 43 0.5 140
7 45 0.5 140
1 43 0.5 140
7 47 0.5 140
7 46 0.5 140
8 46 0.5 140
2 40 0.5 140
1 41 0.5 140
1 42 0.5 140
2 41 0.5 140
13 73 0.5 40
12 73 0.5 40
12 71 0.5 40
11 71 0.5 40
12 72 0.5 40
10 74 0.5 40
11 74 0.5 40
9 74 0.5 40
12 74 0.5 40
8 74 0.5 40
6 76 0.5 40
8 75 0.5 40
8 76 0.5 40
7 76 0.5 40
8 79 0.5 40
7 79 0.5 40
7 78 0.5 40
7 77 0.5 40
7 80 0.5 40
8 77 0.5 40
9 77 0.5 40
10 77 0.5 40
5 75 0.5 40
6 75 0.5 40
4 75 0.5 40
2 78 0.5 40
3 76 0.5 40
2 76 0.5 40
2 77 0.5 40
3 75 0.5 40
1 79 0.5 40
2 79 0.5 40
2 80 0.5 40
3 80 0.5 40
3 81 0.5 40
1 77 0.5 40
3 82 0.5 40
3 83 0.5 40
2 84 0.5 40
3 84 0.5 40
68 28 0.5 80
66 28 0.5 80
67 28 0.5 80
69 28 0.5 80
71 28 0.5 80
70 28 0.5 80
71 27 0.5 80
70 29 0.5 80
70 30 0.5 80
63 28 0.5 80
63 27 0.5 80
65 28 0.5 80
64 28 0.5 80
64 27 0.5 80
64 26 0.5 80
71 26 0.5 80
62 24 0.5 80
64 25 0.5 80
63 25 0.5 80
62 25 0.5 80
63 26 0.5 80
61 24 0.5 80
64 24 0.5 80
57 22 0.5 80
57 20 0.5 80
58 20 0.5 80
58 22 0.5 80
58 21 0.5 80
59 23 0.5 80
59 22 0.5 80
60 22 0.5 80
61 22 0.5 80
61 21 0.5 80
60 20 0.5 80
61 20 0.5 80
62 20 0.5 80
57 23 0.5 80
62 22 0.5 80
63 22 0.5 80
66 22 0.5 80
65 22 0.5 80
64 22 0.5 80
56 19 0.5 80
54 19 0.5 80
55 19 0.5 80
56 20 0.5 80
62 23 0.5 80
54 21 0.5 80
52 20 0.5 80
52 19 0.5 80
52 21 0.5 80
53 20 0.5 80
53 21 0.5 80
54 20 0.5 80
52 16 0.5 80
52 17 0.5 80
52 18 0.5 80
51 21 0.5 80
50 22 0.5 80
50 21 0.5 80
61 30 0.5 80
62 30 0.5 80
60 30 0.5 80
58 28 0.5 80
59 28 0.5 80
57 28 0.5 80
60 29 0.5 80
59 29 0.5 80
57 25 0.5 80
57 26 0.5 80
57 27 0.5 80
59 30 0.5 80
63 30 0.5 80
63 29 0.5 80
63 31 0.5 80
56 27 0.5 80
56 28 0.5 80
59 31 0.5 80
57 30 0.5 80
57 29 0.5 80
26 57 0.5 39
26 56 0.5 39
24 57 0.5 39
24 58 0.5 39
25 57 0.5 39
23 54 0.5 39
24 56 0.5 39
24 54 0.5 39
24 55 0.5 39
25 62 0.5 39
26 62 0.5 39
24 62 0.5 39
23 63 0.5 39
24 63 0.5 39
25 63 0.5 39
26 60 0.5 39
25 60 0.5 39
24 61 0.5 39
24 60 0.5 39
23 59 0.5 39
23 60 0.5 39
27 62 0.5 39
27 61 0.5 39
27 63 0.5 39
28 62 0.5 39
27 60 0.5 39
28 60 0.5 39
29 63 0.5 39
30 63 0.5 39
28 63 0.5 39
29 62 0.5 39
29 59 0.5 39
28 59 0.5 39
27 57 0.5 39
28 57 0.5 39
28 58 0.5 39
27 58 0.5 39
23 53 0.5 39
22 59 0.5 39
73 37 0.5 65
74 37 0.5 65
74 38 0.5 65
72 36 0.5 65
71 36 0.5 65
72 37 0.5 65
72 35 0.5 65
74 36 0.5 65
75 36 0.5 65
76 36 0.5 65
77 36 0.5 65
78 36 0.5 65
76 37 0.5 65
79 36 0.5 65
79 37 0.5 65
78 37 0.5 65
78 38 0.5 65
80 36 0.5 65
80 35 0.5 65
70 38 0.5 65
70 39 0.5 65
69 39 0.5 65
71 38 0.5 65
72 40 0.5 65
72 39 0.5 65
71 40 0.5 65
70 40 0.5 65
73 40 0.5 65
72 41 0.5 65
70 37 0.5 65
71 37 0.5 65
70 43 0.5 65
71 43 0.5 65
69 43 0.5 65
69 44 0.5 65
69 45 0.5 65
69 46 0.5 65
68 47 0.5 65
68 48 0.5 65
68 46 0.5 65
69 49 0.5 65
68 49 0.5 65
67 45 0.5 65
68 45 0.5 65
69 42 0.5 65
69 41 0.5 65
69 40 0.5 65
68 40 0.5 65
64 54 0.5 65
65 54 0.5 65
65 56 0.5 65
65 55 0.5 65
66 55 0.5 65
63 54 0.5 65
67 55 0.5 65
68 55 0.5 65
69 55 0.5 65
70 52 0.5 65
70 51 0.5 65
70 50 0.5 65
69 50 0.5 65
70 54 0.5 65
69 54 0.5 65
70 53 0.5 65
71 50 0.5 65
42 66 0.5 45
43 66 0.5 45
44 66 0.5 45
44 67 0.5 45
41 66 0.5 45
41 65 0.5 45
38 58 0.5 45
39 60 0.5 45
38 59 0.5 45
38 60 0.5 45
45 61 0.5 45
44 61 0.5 45
43 61 0.5 45
42 61 0.5 45
41 61 0.5 45
40 59 0.5 45
41 60 0.5 45
40 60 0.5 45
45 60 0.5 45
45 59 0.5 45
45 58 0.5 45
46 57 0.5 45
46 56 0.5 45
46 58 0.5 45
38 61 0.5 45
45 64 0.5 45
44 64 0.5 45
43 64 0.5 45
43 62 0.5 45
43 63 0.5 45
46 64 0.5 45
45 65 0.5 45
44 65 0.5 45
47 65 0.5 45
47 64 0.5 45
37 57 0.5 45
36 57 0.5 45
38 57 0.5 45
36 59 0.5 45
36 58 0.5 45
35 58 0.5 45
35 57 0.5 45
39 56 0.5 45
39 55 0.5 45
38 56 0.5 45
84 78 0.5 44
84 79 0.5 44
84 77 0.5 44
86 78 0.5 44
86 79 0.5 44
86 77 0.5 44
85 79 0.5 44
86 76 0.5 44
84 76 0.5 44
85 76 0.5 44
84 74 0.5 44
84 75 0.5 44
85 74 0.5 44
83 76 0.5 44
83 75 0.5 44
86 84 0.5 44
87 84 0.5 44
85 84 0.5 44
85 83 0.5 44
86 85 0.5 44
83 82 0.5 44
84 82 0.5 44
84 81 0.5 44
85 82 0.5 44
84 80 0.5 44
85 80 0.5 44
88 84 0.5 44
81 73 0.5 44
81 72 0.5 44
80 71 0.5 44
81 71 0.5 44
81 74 0.5 44
81 75 0.5 44
80 74 0.5 44
82 75 0.5 44
82 79 0.5 44
82 78 0.5 44
81 78 0.5 44
80 76 0.5 44
81 76 0.5 44
80 77 0.5 44
80 78 0.5 44
79 76 0.5 44
78 76 0.5 44
37 15 0.5 154
37 14 0.5 154
36 14 0.5 154
33 15 0.5 154
33 14 0.5 154
34 14 0.5 154
35 14 0.5 154
32 15 0.5 154
31 15 0.5 154
31 16 0.5 154
31 14 0.5 154
29 17 0.5 154
29 18 0.5 154
31 17 0.5 154
30 17 0.5 154
30 15 0.5 154
28 17 0.5 154
37 16 0.5 154
37 17 0.5 154
32 23 0.5 154
33 22 0.5 154
32 22 0.5 154
31 22 0.5 154
31 18 0.5 154
31 20 0.5 154
31 19 0.5 154
31 21 0.5 154
32 21 0.5 154
30 19 0.5 154
40 21 0.5 154
40 20 0.5 154
38 20 0.5 154
39 20 0.5 154
41 20 0.5 154
38 21 0.5 154
38 22 0.5 154
37 21 0.5 154
38 19 0.5 154
38 18 0.5 154
38 17 0.5 154
40 5 0.5 154
40 6 0.5 154
41 6 0.5 154
38 8 0.5 154
39 8 0.5 154
39 9 0.5 154
40 8 0.5 154
40 7 0.5 154
39 15 0.5 154
39 13 0.5 154
38 14 0.5 154
39 14 0.5 154
39 12 0.5 154
39 11 0.5 154
39 10 0.5 154
29 9 0.5 154
29 8 0.5 154
29 7 0.5 154
28 11 0.5 154
28 9 0.5 154
28 10 0.5 154
27 11 0.5 154
26 11 0.5 154
25 11 0.5 154
32 11 0.5 154
32 12 0.5 154
31 11 0.5 154
31 10 0.5 154
32 13 0.5 154
31 13 0.5 154
30 10 0.5 154
30 9 0.5 154
25 10 0.5 154
25 2 0.5 154
24 2 0.5 154
25 3 0.5 154
24 3 0.5 154
25 1 0.5 154
24 0 0.5 154
24 1 0.5 154
23 0 0.5 154
22 0 0.5 154
25 0 0.5 154
24 99 0.5 154
23 99 0.5 154
22 99 0.5 154
26 2 0.5 154
21 8 0.5 154
21 7 0.5 154
22 6 0.5 154
22 7 0.5 154
23 5 0.5 154
22 5 0.5 154
23 4 0.5 154
24 4 0.5 154
26 5 0.5 154
27 6 0.5 154
26 6 0.5 154
28 6 0.5 154
29 6 0.5 154
25 4 0.5 154
25 5 0.5 154
24 5 0.5 154
42 6 0.5 154
43 6 0.5 154
43 5 0.5 154
43 4 0.5 154
29 5 0.5 154
29 4 0.5 154
17 6 0.5 154
18 7 0.5 154
17 7 0.5 154
18 8 0.5 154
16 7 0.5 154
15 6 0.5 154
16 6 0.5 154
14 6 0.5 154
14 7 0.5 154
18 3 0.5 154
17 3 0.5 154
18 5 0.5 154
17 5 0.5 154
17 4 0.5 154
18 6 0.5 154
17 2 0.5 154
18 2 0.5 154
19 2 0.5 154
18 1 0.5 154
18 0 0.5 154
17 1 0.5 154
16 0 0.5 154
17 0 0.5 154
15 0 0.5 154
19 6 0.5 154
20 5 0.5 154
20 7 0.5 154
20 6 0.5 154
14 0 0.5 154
14 99 0.5 154
13 99 0.5 154
13 0 0.5 154
12 98 0.5 154
13 98 0.5 154
11 98 0.5 154
18 97 0.5 154
18 98 0.5 154
17 99 0.5 154
18 99 0.5 154
17 97 0.5 154
16 97 0.5 154
16 96 0.5 154
15 97 0.5 154
11 97 0.5 154
18 96 0.5 154
20 43 0.5 39
19 43 0.5 39
19 44 0.5 39
21 44 0.5 39
21 43 0.5 39
22 44 0.5 39
21 45 0.5 39
24 44 0.5 39
24 43 0.5 39
23 44 0.5 39
23 45 0.5 39
23 46 0.5 39
22 45 0.5 39
20 42 0.5 39
19 42 0.5 39
26 40 0.5 39
27 40 0.5 39
25 40 0.5 39
26 39 0.5 39
25 42 0.5 39
25 41 0.5 39
24 42 0.5 39
23 42 0.5 39
31 38 0.5 39
31 39 0.5 39
32 38 0.5 39
28 39 0.5 39
29 39 0.5 39
30 39 0.5 39
28 40 0.5 39
28 41 0.5 39
27 41 0.5 39
30 37 0.5 39
31 37 0.5 39
29 37 0.5 39
29 36 0.5 39
28 36 0.5 39
30 36 0.5 39
18 42 0.5 39
85 97 0.5 60
85 98 0.5 60
84 97 0.5 60
84 96 0.5 60
82 97 0.5 60
83 98 0.5 60
82 98 0.5 60
83 97 0.5 60
84 95 0.5 60
88 98 0.5 60
88 99 0.5 60
87 98 0.5 60
86 98 0.5 60
86 99 0.5 60
92 97 0.5 60
91 97 0.5 60
91 96 0.5 60
90 96 0.5 60
89 96 0.5 60
89 97 0.5 60
88 97 0.5 60
88 95 0.5 60
87 95 0.5 60
86 95 0.5 60
85 95 0.5 60
87 94 0.5 60
87 93 0.5 60
85 94 0.5 60
85 93 0.5 60
87 90 0.5 60
87 91 0.5 60
87 92 0.5 60
86 90 0.5 60
86 89 0.5 60
84 88 0.5 60
85 88 0.5 60
85 90 0.5 60
85 89 0.5 60
94 0 0.5 60
93 0 0.5 60
92 0 0.5 60
96 98 0.5 60
96 99 0.5 60
96 97 0.5 60
97 97 0.5 60
94 99 0.5 60
95 99 0.5 60
97 96 0.5 60
92 99 0.5 60
92 98 0.5 60
97 95 0.5 60
91 99 0.5 60
98 96 0.5 60
99 96 0.5 60
94 1 0.5 60
98 97 0.5 60
90 1 0.5 60
90 0 0.5 60
90 99 0.5 60
94 2 0.5 60
40 47 0.5 16
40 46 0.5 16
40 44 0.5 16
40 45 0.5 16
39 43 0.5 16
39 44 0.5 16
43 43 0.5 16
44 43 0.5 16
44 42 0.5 16
43 44 0.5 16
43 45 0.5 16
44 45 0.5 16
45 45 0.5 16
41 45 0.5 16
42 45 0.5 16
44 41 0.5 16
90 58 0.5 48
91 58 0.5 48
92 58 0.5 48
92 57 0.5 48
89 58 0.5 48
93 57 0.5 48
90 57 0.5 48
87 60 0.5 48
87 59 0.5 48
88 59 0.5 48
87 63 0.5 48
87 61 0.5 48
87 62 0.5 48
88 58 0.5 48
93 56 0.5 48
91 60 0.5 48
91 59 0.5 48
91 61 0.5 48
92 61 0.5 48
93 61 0.5 48
90 60 0.5 48
92 56 0.5 48
92 54 0.5 48
92 55 0.5 48
93 55 0.5 48
90 54 0.5 48
91 54 0.5 48
87 64 0.5 48
87 65 0.5 48
97 56 0.5 48
96 56 0.5 48
95 56 0.5 48
96 55 0.5 48
97 57 0.5 48
94 54 0.5 48
94 55 0.5 48
94 56 0.5 48
98 56 0.5 48
85 66 0.5 48
86 66 0.5 48
87 66 0.5 48
82 67 0.5 48
82 66 0.5 48
82 68 0.5 48
84 67 0.5 48
85 67 0.5 48
83 67 0.5 48
81 66 0.5 48
54 91 0.5 24
53 91 0.5 24
52 90 0.5 24
53 90 0.5 24
53 89 0.5 24
52 86 0.5 24
54 86 0.5 24
54 87 0.5 24
53 86 0.5 24
55 87 0.5 24
54 88 0.5 24
53 88 0.5 24
51 86 0.5 24
48 88 0.5 24
48 89 0.5 24
48 91 0.5 24
48 90 0.5 24
50 91 0.5 24
49 91 0.5 24
50 90 0.5 24
51 89 0.5 24
51 90 0.5 24
47 91 0.5 24
47 90 0.5 24
7 61 0.5 31
6 61 0.5 31
8 62 0.5 31
8 61 0.5 31
3 63 0.5 31
2 63 0.5 31
2 64 0.5 31
3 64 0.5 31
1 64 0.5 31
1 66 0.5 31
1 65 0.5 31
2 67 0.5 31
3 66 0.5 31
2 66 0.5 31
4 63 0.5 31
4 62 0.5 31
4 61 0.5 31
4 66 0.5 31
5 61 0.5 31
5 60 0.5 31
8 57 0.5 31
8 58 0.5 31
8 59 0.5 31
8 60 0.5 31
7 60 0.5 31
6 60 0.5 31
3 68 0.5 31
2 68 0.5 31
0 66 0.5 31
0 67 0.5 31
0 68 0.5 31
78 16 0.5 18
78 17 0.5 18
79 17 0.5 18
79 16 0.5 18
80 17 0.5 18
81 17 0.5 18
81 16 0.5 18
77 15 0.5 18
76 15 0.5 18
76 16 0.5 18
75 15 0.5 18
78 15 0.5 18
74 17 0.5 18
74 16 0.5 18
74 15 0.5 18
73 15 0.5 18
78 13 0.5 18
78 14 0.5 18
60 97 0.5 16
61 97 0.5 16
59 97 0.5 16
58 97 0.5 16
59 98 0.5 16
65 98 0.5 16
65 97 0.5 16
62 98 0.5 16
63 98 0.5 16
64 98 0.5 16
62 97 0.5 16
64 97 0.5 16
66 98 0.5 16
58 98 0.5 16
57 98 0.5 16
56 98 0.5 16
7 92 0.5 8
8 92 0.5 8
7 91 0.5 8
8 91 0.5 8
9 92 0.5 8
9 91 0.5 8
10 91 0.5 8
9 93 0.5 8
49 58 0.5 15
49 59 0.5 15
50 59 0.5 15
50 58 0.5 15
48 59 0.5 15
51 59 0.5 15
49 60 0.5 15
49 61 0.5 15
50 61 0.5 15
54 59 0.5 15
54 60 0.5 15
52 59 0.5 15
52 60 0.5 15
53 60 0.5 15
52 61 0.5 15
43 34 0.5 1
92 74 0.5 12
92 73 0.5 12
93 75 0.5 12
92 75 0.5 12
93 69 0.5 12
93 70 0.5 12
93 71 0.5 12
94 69 0.5 12
92 70 0.5 12
92 72 0.5 12
93 72 0.5 12
94 72 0.5 12
3 18 0.5 1
21 77 0.5 2
20 77 0.5 2
29 93 0.5 7
29 94 0.5 7
27 91 0.5 7
27 90 0.5 7
28 93 0.5 7
27 92 0.5 7
28 92 0.5 7
62 81 0.5 2
63 81 0.5 2
38 83 0.5 21
38 82 0.5 21
37 83 0.5 21
37 82 0.5 21
34 83 0.5 21
36 83 0.5 21
35 85 0.5 21
35 84 0.5 21
35 83 0.5 21
35 86 0.5 21
33 82 0.5 21
32 83 0.5 21
32 82 0.5 21
30 82 0.5 21
31 82 0.5 21
33 81 0.5 21
34 81 0.5 21
36 81 0.5 21
35 81 0.5 21
33 80 0.5 21
37 81 0.5 21
98 10 0.5 6
98 9 0.5 6
99 10 0.5 6
97 11 0.5 6
98 11 0.5 6
96 11 0.5 6
58 39 0.5 1
17 21 0.5 2
18 21 0.5 2
50 6 0.5 4
49 7 0.5 4
50 7 0.5 4
48 7 0.5 4
98 90 0.5 7
99 89 0.5 7
99 90 0.5 7
98 92 0.5 7
99 92 0.5 7
98 91 0.5 7
0 92 0.5 7
88 42 0.5 1
4 91 0.5 1
28 68 0.5 1
