63 71 0.5 49
65 71 0.5 49
65 72 0.5 49
64 71 0.5 49
63 70 0.5 49
62 71 0.5 49
65 74 0.5 49
66 73 0.5 49
65 73 0.5 49
61 71 0.5 49
61 72 0.5 49
61 74 0.5 49
61 73 0.5 49
60 72 0.5 49
59 69 0.5 49
59 71 0.5 49
59 72 0.5 49
58 72 0.5 49
59 70 0.5 49
58 73 0.5 49
69 71 0.5 49
69 72 0.5 49
69 73 0.5 49
70 73 0.5 49
68 73 0.5 49
67 74 0.5 49
67 73 0.5 49
54 72 0.5 49
53 71 0.5 49
53 70 0.5 49
54 71 0.5 49
52 70 0.5 49
54 73 0.5 49
55 74 0.5 49
54 74 0.5 49
53 69 0.5 49
58 74 0.5 49
57 74 0.5 49
56 74 0.5 49
59 76 0.5 49
58 76 0.5 49
58 75 0.5 49
57 75 0.5 49
55 75 0.5 49
56 75 0.5 49
56 76 0.5 49
54 69 0.5 49
54 68 0.5 49
54 67 0.5 49
4 27 0.5 140
3 27 0.5 140
3 26 0.5 140
9 30 0.5 140
9 31 0.5 140
10 30 0.5 140
8 31 0.5 140
11 30 0.5 140
6 29 0.5 140
6 30 0.5 140
7 30 0.5 140
8 30 0.5 140
5 29 0.5 140
6 31 0.5 140
12 30 0.5 140
13 30 0.5 140
11 29 0.5 140
10 29 0.5 140
15 32 0.5 140
14 32 0.5 140
14 31 0.5 140
14 29 0.5 140
14 30 0.5 140
15 28 0.5 140
15 29 0.5 140
16 33 0.5 140
16 32 0.5 140
6 28 0.5 140
5 28 0.5 140
5 27 0.5 140
19 33 0.5 140
18 33 0.5 140
18 32 0.5 140
17 33 0.5 140
17 34 0.5 140
15 38 0.5 140
15 39 0.5 140
14 42 0.5 140
14 41 0.5 140
14 40 0.5 140
14 39 0.5 140
16 38 0.5 140
16 39 0.5 140
19 35 0.5 140
18 35 0.5 140
19 36 0.5 140
17 35 0.5 140
18 34 0.5 140
20 36 0.5 140
17 36 0.5 140
16 36 0.5 140
16 37 0.5 140
21 37 0.5 140
20 37 0.5 140
20 38 0.5 140
22 37 0.5 140
23 37 0.5 140
24 37 0.5 140
10 32 0.5 140
9 32 0.5 140
10 44 0.5 140
9 44 0.5 140
11 43 0.5 140
12 43 0.5 140
12 44 0.5 140
13 44 0.5 140
11 44 0.5 140
10 43 0.5 140
10 42 0.5 140
10 41 0.5 140
11 41 0.5 140
12 41 0.5 140
13 42 0.5 140
12 42 0.5 140
93 27 0.5 140
93 28 0.5 140
92 29 0.5 140
93 29 0.5 140
91 29 0.5 140
94 29 0.5 140
94 28 0.5 140
92 28 0.5 140
96 28 0.5 140
95 28 0.5 140
91 25 0.5 140
91 26 0.5 140
91 27 0.5 140
91 28 0.5 140
92 25 0.5 140
91 31 0.5 140
91 30 0.5 140
93 31 0.5 140
92 31 0.5 140
94 31 0.5 140
96 32 0.5 140
96 33 0.5 140
97 33 0.5 140
97 31 0.5 140
96 31 0.5 140
95 31 0.5 140
99 30 0.5 140
0 30 0.5 140
1 30 0.5 140
1 29 0.5 140
99 31 0.5 140
98 30 0.5 140
97 30 0.5 140
97 29 0.5 140
3 29 0.5 140
2 29 0.5 140
4 31 0.5 140
5 31 0.5 140
3 32 0.5 140
3 31 0.5 140
3 30 0.5 140
91 32 0.5 140
90 32 0.5 140
3 34 0.5 140
4 33 0.5 140
3 33 0.5 140
2 44 0.5 140
3 44 0.5 140
4 44 0.5 140
1 44 0.5 140
8 44 0.5 140
7 44 0.5 140
7 45 0.5 140
6 45 0.5 140
5 44 0.5 140
6 44 0.5 140
5 43 0.5 140
8 45 0.5 140
2 43 0.5 140
8 47 0.5 140
8 46 0.5 140
9 46 0.5 140
3 40 0.5 140
2 41 0.5 140
2 42 0.5 140
3 41 0.5 140
13 74 0.5 40
12 74 0.5 40
12 72 0.5 40
11 72 0.5 40
12 73 0.5 40
10 75 0.5 40
11 75 0.5 40
9 75 0.5 40
12 75 0.5 40
8 75 0.5 40
6 77 0.5 40
8 76 0.5 40
8 77 0.5 40
7 77 0.5 40
8 80 0.5 40
7 80 0.5 40
7 79 0.5 40
7 78 0.5 40
7 81 0.5 40
8 78 0.5 40
9 78 0.5 40
10 78 0.5 40
5 76 0.5 40
6 76 0.5 40
4 76 0.5 40
2 79 0.5 40
3 77 0.5 40
2 77 0.5 40
2 78 0.5 40
3 76 0.5 40
1 80 0.5 40
2 80 0.5 40
2 81 0.5 40
3 81 0.5 40
3 82 0.5 40
1 78 0.5 40
3 83 0.5 40
3 84 0.5 40
2 85 0.5 40
3 85 0.5 40
68 29 0.5 80
66 29 0.5 80
67 29 0.5 80
69 29 0.5 80
71 29 0.5 80
70 29 0.5 80
71 28 0.5 80
70 30 0.5 80
70 31 0.5 80
63 29 0.5 80
63 28 0.5 80
65 29 0.5 80
64 29 0.5 80
64 28 0.5 80
64 27 0.5 80
71 27 0.5 80
62 25 0.5 80
64 26 0.5 80
63 26 0.5 80
62 26 0.5 80
63 27 0.5 80
61 25 0.5 80
64 25 0.5 80
57 23 0.5 80
57 21 0.5 80
58 21 0.5 80
58 23 0.5 80
58 22 0.5 80
59 24 0.5 80
59 23 0.5 80
60 23 0.5 80
61 23 0.5 80
61 22 0.5 80
60 21 0.5 80
61 21 0.5 80
62 21 0.5 80
57 24 0.5 80
62 23 0.5 80
63 23 0.5 80
66 23 0.5 80
65 23 0.5 80
64 23 0.5 80
56 20 0.5 80
54 20 0.5 80
55 20 0.5 80
56 21 0.5 80
62 24 0.5 80
54 22 0.5 80
52 21 0.5 80
52 20 0.5 80
52 22 0.5 80
53 21 0.5 80
53 22 0.5 80
54 21 0.5 80
52 17 0.5 80
52 18 0.5 80
52 19 0.5 80
51 22 0.5 80
50 23 0.5 80
50 22 0.5 80
61 31 0.5 80
62 31 0.5 80
60 31 0.5 80
58 29 0.5 80
59 29 0.5 80
57 29 0.5 80
60 30 0.5 80
59 30 0.5 80
57 26 0.5 80
57 27 0.5 80
57 28 0.5 80
59 31 0.5 80
63 31 0.5 80
63 30 0.5 80
63 32 0.5 80
56 28 0.5 80
56 29 0.5 80
59 32 0.5 80
57 31 0.5 80
57 30 0.5 80
26 56 0.5 39
26 55 0.5 39
24 56 0.5 39
24 57 0.5 39
25 56 0.5 39
23 53 0.5 39
24 55 0.5 39
24 53 0.5 39
24 54 0.5 39
25 61 0.5 39
26 61 0.5 39
24 61 0.5 39
23 62 0.5 39
24 62 0.5 39
25 62 0.5 39
26 59 0.5 39
25 59 0.5 39
24 60 0.5 39
24 59 0.5 39
23 58 0.5 39
23 59 0.5 39
27 61 0.5 39
27 60 0.5 39
27 62 0.5 39
28 61 0.5 39
27 59 0.5 39
28 59 0.5 39
29 62 0.5 39
30 62 0.5 39
28 62 0.5 39
29 61 0.5 39
29 58 0.5 39
28 58 0.5 39
27 56 0.5 39
28 56 0.5 39
28 57 0.5 39
27 57 0.5 39
23 52 0.5 39
22 58 0.5 39
72 37 0.5 65
73 37 0.5 65
73 38 0.5 65
71 36 0.5 65
70 36 0.5 65
71 37 0.5 65
71 35 0.5 65
73 36 0.5 65
74 36 0.5 65
75 36 0.5 65
76 36 0.5 65
77 36 0.5 65
75 37 0.5 65
78 36 0.5 65
78 37 0.5 65
77 37 0.5 65
77 38 0.5 65
79 36 0.5 65
79 35 0.5 65
69 38 0.5 65
69 39 0.5 65
68 39 0.5 65
70 38 0.5 65
71 40 0.5 65
71 39 0.5 65
70 40 0.5 65
69 40 0.5 65
72 40 0.5 65
71 41 0.5 65
69 37 0.5 65
70 37 0.5 65
69 43 0.5 65
70 43 0.5 65
68 43 0.5 65
68 44 0.5 65
68 45 0.5 65
68 46 0.5 65
67 47 0.5 65
67 48 0.5 65
67 46 0.5 65
68 49 0.5 65
67 49 0.5 65
66 45 0.5 65
67 45 0.5 65
68 42 0.5 65
68 41 0.5 65
68 40 0.5 65
67 40 0.5 65
63 54 0.5 65
64 54 0.5 65
64 56 0.5 65
64 55 0.5 65
65 55 0.5 65
62 54 0.5 65
66 55 0.5 65
67 55 0.5 65
68 55 0.5 65
69 52 0.5 65
69 51 0.5 65
69 50 0.5 65
68 50 0.5 65
69 54 0.5 65
68 54 0.5 65
69 53 0.5 65
70 50 0.5 65
42 65 0.5 45
43 65 0.5 45
44 65 0.5 45
44 66 0.5 45
41 65 0.5 45
41 64 0.5 45
38 57 0.5 45
39 59 0.5 45
38 58 0.5 45
38 59 0.5 45
45 60 0.5 45
44 60 0.5 45
43 60 0.5 45
42 60 0.5 45
41 60 0.5 45
40 58 0.5 45
41 59 0.5 45
40 59 0.5 45
45 59 0.5 45
45 58 0.5 45
45 57 0.5 45
46 56 0.5 45
46 55 0.5 45
46 57 0.5 45
38 60 0.5 45
45 63 0.5 45
44 63 0.5 45
43 63 0.5 45
43 61 0.5 45
43 62 0.5 45
46 63 0.5 45
45 64 0.5 45
44 64 0.5 45
47 64 0.5 45
47 63 0.5 45
37 56 0.5 45
36 56 0.5 45
38 56 0.5 45
36 58 0.5 45
36 57 0.5 45
35 57 0.5 45
35 56 0.5 45
39 55 0.5 45
39 54 0.5 45
38 55 0.5 45
85 78 0.5 44
85 79 0.5 44
85 77 0.5 44
87 78 0.5 44
87 79 0.5 44
87 77 0.5 44
86 79 0.5 44
87 76 0.5 44
85 76 0.5 44
86 76 0.5 44
85 74 0.5 44
85 75 0.5 44
86 74 0.5 44
84 76 0.5 44
84 75 0.5 44
87 84 0.5 44
88 84 0.5 44
86 84 0.5 44
86 83 0.5 44
87 85 0.5 44
84 82 0.5 44
85 82 0.5 44
85 81 0.5 44
86 82 0.5 44
85 80 0.5 44
86 80 0.5 44
89 84 0.5 44
82 73 0.5 44
82 72 0.5 44
81 71 0.5 44
82 71 0.5 44
82 74 0.5 44
82 75 0.5 44
81 74 0.5 44
83 75 0.5 44
83 79 0.5 44
83 78 0.5 44
82 78 0.5 44
81 76 0.5 44
82 76 0.5 44
81 77 0.5 44
81 78 0.5 44
80 76 0.5 44
79 76 0.5 44
36 15 0.5 154
36 14 0.5 154
35 14 0.5 154
32 15 0.5 154
32 14 0.5 154
33 14 0.5 154
34 14 0.5 154
31 15 0.5 154
30 15 0.5 154
30 16 0.5 154
30 14 0.5 154
28 17 0.5 154
28 18 0.5 154
30 17 0.5 154
29 17 0.5 154
29 15 0.5 154
27 17 0.5 154
36 16 0.5 154
36 17 0.5 154
31 23 0.5 154
32 22 0.5 154
31 22 0.5 154
30 22 0.5 154
30 18 0.5 154
30 20 0.5 154
30 19 0.5 154
30 21 0.5 154
31 21 0.5 154
29 19 0.5 154
39 21 0.5 154
39 20 0.5 154
37 20 0.5 154
38 20 0.5 154
40 20 0.5 154
37 21 0.5 154
37 22 0.5 154
36 21 0.5 154
37 19 0.5 154
37 18 0.5 154
37 17 0.5 154
39 5 0.5 154
39 6 0.5 154
40 6 0.5 154
37 8 0.5 154
38 8 0.5 154
38 9 0.5 154
39 8 0.5 154
39 7 0.5 154
38 15 0.5 154
38 13 0.5 154
37 14 0.5 154
38 14 0.5 154
38 12 0.5 154
38 11 0.5 154
38 10 0.5 154
28 9 0.5 154
28 8 0.5 154
28 7 0.5 154
27 11 0.5 154
27 9 0.5 154
27 10 0.5 154
26 11 0.5 154
25 11 0.5 154
24 11 0.5 154
31 11 0.5 154
31 12 0.5 154
30 11 0.5 154
30 10 0.5 154
31 13 0.5 154
30 13 0.5 154
29 10 0.5 154
29 9 0.5 154
24 10 0.5 154
24 2 0.5 154
23 2 0.5 154
24 3 0.5 154
23 3 0.5 154
24 1 0.5 154
23 0 0.5 154
23 1 0.5 154
22 0 0.5 154
21 0 0.5 154
24 0 0.5 154
23 99 0.5 154
22 99 0.5 154
21 99 0.5 154
25 2 0.5 154
20 8 0.5 154
20 7 0.5 154
21 6 0.5 154
21 7 0.5 154
22 5 0.5 154
21 5 0.5 154
22 4 0.5 154
23 4 0.5 154
25 5 0.5 154
26 6 0.5 154
25 6 0.5 154
27 6 0.5 154
28 6 0.5 154
24 4 0.5 154
24 5 0.5 154
23 5 0.5 154
41 6 0.5 154
42 6 0.5 154
42 5 0.5 154
42 4 0.5 154
28 5 0.5 154
28 4 0.5 154
16 6 0.5 154
17 7 0.5 154
16 7 0.5 154
17 8 0.5 154
15 7 0.5 154
14 6 0.5 154
15 6 0.5 154
13 6 0.5 154
13 7 0.5 154
17 3 0.5 154
16 3 0.5 154
17 5 0.5 154
16 5 0.5 154
16 4 0.5 154
17 6 0.5 154
16 2 0.5 154
17 2 0.5 154
18 2 0.5 154
17 1 0.5 154
17 0 0.5 154
16 1 0.5 154
15 0 0.5 154
16 0 0.5 154
14 0 0.5 154
18 6 0.5 154
19 5 0.5 154
19 7 0.5 154
19 6 0.5 154
13 0 0.5 154
13 99 0.5 154
12 99 0.5 154
12 0 0.5 154
11 98 0.5 154
12 98 0.5 154
10 98 0.5 154
17 97 0.5 154
17 98 0.5 154
16 99 0.5 154
17 99 0.5 154
16 97 0.5 154
15 97 0.5 154
15 96 0.5 154
14 97 0.5 154
10 97 0.5 154
17 96 0.5 154
21 43 0.5 39
20 43 0.5 39
20 44 0.5 39
22 44 0.5 39
22 43 0.5 39
23 44 0.5 39
22 45 0.5 39
25 44 0.5 39
25 43 0.5 39
24 44 0.5 39
24 45 0.5 39
24 46 0.5 39
23 45 0.5 39
21 42 0.5 39
20 42 0.5 39
27 40 0.5 39
28 40 0.5 39
26 40 0.5 39
27 39 0.5 39
26 42 0.5 39
26 41 0.5 39
25 42 0.5 39
24 42 0.5 39
32 38 0.5 39
32 39 0.5 39
33 38 0.5 39
29 39 0.5 39
30 39 0.5 39
31 39 0.5 39
29 40 0.5 39
29 41 0.5 39
28 41 0.5 39
31 37 0.5 39
32 37 0.5 39
30 37 0.5 39
30 36 0.5 39
29 36 0.5 39
31 36 0.5 39
19 42 0.5 39
84 97 0.5 60
84 98 0.5 60
83 97 0.5 60
83 96 0.5 60
81 97 0.5 60
82 98 0.5 60
81 98 0.5 60
82 97 0.5 60
83 95 0.5 60
87 98 0.5 60
87 99 0.5 60
86 98 0.5 60
85 98 0.5 60
85 99 0.5 60
91 97 0.5 60
90 97 0.5 60
90 96 0.5 60
89 96 0.5 60
88 96 0.5 60
88 97 0.5 60
87 97 0.5 60
87 95 0.5 60
86 95 0.5 60
85 95 0.5 60
84 95 0.5 60
86 94 0.5 60
86 93 0.5 60
84 94 0.5 60
84 93 0.5 60
86 90 0.5 60
86 91 0.5 60
86 92 0.5 60
85 90 0.5 60
85 89 0.5 60
83 88 0.5 60
84 88 0.5 60
84 90 0.5 60
84 89 0.5 60
93 0 0.5 60
92 0 0.5 60
91 0 0.5 60
95 98 0.5 60
95 99 0.5 60
95 97 0.5 60
96 97 0.5 60
93 99 0.5 60
94 99 0.5 60
96 96 0.5 60
91 99 0.5 60
91 98 0.5 60
96 95 0.5 60
90 99 0.5 60
97 96 0.5 60
98 96 0.5 60
93 1 0.5 60
97 97 0.5 60
89 1 0.5 60
89 0 0.5 60
89 99 0.5 60
93 2 0.5 60
41 47 0.5 16
41 46 0.5 16
41 44 0.5 16
41 45 0.5 16
40 43 0.5 16
40 44 0.5 16
44 43 0.5 16
45 43 0.5 16
45 42 0.5 16
44 44 0.5 16
44 45 0.5 16
45 45 0.5 16
46 45 0.5 16
42 45 0.5 16
43 45 0.5 16
45 41 0.5 16
90 57 0.5 48
91 57 0.5 48
92 57 0.5 48
92 56 0.5 48
89 57 0.5 48
93 56 0.5 48
90 56 0.5 48
87 59 0.5 48
87 58 0.5 48
88 58 0.5 48
87 62 0.5 48
87 60 0.5 48
87 61 0.5 48
88 57 0.5 48
93 55 0.5 48
91 59 0.5 48
91 58 0.5 48
91 60 0.5 48
92 60 0.5 48
93 60 0.5 48
90 59 0.5 48
92 55 0.5 48
92 53 0.5 48
92 54 0.5 48
93 54 0.5 48
90 53 0.5 48
91 53 0.5 48
87 63 0.5 48
87 64 0.5 48
97 55 0.5 48
96 55 0.5 48
95 55 0.5 48
96 54 0.5 48
97 56 0.5 48
94 53 0.5 48
94 54 0.5 48
94 55 0.5 48
98 55 0.5 48
85 65 0.5 48
86 65 0.5 48
87 65 0.5 48
82 66 0.5 48
82 65 0.5 48
82 67 0.5 48
84 66 0.5 48
85 66 0.5 48
83 66 0.5 48
81 65 0.5 48
55 91 0.5 24
54 91 0.5 24
53 90 0.5 24
54 90 0.5 24
54 89 0.5 24
53 86 0.5 24
55 86 0.5 24
55 87 0.5 24
54 86 0.5 24
56 87 0.5 24
55 88 0.5 24
54 88 0.5 24
52 86 0.5 24
49 88 0.5 24
49 89 0.5 24
49 91 0.5 24
49 90 0.5 24
51 91 0.5 24
50 91 0.5 24
51 90 0.5 24
52 89 0.5 24
52 90 0.5 24
48 91 0.5 24
48 90 0.5 24
7 60 0.5 31
6 60 0.5 31
8 61 0.5 31
8 60 0.5 31
3 62 0.5 31
2 62 0.5 31
2 63 0.5 31
3 63 0.5 31
1 63 0.5 31
1 65 0.5 31
1 64 0.5 31
2 66 0.5 31
3 65 0.5 31
2 65 0.5 31
4 62 0.5 31
4 61 0.5 31
4 60 0.5 31
4 65 0.5 31
5 60 0.5 31
5 59 0.5 31
8 56 0.5 31
8 57 0.5 31
8 58 0.5 31
8 59 0.5 31
7 59 0.5 31
6 59 0.5 31
3 67 0.5 31
2 67 0.5 31
0 65 0.5 31
0 66 0.5 31
0 67 0.5 31
78 17 0.5 18
78 18 0.5 18
79 18 0.5 18
79 17 0.5 18
80 18 0.5 18
81 18 0.5 18
81 17 0.5 18
77 16 0.5 18
76 16 0.5 18
76 17 0.5 18
75 16 0.5 18
78 16 0.5 18
74 18 0.5 18
74 17 0.5 18
74 16 0.5 18
73 16 0.5 18
78 14 0.5 18
78 15 0.5 18
61 97 0.5 16
62 97 0.5 16
60 97 0.5 16
59 97 0.5 16
60 98 0.5 16
66 98 0.5 16
66 97 0.5 16
63 98 0.5 16
64 98 0.5 16
65 98 0.5 16
63 97 0.5 16
65 97 0.5 16
67 98 0.5 16
59 98 0.5 16
58 98 0.5 16
57 98 0.5 16
8 92 0.5 8
9 92 0.5 8
8 91 0.5 8
9 91 0.5 8
10 92 0.5 8
10 91 0.5 8
11 91 0.5 8
10 93 0.5 8
50 58 0.5 15
50 59 0.5 15
51 59 0.5 15
51 58 0.5 15
49 59 0.5 15
52 59 0.5 15
50 60 0.5 15
50 61 0.5 15
51 61 0.5 15
55 59 0.5 15
55 60 0.5 15
53 59 0.5 15
53 60 0.5 15
54 60 0.5 15
53 61 0.5 15
42 34 0.5 1
93 74 0.5 12
93 73 0.5 12
94 75 0.5 12
93 75 0.5 12
94 69 0.5 12
94 70 0.5 12
94 71 0.5 12
95 69 0.5 12
93 70 0.5 12
93 72 0.5 12
94 72 0.5 12
95 72 0.5 12
2 18 0.5 1
21 78 0.5 2
20 78 0.5 2
29 92 0.5 7
29 93 0.5 7
27 90 0.5 7
27 89 0.5 7
28 92 0.5 7
27 91 0.5 7
28 91 0.5 7
61 81 0.5 2
62 81 0.5 2
38 84 0.5 21
38 83 0.5 21
37 84 0.5 21
37 83 0.5 21
34 84 0.5 21
36 84 0.5 21
35 86 0.5 21
35 85 0.5 21
35 84 0.5 21
35 87 0.5 21
33 83 0.5 21
32 84 0.5 21
32 83 0.5 21
30 83 0.5 21
31 83 0.5 21
33 82 0.5 21
34 82 0.5 21
36 82 0.5 21
35 82 0.5 21
33 81 0.5 21
37 82 0.5 21
98 9 0.5 6
98 8 0.5 6
99 9 0.5 6
97 10 0.5 6
98 10 0.5 6
96 10 0.5 6
59 39 0.5 1
18 21 0.5 2
19 21 0.5 2
49 6 0.5 4
48 7 0.5 4
49 7 0.5 4
47 7 0.5 4
99 90 0.5 7
0 89 0.5 7
0 90 0.5 7
99 92 0.5 7
0 92 0.5 7
99 91 0.5 7
1 92 0.5 7
88 43 0.5 1
4 92 0.5 1
27 68 0.5 1
