33 19 0.5 5
33 17 0.5 5
33 18 0.5 5
33 16 0.5 5
32 16 0.5 5
80 21 0.5 6
80 20 0.5 6
79 21 0.5 6
81 20 0.5 6
82 20 0.5 6
81 19 0.5 6
60 12 0.5 3
62 12 0.5 3
61 12 0.5 3
39 41 0.5 7
38 41 0.5 7
37 41 0.5 7
38 42 0.5 7
38 43 0.5 7
38 44 0.5 7
39 42 0.5 7
98 66 0.5 4
98 65 0.5 4
98 64 0.5 4
97 64 0.5 4
92 7 0.5 2
91 7 0.5 2
31 87 0.5 9
31 86 0.5 9
31 85 0.5 9
32 85 0.5 9
32 87 0.5 9
31 83 0.5 9
32 83 0.5 9
32 84 0.5 9
30 83 0.5 9
45 21 0.5 3
45 20 0.5 3
46 20 0.5 3
70 48 0.5 11
69 48 0.5 11
70 49 0.5 11
71 48 0.5 11
69 47 0.5 11
68 47 0.5 11
67 47 0.5 11
67 46 0.5 11
70 47 0.5 11
70 50 0.5 11
69 50 0.5 11
51 27 0.5 7
51 26 0.5 7
50 28 0.5 7
51 28 0.5 7
51 29 0.5 7
51 30 0.5 7
50 26 0.5 7
30 40 0.5 7
30 41 0.5 7
30 39 0.5 7
27 41 0.5 7
28 41 0.5 7
29 41 0.5 7
29 42 0.5 7
67 36 0.5 9
68 36 0.5 9
66 36 0.5 9
66 35 0.5 9
68 34 0.5 9
68 35 0.5 9
68 33 0.5 9
67 33 0.5 9
68 32 0.5 9
54 4 0.5 10
54 5 0.5 10
54 7 0.5 10
54 6 0.5 10
53 7 0.5 10
55 5 0.5 10
55 6 0.5 10
55 7 0.5 10
53 3 0.5 10
53 4 0.5 10
51 57 0.5 2
51 58 0.5 2
4 9 0.5 5
2 9 0.5 5
3 9 0.5 5
2 10 0.5 5
2 8 0.5 5
21 60 0.5 3
21 61 0.5 3
20 60 0.5 3
80 44 0.5 2
80 43 0.5 2
13 16 0.5 6
13 17 0.5 6
12 18 0.5 6
13 18 0.5 6
12 17 0.5 6
11 17 0.5 6
94 17 0.5 3
95 17 0.5 3
94 18 0.5 3
81 94 0.5 7
82 94 0.5 7
82 93 0.5 7
82 92 0.5 7
83 92 0.5 7
83 95 0.5 7
83 94 0.5 7
46 74 0.5 12
46 78 0.5 12
45 77 0.5 12
46 77 0.5 12
44 78 0.5 12
44 77 0.5 12
44 76 0.5 12
46 76 0.5 12
46 75 0.5 12
47 79 0.5 12
47 78 0.5 12
48 78 0.5 12
18 94 0.5 11
17 94 0.5 11
19 94 0.5 11
19 93 0.5 11
19 92 0.5 11
19 90 0.5 11
19 91 0.5 11
21 91 0.5 11
20 91 0.5 11
22 91 0.5 11
23 91 0.5 11
80 35 0.5 9
81 35 0.5 9
79 35 0.5 9
82 35 0.5 9
81 34 0.5 9
82 34 0.5 9
82 33 0.5 9
83 33 0.5 9
82 32 0.5 9
82 7 0.5 5
81 7 0.5 5
79 7 0.5 5
78 7 0.5 5
80 7 0.5 5
58 33 0.5 4
57 33 0.5 4
57 34 0.5 4
58 34 0.5 4
23 74 0.5 7
24 74 0.5 7
24 72 0.5 7
24 73 0.5 7
23 72 0.5 7
22 74 0.5 7
22 73 0.5 7
50 67 0.5 6
50 68 0.5 6
50 69 0.5 6
50 66 0.5 6
51 66 0.5 6
49 67 0.5 6
52 94 0.5 6
52 95 0.5 6
52 96 0.5 6
51 96 0.5 6
51 93 0.5 6
52 93 0.5 6
36 58 0.5 17
37 58 0.5 17
35 58 0.5 17
35 57 0.5 17
34 57 0.5 17
34 58 0.5 17
37 54 0.5 17
37 55 0.5 17
36 56 0.5 17
37 56 0.5 17
35 56 0.5 17
35 54 0.5 17
35 53 0.5 17
36 54 0.5 17
35 52 0.5 17
36 52 0.5 17
35 55 0.5 17
49 9 0.5 6
48 9 0.5 6
50 8 0.5 6
49 8 0.5 6
51 8 0.5 6
51 7 0.5 6
1 15 0.5 8
2 15 0.5 8
2 14 0.5 8
3 15 0.5 8
3 19 0.5 8
3 18 0.5 8
3 17 0.5 8
3 16 0.5 8
39 26 0.5 12
39 25 0.5 12
39 24 0.5 12
38 24 0.5 12
40 24 0.5 12
39 23 0.5 12
38 23 0.5 12
40 25 0.5 12
40 26 0.5 12
41 26 0.5 12
42 26 0.5 12
40 27 0.5 12
88 85 0.5 5
87 85 0.5 5
87 84 0.5 5
87 83 0.5 5
88 84 0.5 5
98 13 0.5 1
19 6 0.5 1
21 48 0.5 11
18 48 0.5 11
18 49 0.5 11
21 49 0.5 11
20 49 0.5 11
19 49 0.5 11
17 49 0.5 11
19 48 0.5 11
21 51 0.5 11
20 50 0.5 11
20 51 0.5 11
99 28 0.5 4
0 28 0.5 4
98 28 0.5 4
98 29 0.5 4
70 2 0.5 8
69 1 0.5 8
70 1 0.5 8
70 3 0.5 8
69 3 0.5 8
68 4 0.5 8
68 3 0.5 8
67 4 0.5 8
37 9 0.5 3
38 8 0.5 3
38 9 0.5 3
77 57 0.5 2
76 57 0.5 2
21 7 0.5 3
22 7 0.5 3
20 7 0.5 3
26 6 0.5 2
26 5 0.5 2
62 66 0.5 9
61 66 0.5 9
61 65 0.5 9
63 66 0.5 9
63 67 0.5 9
63 65 0.5 9
61 64 0.5 9
64 65 0.5 9
65 65 0.5 9
1 26 0.5 2
1 25 0.5 2
96 52 0.5 15
95 52 0.5 15
94 52 0.5 15
94 53 0.5 15
95 53 0.5 15
96 54 0.5 15
96 53 0.5 15
96 55 0.5 15
97 55 0.5 15
95 57 0.5 15
94 57 0.5 15
96 57 0.5 15
97 57 0.5 15
96 56 0.5 15
93 57 0.5 15
94 91 0.5 12
95 91 0.5 12
93 91 0.5 12
97 91 0.5 12
98 91 0.5 12
99 91 0.5 12
98 90 0.5 12
96 91 0.5 12
98 89 0.5 12
96 92 0.5 12
96 93 0.5 12
96 94 0.5 12
97 69 0.5 11
96 69 0.5 11
96 68 0.5 11
97 71 0.5 11
97 70 0.5 11
97 72 0.5 11
98 71 0.5 11
98 72 0.5 11
98 73 0.5 11
96 70 0.5 11
96 71 0.5 11
77 71 0.5 2
78 71 0.5 2
17 61 0.5 5
17 59 0.5 5
17 60 0.5 5
18 61 0.5 5
19 61 0.5 5
15 80 0.5 13
14 80 0.5 13
15 81 0.5 13
15 79 0.5 13
15 82 0.5 13
12 80 0.5 13
13 80 0.5 13
15 84 0.5 13
15 85 0.5 13
15 86 0.5 13
14 86 0.5 13
15 83 0.5 13
14 87 0.5 13
41 66 0.5 4
40 66 0.5 4
41 65 0.5 4
42 65 0.5 4
95 39 0.5 11
96 39 0.5 11
97 39 0.5 11
96 40 0.5 11
95 40 0.5 11
94 39 0.5 11
98 39 0.5 11
97 38 0.5 11
97 37 0.5 11
97 36 0.5 11
97 35 0.5 11
93 85 0.5 1
62 27 0.5 2
63 27 0.5 2
2 0 0.5 1
21 11 0.5 3
22 11 0.5 3
21 12 0.5 3
25 96 0.5 1
72 74 0.5 3
71 74 0.5 3
72 73 0.5 3
22 79 0.5 5
22 77 0.5 5
22 78 0.5 5
24 78 0.5 5
23 78 0.5 5
71 80 0.5 10
71 81 0.5 10
72 81 0.5 10
71 82 0.5 10
75 81 0.5 10
74 80 0.5 10
75 80 0.5 10
73 81 0.5 10
74 81 0.5 10
76 81 0.5 10
27 57 0.5 4
28 58 0.5 4
27 58 0.5 4
28 59 0.5 4
88 39 0.5 8
86 38 0.5 8
85 38 0.5 8
87 39 0.5 8
87 38 0.5 8
86 37 0.5 8
87 37 0.5 8
89 39 0.5 8
11 84 0.5 7
8 84 0.5 7
9 84 0.5 7
10 84 0.5 7
7 85 0.5 7
8 85 0.5 7
8 86 0.5 7
36 29 0.5 8
35 29 0.5 8
36 28 0.5 8
34 29 0.5 8
34 28 0.5 8
35 30 0.5 8
33 30 0.5 8
33 29 0.5 8
40 14 0.5 2
41 14 0.5 2
77 53 0.5 12
76 53 0.5 12
76 52 0.5 12
78 49 0.5 12
79 49 0.5 12
75 50 0.5 12
76 50 0.5 12
76 49 0.5 12
76 48 0.5 12
77 49 0.5 12
76 51 0.5 12
74 50 0.5 12
78 65 0.5 24
78 64 0.5 24
78 63 0.5 24
82 67 0.5 24
81 67 0.5 24
80 67 0.5 24
80 68 0.5 24
79 68 0.5 24
82 69 0.5 24
83 68 0.5 24
82 68 0.5 24
83 67 0.5 24
79 66 0.5 24
80 66 0.5 24
78 66 0.5 24
79 67 0.5 24
81 66 0.5 24
81 65 0.5 24
83 70 0.5 24
84 70 0.5 24
83 69 0.5 24
87 70 0.5 24
85 70 0.5 24
86 70 0.5 24
56 81 0.5 10
56 80 0.5 10
57 81 0.5 10
57 82 0.5 10
57 79 0.5 10
57 80 0.5 10
59 78 0.5 10
58 79 0.5 10
59 79 0.5 10
58 82 0.5 10
84 27 0.5 2
84 26 0.5 2
85 59 0.5 1
58 51 0.5 6
58 50 0.5 6
58 49 0.5 6
57 49 0.5 6
57 48 0.5 6
57 47 0.5 6
77 75 0.5 3
77 74 0.5 3
78 74 0.5 3
71 56 0.5 2
72 56 0.5 2
56 89 0.5 2
56 88 0.5 2
89 12 0.5 6
89 13 0.5 6
90 16 0.5 6
90 14 0.5 6
90 15 0.5 6
90 13 0.5 6
40 77 0.5 2
40 78 0.5 2
48 33 0.5 6
48 34 0.5 6
48 35 0.5 6
48 32 0.5 6
47 31 0.5 6
47 32 0.5 6
73 14 0.5 11
74 14 0.5 11
73 15 0.5 11
73 16 0.5 11
73 17 0.5 11
75 13 0.5 11
75 14 0.5 11
74 13 0.5 11
76 12 0.5 11
77 13 0.5 11
76 13 0.5 11
69 99 0.5 1
80 84 0.5 6
79 84 0.5 6
80 83 0.5 6
81 82 0.5 6
80 82 0.5 6
78 84 0.5 6
44 99 0.5 6
43 97 0.5 6
43 96 0.5 6
44 98 0.5 6
44 97 0.5 6
44 96 0.5 6
27 15 0.5 4
27 14 0.5 4
28 16 0.5 4
28 15 0.5 4
30 97 0.5 11
30 98 0.5 11
30 99 0.5 11
30 0 0.5 11
30 1 0.5 11
29 1 0.5 11
28 1 0.5 11
28 2 0.5 11
28 3 0.5 11
28 4 0.5 11
30 2 0.5 11
87 17 0.5 6
86 18 0.5 6
86 17 0.5 6
87 18 0.5 6
88 18 0.5 6
88 17 0.5 6
55 73 0.5 6
56 73 0.5 6
55 74 0.5 6
54 73 0.5 6
57 73 0.5 6
55 75 0.5 6
63 30 0.5 4
64 30 0.5 4
64 28 0.5 4
64 29 0.5 4
88 94 0.5 1
13 71 0.5 4
13 72 0.5 4
14 72 0.5 4
14 73 0.5 4
66 17 0.5 5
66 18 0.5 5
66 19 0.5 5
66 20 0.5 5
65 20 0.5 5
89 75 0.5 2
90 75 0.5 2
41 9 0.5 5
42 9 0.5 5
41 10 0.5 5
42 10 0.5 5
41 11 0.5 5
70 36 0.5 2
70 37 0.5 2
57 18 0.5 5
57 19 0.5 5
58 19 0.5 5
59 19 0.5 5
58 18 0.5 5
88 66 0.5 9
89 64 0.5 9
89 65 0.5 9
88 65 0.5 9
89 67 0.5 9
90 67 0.5 9
89 66 0.5 9
91 67 0.5 9
92 67 0.5 9
48 44 0.5 2
48 45 0.5 2
55 65 0.5 3
55 64 0.5 3
55 63 0.5 3
1 45 0.5 5
0 44 0.5 5
0 43 0.5 5
0 45 0.5 5
0 42 0.5 5
30 20 0.5 1
35 61 0.5 4
33 60 0.5 4
34 60 0.5 4
35 60 0.5 4
85 78 0.5 7
86 78 0.5 7
86 79 0.5 7
87 77 0.5 7
87 78 0.5 7
85 79 0.5 7
85 80 0.5 7
68 24 0.5 10
67 24 0.5 10
68 25 0.5 10
73 26 0.5 10
72 26 0.5 10
71 26 0.5 10
69 26 0.5 10
68 26 0.5 10
70 26 0.5 10
74 26 0.5 10
37 71 0.5 19
37 73 0.5 19
37 74 0.5 19
37 72 0.5 19
36 74 0.5 19
36 71 0.5 19
35 68 0.5 19
35 69 0.5 19
36 69 0.5 19
35 71 0.5 19
35 72 0.5 19
35 70 0.5 19
35 74 0.5 19
37 76 0.5 19
36 76 0.5 19
35 76 0.5 19
34 75 0.5 19
34 76 0.5 19
34 74 0.5 19
21 3 0.5 1
14 69 0.5 3
14 70 0.5 3
13 69 0.5 3
8 24 0.5 1
35 3 0.5 2
35 4 0.5 2
31 13 0.5 6
31 12 0.5 6
31 11 0.5 6
31 10 0.5 6
31 8 0.5 6
31 9 0.5 6
38 99 0.5 3
38 0 0.5 3
39 0 0.5 3
65 50 0.5 2
64 50 0.5 2
44 31 0.5 7
43 32 0.5 7
43 31 0.5 7
43 33 0.5 7
43 34 0.5 7
42 33 0.5 7
41 33 0.5 7
45 51 0.5 2
45 50 0.5 2
89 37 0.5 2
89 36 0.5 2
28 95 0.5 4
29 94 0.5 4
29 95 0.5 4
28 96 0.5 4
66 82 0.5 4
67 82 0.5 4
67 83 0.5 4
65 82 0.5 4
69 56 0.5 3
69 57 0.5 3
69 55 0.5 3
53 39 0.5 6
52 39 0.5 6
51 39 0.5 6
51 40 0.5 6
50 39 0.5 6
50 40 0.5 6
44 17 0.5 6
45 17 0.5 6
43 18 0.5 6
43 17 0.5 6
43 16 0.5 6
46 17 0.5 6
16 36 0.5 2
15 36 0.5 2
56 99 0.5 5
57 98 0.5 5
56 98 0.5 5
55 98 0.5 5
58 98 0.5 5
2 67 0.5 2
1 67 0.5 2
46 87 0.5 5
46 88 0.5 5
47 87 0.5 5
47 86 0.5 5
47 88 0.5 5
36 91 0.5 3
35 91 0.5 3
36 92 0.5 3
63 11 0.5 1
44 59 0.5 2
43 59 0.5 2
10 69 0.5 4
8 69 0.5 4
9 69 0.5 4
7 69 0.5 4
82 59 0.5 2
83 59 0.5 2
26 26 0.5 2
26 25 0.5 2
71 88 0.5 5
72 88 0.5 5
73 87 0.5 5
74 87 0.5 5
72 87 0.5 5
27 52 0.5 3
28 52 0.5 3
27 53 0.5 3
22 18 0.5 11
23 18 0.5 11
21 18 0.5 11
20 18 0.5 11
19 18 0.5 11
22 19 0.5 11
19 19 0.5 11
18 19 0.5 11
21 19 0.5 11
20 19 0.5 11
23 17 0.5 11
86 42 0.5 6
85 42 0.5 6
84 42 0.5 6
84 43 0.5 6
83 43 0.5 6
87 42 0.5 6
57 57 0.5 6
58 59 0.5 6
58 58 0.5 6
57 58 0.5 6
56 56 0.5 6
57 56 0.5 6
22 81 0.5 3
22 82 0.5 3
23 82 0.5 3
63 86 0.5 2
63 85 0.5 2
21 66 0.5 1
46 68 0.5 6
46 69 0.5 6
46 70 0.5 6
46 71 0.5 6
48 71 0.5 6
47 71 0.5 6
95 98 0.5 2
94 98 0.5 2
61 71 0.5 2
61 70 0.5 2
45 11 0.5 4
46 13 0.5 4
46 12 0.5 4
45 12 0.5 4
6 4 0.5 3
8 4 0.5 3
7 4 0.5 3
22 26 0.5 7
20 25 0.5 7
21 24 0.5 7
21 25 0.5 7
22 25 0.5 7
22 24 0.5 7
22 23 0.5 7
53 85 0.5 3
53 84 0.5 3
52 85 0.5 3
46 92 0.5 1
50 13 0.5 1
3 59 0.5 6
2 59 0.5 6
1 57 0.5 6
1 58 0.5 6
2 58 0.5 6
3 58 0.5 6
77 29 0.5 5
77 30 0.5 5
77 31 0.5 5
76 29 0.5 5
78 30 0.5 5
53 16 0.5 3
54 16 0.5 3
53 17 0.5 3
4 28 0.5 5
3 28 0.5 5
2 28 0.5 5
2 29 0.5 5
3 29 0.5 5
20 97 0.5 5
23 97 0.5 5
21 97 0.5 5
22 97 0.5 5
23 98 0.5 5
22 50 0.5 5
23 50 0.5 5
24 50 0.5 5
23 51 0.5 5
24 51 0.5 5
79 29 0.5 2
80 29 0.5 2
97 24 0.5 2
97 25 0.5 2
11 13 0.5 2
10 13 0.5 2
35 11 0.5 4
35 13 0.5 4
35 12 0.5 4
35 14 0.5 4
24 38 0.5 1
8 16 0.5 3
8 17 0.5 3
7 17 0.5 3
60 68 0.5 2
59 68 0.5 2
61 94 0.5 2
61 95 0.5 2
5 32 0.5 1
62 2 0.5 3
61 3 0.5 3
61 2 0.5 3
1 98 0.5 1
2 55 0.5 1
41 53 0.5 1
0 85 0.5 1
50 82 0.5 2
51 82 0.5 2
82 0 0.5 1
64 6 0.5 1
54 21 0.5 2
55 21 0.5 2
3 93 0.5 4
3 92 0.5 4
4 92 0.5 4
4 93 0.5 4
93 99 0.5 1
28 48 0.5 1
52 77 0.5 1
84 65 0.5 1
71 8 0.5 2
72 8 0.5 2
5 1 0.5 1
11 8 0.5 1
1 34 0.5 1
62 42 0.5 3
60 42 0.5 3
61 42 0.5 3
91 52 0.5 1
14 29 0.5 4
13 29 0.5 4
14 30 0.5 4
12 29 0.5 4
50 49 0.5 2
50 50 0.5 2
89 3 0.5 1
4 90 0.5 1
42 70 0.5 5
42 69 0.5 5
44 69 0.5 5
44 70 0.5 5
43 69 0.5 5
61 39 0.5 3
62 39 0.5 3
62 40 0.5 3
41 30 0.5 1
50 19 0.5 2
50 20 0.5 2
26 46 0.5 5
26 47 0.5 5
25 45 0.5 5
26 45 0.5 5
24 45 0.5 5
4 49 0.5 3
3 49 0.5 3
2 49 0.5 3
8 62 0.5 3
8 63 0.5 3
8 64 0.5 3
70 63 0.5 3
69 63 0.5 3
69 62 0.5 3
95 5 0.5 1
5 78 0.5 2
6 78 0.5 2
88 1 0.5 3
88 0 0.5 3
87 1 0.5 3
14 47 0.5 1
46 94 0.5 1
83 74 0.5 3
83 73 0.5 3
83 75 0.5 3
18 42 0.5 1
14 98 0.5 1
4 36 0.5 1
83 81 0.5 1
69 66 0.5 1
64 62 0.5 1
98 21 0.5 1
9 91 0.5 1
29 26 0.5 3
30 26 0.5 3
29 27 0.5 3
85 10 0.5 3
83 10 0.5 3
84 10 0.5 3
19 69 0.5 1
70 42 0.5 1
83 16 0.5 1
53 45 0.5 1
85 2 0.5 1
26 82 0.5 1
90 71 0.5 2
91 71 0.5 2
29 33 0.5 1
47 5 0.5 2
47 4 0.5 2
99 94 0.5 1
96 44 0.5 3
95 45 0.5 3
96 45 0.5 3
91 1 0.5 2
92 1 0.5 2
88 91 0.5 1
95 77 0.5 1
39 36 0.5 1
54 58 0.5 2
54 57 0.5 2
38 88 0.5 1
5 51 0.5 2
6 51 0.5 2
18 29 0.5 2
19 29 0.5 2
93 29 0.5 1
42 49 0.5 3
42 48 0.5 3
42 47 0.5 3
4 64 0.5 1
98 5 0.5 1
99 51 0.5 1
67 75 0.5 5
68 75 0.5 5
66 74 0.5 5
66 75 0.5 5
65 75 0.5 5
23 63 0.5 1
90 95 0.5 1
49 63 0.5 1
90 20 0.5 1
65 88 0.5 1
14 40 0.5 2
13 40 0.5 2
58 1 0.5 3
57 0 0.5 3
58 0 0.5 3
79 95 0.5 1
40 3 0.5 2
40 2 0.5 2
65 57 0.5 1
23 43 0.5 1
68 13 0.5 1
2 81 0.5 1
43 84 0.5 1
10 4 0.5 1
32 32 0.5 2
31 32 0.5 2
43 90 0.5 1
60 91 0.5 1
66 9 0.5 1
52 53 0.5 1
94 14 0.5 1
35 47 0.5 1
88 27 0.5 2
88 28 0.5 2
71 92 0.5 1
8 40 0.5 2
9 40 0.5 2
69 97 0.5 2
69 96 0.5 2
16 89 0.5 1
76 89 0.5 3
76 90 0.5 3
77 90 0.5 3
18 15 0.5 2
18 16 0.5 2
32 69 0.5 2
32 68 0.5 2
81 79 0.5 1
10 10 0.5 1
36 81 0.5 1
7 14 0.5 1
83 52 0.5 1
88 24 0.5 1
30 37 0.5 1
61 10 0.5 1
9 74 0.5 1
75 92 0.5 1
90 89 0.5 1
5 38 0.5 1
52 43 0.5 1
34 93 0.5 1
4 24 0.5 1
70 20 0.5 1
15 8 0.5 1
13 52 0.5 1
46 36 0.5 1
45 57 0.5 2
45 58 0.5 2
44 39 0.5 1
89 80 0.5 1
25 22 0.5 1
90 9 0.5 1
90 32 0.5 2
89 32 0.5 2
12 32 0.5 1
91 47 0.5 1
