64 71 0.5 49
66 71 0.5 49
66 72 0.5 49
65 71 0.5 49
64 70 0.5 49
63 71 0.5 49
66 74 0.5 49
67 73 0.5 49
66 73 0.5 49
62 71 0.5 49
62 72 0.5 49
62 74 0.5 49
62 73 0.5 49
61 72 0.5 49
60 69 0.5 49
60 71 0.5 49
60 72 0.5 49
59 72 0.5 49
60 70 0.5 49
59 73 0.5 49
70 71 0.5 49
70 72 0.5 49
70 73 0.5 49
71 73 0.5 49
69 73 0.5 49
68 74 0.5 49
68 73 0.5 49
55 72 0.5 49
54 71 0.5 49
54 70 0.5 49
55 71 0.5 49
53 70 0.5 49
55 73 0.5 49
56 74 0.5 49
55 74 0.5 49
54 69 0.5 49
59 74 0.5 49
58 74 0.5 49
57 74 0.5 49
60 76 0.5 49
59 76 0.5 49
59 75 0.5 49
58 75 0.5 49
56 75 0.5 49
57 75 0.5 49
57 76 0.5 49
55 69 0.5 49
55 68 0.5 49
55 67 0.5 49
4 26 0.5 140
3 26 0.5 140
3 25 0.5 140
9 29 0.5 140
9 30 0.5 140
10 29 0.5 140
8 30 0.5 140
11 29 0.5 140
6 28 0.5 140
6 29 0.5 140
7 29 0.5 140
8 29 0.5 140
5 28 0.5 140
6 30 0.5 140
12 29 0.5 140
13 29 0.5 140
11 28 0.5 140
10 28 0.5 140
15 31 0.5 140
14 31 0.5 140
14 30 0.5 140
14 28 0.5 140
14 29 0.5 140
15 27 0.5 140
15 28 0.5 140
16 32 0.5 140
16 31 0.5 140
6 27 0.5 140
5 27 0.5 140
5 26 0.5 140
19 32 0.5 140
18 32 0.5 140
18 31 0.5 140
17 32 0.5 140
17 33 0.5 140
15 37 0.5 140
15 38 0.5 140
14 41 0.5 140
14 40 0.5 140
14 39 0.5 140
14 38 0.5 140
16 37 0.5 140
16 38 0.5 140
19 34 0.5 140
18 34 0.5 140
19 35 0.5 140
17 34 0.5 140
18 33 0.5 140
20 35 0.5 140
17 35 0.5 140
16 35 0.5 140
16 36 0.5 140
21 36 0.5 140
20 36 0.5 140
20 37 0.5 140
22 36 0.5 140
23 36 0.5 140
24 36 0.5 140
10 31 0.5 140
9 31 0.5 140
10 43 0.5 140
9 43 0.5 140
11 42 0.5 140
12 42 0.5 140
12 43 0.5 140
13 43 0.5 140
11 43 0.5 140
10 42 0.5 140
10 41 0.5 140
10 40 0.5 140
11 40 0.5 140
12 40 0.5 140
13 41 0.5 140
12 41 0.5 140
93 26 0.5 140
93 27 0.5 140
92 28 0.5 140
93 28 0.5 140
91 28 0.5 140
94 28 0.5 140
94 27 0.5 140
92 27 0.5 140
96 27 0.5 140
95 27 0.5 140
91 24 0.5 140
91 25 0.5 140
91 26 0.5 140
91 27 0.5 140
92 24 0.5 140
91 30 0.5 140
91 29 0.5 140
93 30 0.5 140
92 30 0.5 140
94 30 0.5 140
96 31 0.5 140
96 32 0.5 140
97 32 0.5 140
97 30 0.5 140
96 30 0.5 140
95 30 0.5 140
99 29 0.5 140
0 29 0.5 140
1 29 0.5 140
1 28 0.5 140
99 30 0.5 140
98 29 0.5 140
97 29 0.5 140
97 28 0.5 140
3 28 0.5 140
2 28 0.5 140
4 30 0.5 140
5 30 0.5 140
3 31 0.5 140
3 30 0.5 140
3 29 0.5 140
91 31 0.5 140
90 31 0.5 140
3 33 0.5 140
4 32 0.5 140
3 32 0.5 140
2 43 0.5 140
3 43 0.5 140
4 43 0.5 140
1 43 0.5 140
8 43 0.5 140
7 43 0.5 140
7 44 0.5 140
6 44 0.5 140
5 43 0.5 140
6 43 0.5 140
5 42 0.5 140
8 44 0.5 140
2 42 0.5 140
8 46 0.5 140
8 45 0.5 140
9 45 0.5 140
3 39 0.5 140
2 40 0.5 140
2 41 0.5 140
3 40 0.5 140
14 74 0.5 40
13 74 0.5 40
13 72 0.5 40
12 72 0.5 40
13 73 0.5 40
11 75 0.5 40
12 75 0.5 40
10 75 0.5 40
13 75 0.5 40
9 75 0.5 40
7 77 0.5 40
9 76 0.5 40
9 77 0.5 40
8 77 0.5 40
9 80 0.5 40
8 80 0.5 40
8 79 0.5 40
8 78 0.5 40
8 81 0.5 40
9 78 0.5 40
10 78 0.5 40
11 78 0.5 40
6 76 0.5 40
7 76 0.5 40
5 76 0.5 40
3 79 0.5 40
4 77 0.5 40
3 77 0.5 40
3 78 0.5 40
4 76 0.5 40
2 80 0.5 40
3 80 0.5 40
3 81 0.5 40
4 81 0.5 40
4 82 0.5 40
2 78 0.5 40
4 83 0.5 40
4 84 0.5 40
3 85 0.5 40
4 85 0.5 40
68 28 0.5 80
66 28 0.5 80
67 28 0.5 80
69 28 0.5 80
71 28 0.5 80
70 28 0.5 80
71 27 0.5 80
70 29 0.5 80
70 30 0.5 80
63 28 0.5 80
63 27 0.5 80
65 28 0.5 80
64 28 0.5 80
64 27 0.5 80
64 26 0.5 80
71 26 0.5 80
62 24 0.5 80
64 25 0.5 80
63 25 0.5 80
62 25 0.5 80
63 26 0.5 80
61 24 0.5 80
64 24 0.5 80
57 22 0.5 80
57 20 0.5 80
58 20 0.5 80
58 22 0.5 80
58 21 0.5 80
59 23 0.5 80
59 22 0.5 80
60 22 0.5 80
61 22 0.5 80
61 21 0.5 80
60 20 0.5 80
61 20 0.5 80
62 20 0.5 80
57 23 0.5 80
62 22 0.5 80
63 22 0.5 80
66 22 0.5 80
65 22 0.5 80
64 22 0.5 80
56 19 0.5 80
54 19 0.5 80
55 19 0.5 80
56 20 0.5 80
62 23 0.5 80
54 21 0.5 80
52 20 0.5 80
52 19 0.5 80
52 21 0.5 80
53 20 0.5 80
53 21 0.5 80
54 20 0.5 80
52 16 0.5 80
52 17 0.5 80
52 18 0.5 80
51 21 0.5 80
50 22 0.5 80
50 21 0.5 80
61 30 0.5 80
62 30 0.5 80
60 30 0.5 80
58 28 0.5 80
59 28 0.5 80
57 28 0.5 80
60 29 0.5 80
59 29 0.5 80
57 25 0.5 80
57 26 0.5 80
57 27 0.5 80
59 30 0.5 80
63 30 0.5 80
63 29 0.5 80
63 31 0.5 80
56 27 0.5 80
56 28 0.5 80
59 31 0.5 80
57 30 0.5 80
57 29 0.5 80
27 56 0.5 39
27 55 0.5 39
25 56 0.5 39
25 57 0.5 39
26 56 0.5 39
24 53 0.5 39
25 55 0.5 39
25 53 0.5 39
25 54 0.5 39
26 61 0.5 39
27 61 0.5 39
25 61 0.5 39
24 62 0.5 39
25 62 0.5 39
26 62 0.5 39
27 59 0.5 39
26 59 0.5 39
25 60 0.5 39
25 59 0.5 39
24 58 0.5 39
24 59 0.5 39
28 61 0.5 39
28 60 0.5 39
28 62 0.5 39
29 61 0.5 39
28 59 0.5 39
29 59 0.5 39
30 62 0.5 39
31 62 0.5 39
29 62 0.5 39
30 61 0.5 39
30 58 0.5 39
29 58 0.5 39
28 56 0.5 39
29 56 0.5 39
29 57 0.5 39
28 57 0.5 39
24 52 0.5 39
23 58 0.5 39
73 37 0.5 65
74 37 0.5 65
74 38 0.5 65
72 36 0.5 65
71 36 0.5 65
72 37 0.5 65
72 35 0.5 65
74 36 0.5 65
75 36 0.5 65
76 36 0.5 65
77 36 0.5 65
78 36 0.5 65
76 37 0.5 65
79 36 0.5 65
79 37 0.5 65
78 37 0.5 65
78 38 0.5 65
80 36 0.5 65
80 35 0.5 65
70 38 0.5 65
70 39 0.5 65
69 39 0.5 65
71 38 0.5 65
72 40 0.5 65
72 39 0.5 65
71 40 0.5 65
70 40 0.5 65
73 40 0.5 65
72 41 0.5 65
70 37 0.5 65
71 37 0.5 65
70 43 0.5 65
71 43 0.5 65
69 43 0.5 65
69 44 0.5 65
69 45 0.5 65
69 46 0.5 65
68 47 0.5 65
68 48 0.5 65
68 46 0.5 65
69 49 0.5 65
68 49 0.5 65
67 45 0.5 65
68 45 0.5 65
69 42 0.5 65
69 41 0.5 65
69 40 0.5 65
68 40 0.5 65
64 54 0.5 65
65 54 0.5 65
65 56 0.5 65
65 55 0.5 65
66 55 0.5 65
63 54 0.5 65
67 55 0.5 65
68 55 0.5 65
69 55 0.5 65
70 52 0.5 65
70 51 0.5 65
70 50 0.5 65
69 50 0.5 65
70 54 0.5 65
69 54 0.5 65
70 53 0.5 65
71 50 0.5 65
42 66 0.5 45
43 66 0.5 45
44 66 0.5 45
44 67 0.5 45
41 66 0.5 45
41 65 0.5 45
38 58 0.5 45
39 60 0.5 45
38 59 0.5 45
38 60 0.5 45
45 61 0.5 45
44 61 0.5 45
43 61 0.5 45
42 61 0.5 45
41 61 0.5 45
40 59 0.5 45
41 60 0.5 45
40 60 0.5 45
45 60 0.5 45
45 59 0.5 45
45 58 0.5 45
46 57 0.5 45
46 56 0.5 45
46 58 0.5 45
38 61 0.5 45
45 64 0.5 45
44 64 0.5 45
43 64 0.5 45
43 62 0.5 45
43 63 0.5 45
46 64 0.5 45
45 65 0.5 45
44 65 0.5 45
47 65 0.5 45
47 64 0.5 45
37 57 0.5 45
36 57 0.5 45
38 57 0.5 45
36 59 0.5 45
36 58 0.5 45
35 58 0.5 45
35 57 0.5 45
39 56 0.5 45
39 55 0.5 45
38 56 0.5 45
85 77 0.5 44
85 78 0.5 44
85 76 0.5 44
87 77 0.5 44
87 78 0.5 44
87 76 0.5 44
86 78 0.5 44
87 75 0.5 44
85 75 0.5 44
86 75 0.5 44
85 73 0.5 44
85 74 0.5 44
86 73 0.5 44
84 75 0.5 44
84 74 0.5 44
87 83 0.5 44
88 83 0.5 44
86 83 0.5 44
86 82 0.5 44
87 84 0.5 44
84 81 0.5 44
85 81 0.5 44
85 80 0.5 44
86 81 0.5 44
85 79 0.5 44
86 79 0.5 44
89 83 0.5 44
82 72 0.5 44
82 71 0.5 44
81 70 0.5 44
82 70 0.5 44
82 73 0.5 44
82 74 0.5 44
81 73 0.5 44
83 74 0.5 44
83 78 0.5 44
83 77 0.5 44
82 77 0.5 44
81 75 0.5 44
82 75 0.5 44
81 76 0.5 44
81 77 0.5 44
80 75 0.5 44
79 75 0.5 44
36 14 0.5 154
36 13 0.5 154
35 13 0.5 154
32 14 0.5 154
32 13 0.5 154
33 13 0.5 154
34 13 0.5 154
31 14 0.5 154
30 14 0.5 154
30 15 0.5 154
30 13 0.5 154
28 16 0.5 154
28 17 0.5 154
30 16 0.5 154
29 16 0.5 154
29 14 0.5 154
27 16 0.5 154
36 15 0.5 154
36 16 0.5 154
31 22 0.5 154
32 21 0.5 154
31 21 0.5 154
30 21 0.5 154
30 17 0.5 154
30 19 0.5 154
30 18 0.5 154
30 20 0.5 154
31 20 0.5 154
29 18 0.5 154
39 20 0.5 154
39 19 0.5 154
37 19 0.5 154
38 19 0.5 154
40 19 0.5 154
37 20 0.5 154
37 21 0.5 154
36 20 0.5 154
37 18 0.5 154
37 17 0.5 154
37 16 0.5 154
39 4 0.5 154
39 5 0.5 154
40 5 0.5 154
37 7 0.5 154
38 7 0.5 154
38 8 0.5 154
39 7 0.5 154
39 6 0.5 154
38 14 0.5 154
38 12 0.5 154
37 13 0.5 154
38 13 0.5 154
38 11 0.5 154
38 10 0.5 154
38 9 0.5 154
28 8 0.5 154
28 7 0.5 154
28 6 0.5 154
27 10 0.5 154
27 8 0.5 154
27 9 0.5 154
26 10 0.5 154
25 10 0.5 154
24 10 0.5 154
31 10 0.5 154
31 11 0.5 154
30 10 0.5 154
30 9 0.5 154
31 12 0.5 154
30 12 0.5 154
29 9 0.5 154
29 8 0.5 154
24 9 0.5 154
24 1 0.5 154
23 1 0.5 154
24 2 0.5 154
23 2 0.5 154
24 0 0.5 154
23 99 0.5 154
23 0 0.5 154
22 99 0.5 154
21 99 0.5 154
24 99 0.5 154
23 98 0.5 154
22 98 0.5 154
21 98 0.5 154
25 1 0.5 154
20 7 0.5 154
20 6 0.5 154
21 5 0.5 154
21 6 0.5 154
22 4 0.5 154
21 4 0.5 154
22 3 0.5 154
23 3 0.5 154
25 4 0.5 154
26 5 0.5 154
25 5 0.5 154
27 5 0.5 154
28 5 0.5 154
24 3 0.5 154
24 4 0.5 154
23 4 0.5 154
41 5 0.5 154
42 5 0.5 154
42 4 0.5 154
42 3 0.5 154
28 4 0.5 154
28 3 0.5 154
16 5 0.5 154
17 6 0.5 154
16 6 0.5 154
17 7 0.5 154
15 6 0.5 154
14 5 0.5 154
15 5 0.5 154
13 5 0.5 154
13 6 0.5 154
17 2 0.5 154
16 2 0.5 154
17 4 0.5 154
16 4 0.5 154
16 3 0.5 154
17 5 0.5 154
16 1 0.5 154
17 1 0.5 154
18 1 0.5 154
17 0 0.5 154
17 99 0.5 154
16 0 0.5 154
15 99 0.5 154
16 99 0.5 154
14 99 0.5 154
18 5 0.5 154
19 4 0.5 154
19 6 0.5 154
19 5 0.5 154
13 99 0.5 154
13 98 0.5 154
12 98 0.5 154
12 99 0.5 154
11 97 0.5 154
12 97 0.5 154
10 97 0.5 154
17 96 0.5 154
17 97 0.5 154
16 98 0.5 154
17 98 0.5 154
16 96 0.5 154
15 96 0.5 154
15 95 0.5 154
14 96 0.5 154
10 96 0.5 154
17 95 0.5 154
21 42 0.5 39
20 42 0.5 39
20 43 0.5 39
22 43 0.5 39
22 42 0.5 39
23 43 0.5 39
22 44 0.5 39
25 43 0.5 39
25 42 0.5 39
24 43 0.5 39
24 44 0.5 39
24 45 0.5 39
23 44 0.5 39
21 41 0.5 39
20 41 0.5 39
27 39 0.5 39
28 39 0.5 39
26 39 0.5 39
27 38 0.5 39
26 41 0.5 39
26 40 0.5 39
25 41 0.5 39
24 41 0.5 39
32 37 0.5 39
32 38 0.5 39
33 37 0.5 39
29 38 0.5 39
30 38 0.5 39
31 38 0.5 39
29 39 0.5 39
29 40 0.5 39
28 40 0.5 39
31 36 0.5 39
32 36 0.5 39
30 36 0.5 39
30 35 0.5 39
29 35 0.5 39
31 35 0.5 39
19 41 0.5 39
84 98 0.5 60
84 99 0.5 60
83 98 0.5 60
83 97 0.5 60
81 98 0.5 60
82 99 0.5 60
81 99 0.5 60
82 98 0.5 60
83 96 0.5 60
87 99 0.5 60
87 0 0.5 60
86 99 0.5 60
85 99 0.5 60
85 0 0.5 60
91 98 0.5 60
90 98 0.5 60
90 97 0.5 60
89 97 0.5 60
88 97 0.5 60
88 98 0.5 60
87 98 0.5 60
87 96 0.5 60
86 96 0.5 60
85 96 0.5 60
84 96 0.5 60
86 95 0.5 60
86 94 0.5 60
84 95 0.5 60
84 94 0.5 60
86 91 0.5 60
86 92 0.5 60
86 93 0.5 60
85 91 0.5 60
85 90 0.5 60
83 89 0.5 60
84 89 0.5 60
84 91 0.5 60
84 90 0.5 60
93 1 0.5 60
92 1 0.5 60
91 1 0.5 60
95 99 0.5 60
95 0 0.5 60
95 98 0.5 60
96 98 0.5 60
93 0 0.5 60
94 0 0.5 60
96 97 0.5 60
91 0 0.5 60
91 99 0.5 60
96 96 0.5 60
90 0 0.5 60
97 97 0.5 60
98 97 0.5 60
93 2 0.5 60
97 98 0.5 60
89 2 0.5 60
89 1 0.5 60
89 0 0.5 60
93 3 0.5 60
41 46 0.5 16
41 45 0.5 16
41 43 0.5 16
41 44 0.5 16
40 42 0.5 16
40 43 0.5 16
44 42 0.5 16
45 42 0.5 16
45 41 0.5 16
44 43 0.5 16
44 44 0.5 16
45 44 0.5 16
46 44 0.5 16
42 44 0.5 16
43 44 0.5 16
45 40 0.5 16
91 57 0.5 48
92 57 0.5 48
93 57 0.5 48
93 56 0.5 48
90 57 0.5 48
94 56 0.5 48
91 56 0.5 48
88 59 0.5 48
88 58 0.5 48
89 58 0.5 48
88 62 0.5 48
88 60 0.5 48
88 61 0.5 48
89 57 0.5 48
94 55 0.5 48
92 59 0.5 48
92 58 0.5 48
92 60 0.5 48
93 60 0.5 48
94 60 0.5 48
91 59 0.5 48
93 55 0.5 48
93 53 0.5 48
93 54 0.5 48
94 54 0.5 48
91 53 0.5 48
92 53 0.5 48
88 63 0.5 48
88 64 0.5 48
98 55 0.5 48
97 55 0.5 48
96 55 0.5 48
97 54 0.5 48
98 56 0.5 48
95 53 0.5 48
95 54 0.5 48
95 55 0.5 48
99 55 0.5 48
86 65 0.5 48
87 65 0.5 48
88 65 0.5 48
83 66 0.5 48
83 65 0.5 48
83 67 0.5 48
85 66 0.5 48
86 66 0.5 48
84 66 0.5 48
82 65 0.5 48
56 91 0.5 24
55 91 0.5 24
54 90 0.5 24
55 90 0.5 24
55 89 0.5 24
54 86 0.5 24
56 86 0.5 24
56 87 0.5 24
55 86 0.5 24
57 87 0.5 24
56 88 0.5 24
55 88 0.5 24
53 86 0.5 24
50 88 0.5 24
50 89 0.5 24
50 91 0.5 24
50 90 0.5 24
52 91 0.5 24
51 91 0.5 24
52 90 0.5 24
53 89 0.5 24
53 90 0.5 24
49 91 0.5 24
49 90 0.5 24
7 59 0.5 31
6 59 0.5 31
8 60 0.5 31
8 59 0.5 31
3 61 0.5 31
2 61 0.5 31
2 62 0.5 31
3 62 0.5 31
1 62 0.5 31
1 64 0.5 31
1 63 0.5 31
2 65 0.5 31
3 64 0.5 31
2 64 0.5 31
4 61 0.5 31
4 60 0.5 31
4 59 0.5 31
4 64 0.5 31
5 59 0.5 31
5 58 0.5 31
8 55 0.5 31
8 56 0.5 31
8 57 0.5 31
8 58 0.5 31
7 58 0.5 31
6 58 0.5 31
3 66 0.5 31
2 66 0.5 31
0 64 0.5 31
0 65 0.5 31
0 66 0.5 31
79 17 0.5 18
79 18 0.5 18
80 18 0.5 18
80 17 0.5 18
81 18 0.5 18
82 18 0.5 18
82 17 0.5 18
78 16 0.5 18
77 16 0.5 18
77 17 0.5 18
76 16 0.5 18
79 16 0.5 18
75 18 0.5 18
75 17 0.5 18
75 16 0.5 18
74 16 0.5 18
79 14 0.5 18
79 15 0.5 18
60 97 0.5 16
61 97 0.5 16
59 97 0.5 16
58 97 0.5 16
59 98 0.5 16
65 98 0.5 16
65 97 0.5 16
62 98 0.5 16
63 98 0.5 16
64 98 0.5 16
62 97 0.5 16
64 97 0.5 16
66 98 0.5 16
58 98 0.5 16
57 98 0.5 16
56 98 0.5 16
8 93 0.5 8
9 93 0.5 8
8 92 0.5 8
9 92 0.5 8
10 93 0.5 8
10 92 0.5 8
11 92 0.5 8
10 94 0.5 8
49 58 0.5 15
49 59 0.5 15
50 59 0.5 15
50 58 0.5 15
48 59 0.5 15
51 59 0.5 15
49 60 0.5 15
49 61 0.5 15
50 61 0.5 15
54 59 0.5 15
54 60 0.5 15
52 59 0.5 15
52 60 0.5 15
53 60 0.5 15
52 61 0.5 15
42 35 0.5 1
93 75 0.5 12
93 74 0.5 12
94 76 0.5 12
93 76 0.5 12
94 70 0.5 12
94 71 0.5 12
94 72 0.5 12
95 70 0.5 12
93 71 0.5 12
93 73 0.5 12
94 73 0.5 12
95 73 0.5 12
2 17 0.5 1
22 78 0.5 2
21 78 0.5 2
29 93 0.5 7
29 94 0.5 7
27 91 0.5 7
27 90 0.5 7
28 93 0.5 7
27 92 0.5 7
28 92 0.5 7
60 81 0.5 2
61 81 0.5 2
38 85 0.5 21
38 84 0.5 21
37 85 0.5 21
37 84 0.5 21
34 85 0.5 21
36 85 0.5 21
35 87 0.5 21
35 86 0.5 21
35 85 0.5 21
35 88 0.5 21
33 84 0.5 21
32 85 0.5 21
32 84 0.5 21
30 84 0.5 21
31 84 0.5 21
33 83 0.5 21
34 83 0.5 21
36 83 0.5 21
35 83 0.5 21
33 82 0.5 21
37 83 0.5 21
98 8 0.5 6
98 7 0.5 6
99 8 0.5 6
97 9 0.5 6
98 9 0.5 6
96 9 0.5 6
59 40 0.5 1
17 21 0.5 2
18 21 0.5 2
50 6 0.5 4
49 7 0.5 4
50 7 0.5 4
48 7 0.5 4
0 90 0.5 7
1 89 0.5 7
1 90 0.5 7
0 92 0.5 7
1 92 0.5 7
0 91 0.5 7
2 92 0.5 7
87 43 0.5 1
4 93 0.5 1
28 68 0.5 1
