65 71 0.5 49
67 71 0.5 49
67 72 0.5 49
66 71 0.5 49
65 70 0.5 49
64 71 0.5 49
67 74 0.5 49
68 73 0.5 49
67 73 0.5 49
63 71 0.5 49
63 72 0.5 49
63 74 0.5 49
63 73 0.5 49
62 72 0.5 49
61 69 0.5 49
61 71 0.5 49
61 72 0.5 49
60 72 0.5 49
61 70 0.5 49
60 73 0.5 49
71 71 0.5 49
71 72 0.5 49
71 73 0.5 49
72 73 0.5 49
70 73 0.5 49
69 74 0.5 49
69 73 0.5 49
56 72 0.5 49
55 71 0.5 49
55 70 0.5 49
56 71 0.5 49
54 70 0.5 49
56 73 0.5 49
57 74 0.5 49
56 74 0.5 49
55 69 0.5 49
60 74 0.5 49
59 74 0.5 49
58 74 0.5 49
61 76 0.5 49
60 76 0.5 49
60 75 0.5 49
59 75 0.5 49
57 75 0.5 49
58 75 0.5 49
58 76 0.5 49
56 69 0.5 49
56 68 0.5 49
56 67 0.5 49
4 25 0.5 140
3 25 0.5 140
3 24 0.5 140
9 28 0.5 140
9 29 0.5 140
10 28 0.5 140
8 29 0.5 140
11 28 0.5 140
6 27 0.5 140
6 28 0.5 140
7 28 0.5 140
8 28 0.5 140
5 27 0.5 140
6 29 0.5 140
12 28 0.5 140
13 28 0.5 140
11 27 0.5 140
10 27 0.5 140
15 30 0.5 140
14 30 0.5 140
14 29 0.5 140
14 27 0.5 140
14 28 0.5 140
15 26 0.5 140
15 27 0.5 140
16 31 0.5 140
16 30 0.5 140
6 26 0.5 140
5 26 0.5 140
5 25 0.5 140
19 31 0.5 140
18 31 0.5 140
18 30 0.5 140
17 31 0.5 140
17 32 0.5 140
15 36 0.5 140
15 37 0.5 140
14 40 0.5 140
14 39 0.5 140
14 38 0.5 140
14 37 0.5 140
16 36 0.5 140
16 37 0.5 140
19 33 0.5 140
18 33 0.5 140
19 34 0.5 140
17 33 0.5 140
18 32 0.5 140
20 34 0.5 140
17 34 0.5 140
16 34 0.5 140
16 35 0.5 140
21 35 0.5 140
20 35 0.5 140
20 36 0.5 140
22 35 0.5 140
23 35 0.5 140
24 35 0.5 140
10 30 0.5 140
9 30 0.5 140
10 42 0.5 140
9 42 0.5 140
11 41 0.5 140
12 41 0.5 140
12 42 0.5 140
13 42 0.5 140
11 42 0.5 140
10 41 0.5 140
10 40 0.5 140
10 39 0.5 140
11 39 0.5 140
12 39 0.5 140
13 40 0.5 140
12 40 0.5 140
93 25 0.5 140
93 26 0.5 140
92 27 0.5 140
93 27 0.5 140
91 27 0.5 140
94 27 0.5 140
94 26 0.5 140
92 26 0.5 140
96 26 0.5 140
95 26 0.5 140
91 23 0.5 140
91 24 0.5 140
91 25 0.5 140
91 26 0.5 140
92 23 0.5 140
91 29 0.5 140
91 28 0.5 140
93 29 0.5 140
92 29 0.5 140
94 29 0.5 140
96 30 0.5 140
96 31 0.5 140
97 31 0.5 140
97 29 0.5 140
96 29 0.5 140
95 29 0.5 140
99 28 0.5 140
0 28 0.5 140
1 28 0.5 140
1 27 0.5 140
99 29 0.5 140
98 28 0.5 140
97 28 0.5 140
97 27 0.5 140
3 27 0.5 140
2 27 0.5 140
4 29 0.5 140
5 29 0.5 140
3 30 0.5 140
3 29 0.5 140
3 28 0.5 140
91 30 0.5 140
90 30 0.5 140
3 32 0.5 140
4 31 0.5 140
3 31 0.5 140
2 42 0.5 140
3 42 0.5 140
4 42 0.5 140
1 42 0.5 140
8 42 0.5 140
7 42 0.5 140
7 43 0.5 140
6 43 0.5 140
5 42 0.5 140
6 42 0.5 140
5 41 0.5 140
8 43 0.5 140
2 41 0.5 140
8 45 0.5 140
8 44 0.5 140
9 44 0.5 140
3 38 0.5 140
2 39 0.5 140
2 40 0.5 140
3 39 0.5 140
14 75 0.5 40
13 75 0.5 40
13 73 0.5 40
12 73 0.5 40
13 74 0.5 40
11 76 0.5 40
12 76 0.5 40
10 76 0.5 40
13 76 0.5 40
9 76 0.5 40
7 78 0.5 40
9 77 0.5 40
9 78 0.5 40
8 78 0.5 40
9 81 0.5 40
8 81 0.5 40
8 80 0.5 40
8 79 0.5 40
8 82 0.5 40
9 79 0.5 40
10 79 0.5 40
11 79 0.5 40
6 77 0.5 40
7 77 0.5 40
5 77 0.5 40
3 80 0.5 40
4 78 0.5 40
3 78 0.5 40
3 79 0.5 40
4 77 0.5 40
2 81 0.5 40
3 81 0.5 40
3 82 0.5 40
4 82 0.5 40
4 83 0.5 40
2 79 0.5 40
4 84 0.5 40
4 85 0.5 40
3 86 0.5 40
4 86 0.5 40
68 29 0.5 80
66 29 0.5 80
67 29 0.5 80
69 29 0.5 80
71 29 0.5 80
70 29 0.5 80
71 28 0.5 80
70 30 0.5 80
70 31 0.5 80
63 29 0.5 80
63 28 0.5 80
65 29 0.5 80
64 29 0.5 80
64 28 0.5 80
64 27 0.5 80
71 27 0.5 80
62 25 0.5 80
64 26 0.5 80
63 26 0.5 80
62 26 0.5 80
63 27 0.5 80
61 25 0.5 80
64 25 0.5 80
57 23 0.5 80
57 21 0.5 80
58 21 0.5 80
58 23 0.5 80
58 22 0.5 80
59 24 0.5 80
59 23 0.5 80
60 23 0.5 80
61 23 0.5 80
61 22 0.5 80
60 21 0.5 80
61 21 0.5 80
62 21 0.5 80
57 24 0.5 80
62 23 0.5 80
63 23 0.5 80
66 23 0.5 80
65 23 0.5 80
64 23 0.5 80
56 20 0.5 80
54 20 0.5 80
55 20 0.5 80
56 21 0.5 80
62 24 0.5 80
54 22 0.5 80
52 21 0.5 80
52 20 0.5 80
52 22 0.5 80
53 21 0.5 80
53 22 0.5 80
54 21 0.5 80
52 17 0.5 80
52 18 0.5 80
52 19 0.5 80
51 22 0.5 80
50 23 0.5 80
50 22 0.5 80
61 31 0.5 80
62 31 0.5 80
60 31 0.5 80
58 29 0.5 80
59 29 0.5 80
57 29 0.5 80
60 30 0.5 80
59 30 0.5 80
57 26 0.5 80
57 27 0.5 80
57 28 0.5 80
59 31 0.5 80
63 31 0.5 80
63 30 0.5 80
63 32 0.5 80
56 28 0.5 80
56 29 0.5 80
59 32 0.5 80
57 31 0.5 80
57 30 0.5 80
26 56 0.5 39
26 55 0.5 39
24 56 0.5 39
24 57 0.5 39
25 56 0.5 39
23 53 0.5 39
24 55 0.5 39
24 53 0.5 39
24 54 0.5 39
25 61 0.5 39
26 61 0.5 39
24 61 0.5 39
23 62 0.5 39
24 62 0.5 39
25 62 0.5 39
26 59 0.5 39
25 59 0.5 39
24 60 0.5 39
24 59 0.5 39
23 58 0.5 39
23 59 0.5 39
27 61 0.5 39
27 60 0.5 39
27 62 0.5 39
28 61 0.5 39
27 59 0.5 39
28 59 0.5 39
29 62 0.5 39
30 62 0.5 39
28 62 0.5 39
29 61 0.5 39
29 58 0.5 39
28 58 0.5 39
27 56 0.5 39
28 56 0.5 39
28 57 0.5 39
27 57 0.5 39
23 52 0.5 39
22 58 0.5 39
74 37 0.5 65
75 37 0.5 65
75 38 0.5 65
73 36 0.5 65
72 36 0.5 65
73 37 0.5 65
73 35 0.5 65
75 36 0.5 65
76 36 0.5 65
77 36 0.5 65
78 36 0.5 65
79 36 0.5 65
77 37 0.5 65
80 36 0.5 65
80 37 0.5 65
79 37 0.5 65
79 38 0.5 65
81 36 0.5 65
81 35 0.5 65
71 38 0.5 65
71 39 0.5 65
70 39 0.5 65
72 38 0.5 65
73 40 0.5 65
73 39 0.5 65
72 40 0.5 65
71 40 0.5 65
74 40 0.5 65
73 41 0.5 65
71 37 0.5 65
72 37 0.5 65
71 43 0.5 65
72 43 0.5 65
70 43 0.5 65
70 44 0.5 65
70 45 0.5 65
70 46 0.5 65
69 47 0.5 65
69 48 0.5 65
69 46 0.5 65
70 49 0.5 65
69 49 0.5 65
68 45 0.5 65
69 45 0.5 65
70 42 0.5 65
70 41 0.5 65
70 40 0.5 65
69 40 0.5 65
65 54 0.5 65
66 54 0.5 65
66 56 0.5 65
66 55 0.5 65
67 55 0.5 65
64 54 0.5 65
68 55 0.5 65
69 55 0.5 65
70 55 0.5 65
71 52 0.5 65
71 51 0.5 65
71 50 0.5 65
70 50 0.5 65
71 54 0.5 65
70 54 0.5 65
71 53 0.5 65
72 50 0.5 65
41 66 0.5 45
42 66 0.5 45
43 66 0.5 45
43 67 0.5 45
40 66 0.5 45
40 65 0.5 45
37 58 0.5 45
38 60 0.5 45
37 59 0.5 45
37 60 0.5 45
44 61 0.5 45
43 61 0.5 45
42 61 0.5 45
41 61 0.5 45
40 61 0.5 45
39 59 0.5 45
40 60 0.5 45
39 60 0.5 45
44 60 0.5 45
44 59 0.5 45
44 58 0.5 45
45 57 0.5 45
45 56 0.5 45
45 58 0.5 45
37 61 0.5 45
44 64 0.5 45
43 64 0.5 45
42 64 0.5 45
42 62 0.5 45
42 63 0.5 45
45 64 0.5 45
44 65 0.5 45
43 65 0.5 45
46 65 0.5 45
46 64 0.5 45
36 57 0.5 45
35 57 0.5 45
37 57 0.5 45
35 59 0.5 45
35 58 0.5 45
34 58 0.5 45
34 57 0.5 45
38 56 0.5 45
38 55 0.5 45
37 56 0.5 45
85 76 0.5 44
85 77 0.5 44
85 75 0.5 44
87 76 0.5 44
87 77 0.5 44
87 75 0.5 44
86 77 0.5 44
87 74 0.5 44
85 74 0.5 44
86 74 0.5 44
85 72 0.5 44
85 73 0.5 44
86 72 0.5 44
84 74 0.5 44
84 73 0.5 44
87 82 0.5 44
88 82 0.5 44
86 82 0.5 44
86 81 0.5 44
87 83 0.5 44
84 80 0.5 44
85 80 0.5 44
85 79 0.5 44
86 80 0.5 44
85 78 0.5 44
86 78 0.5 44
89 82 0.5 44
82 71 0.5 44
82 70 0.5 44
81 69 0.5 44
82 69 0.5 44
82 72 0.5 44
82 73 0.5 44
81 72 0.5 44
83 73 0.5 44
83 77 0.5 44
83 76 0.5 44
82 76 0.5 44
81 74 0.5 44
82 74 0.5 44
81 75 0.5 44
81 76 0.5 44
80 74 0.5 44
79 74 0.5 44
36 13 0.5 162
36 12 0.5 162
35 12 0.5 162
32 13 0.5 162
32 12 0.5 162
33 12 0.5 162
34 12 0.5 162
31 13 0.5 162
30 13 0.5 162
30 14 0.5 162
30 12 0.5 162
28 15 0.5 162
28 16 0.5 162
30 15 0.5 162
29 15 0.5 162
29 13 0.5 162
27 15 0.5 162
36 14 0.5 162
36 15 0.5 162
31 21 0.5 162
32 20 0.5 162
31 20 0.5 162
30 20 0.5 162
30 16 0.5 162
30 18 0.5 162
30 17 0.5 162
30 19 0.5 162
31 19 0.5 162
29 17 0.5 162
39 19 0.5 162
39 18 0.5 162
37 18 0.5 162
38 18 0.5 162
40 18 0.5 162
37 19 0.5 162
37 20 0.5 162
36 19 0.5 162
37 17 0.5 162
37 16 0.5 162
37 15 0.5 162
39 3 0.5 162
39 4 0.5 162
40 4 0.5 162
37 6 0.5 162
38 6 0.5 162
38 7 0.5 162
39 6 0.5 162
39 5 0.5 162
38 13 0.5 162
38 11 0.5 162
37 12 0.5 162
38 12 0.5 162
38 10 0.5 162
38 9 0.5 162
38 8 0.5 162
28 7 0.5 162
28 6 0.5 162
28 5 0.5 162
27 9 0.5 162
27 7 0.5 162
27 8 0.5 162
26 9 0.5 162
25 9 0.5 162
24 9 0.5 162
31 9 0.5 162
31 10 0.5 162
30 9 0.5 162
30 8 0.5 162
31 11 0.5 162
30 11 0.5 162
29 8 0.5 162
29 7 0.5 162
24 8 0.5 162
24 0 0.5 162
23 0 0.5 162
24 1 0.5 162
23 1 0.5 162
24 99 0.5 162
23 98 0.5 162
23 99 0.5 162
22 98 0.5 162
21 98 0.5 162
24 98 0.5 162
23 97 0.5 162
22 97 0.5 162
21 97 0.5 162
25 0 0.5 162
20 6 0.5 162
20 5 0.5 162
21 4 0.5 162
21 5 0.5 162
22 3 0.5 162
21 3 0.5 162
22 2 0.5 162
23 2 0.5 162
25 3 0.5 162
26 4 0.5 162
25 4 0.5 162
27 4 0.5 162
28 4 0.5 162
24 2 0.5 162
24 3 0.5 162
23 3 0.5 162
41 4 0.5 162
42 4 0.5 162
42 3 0.5 162
42 2 0.5 162
28 3 0.5 162
28 2 0.5 162
16 4 0.5 162
17 5 0.5 162
16 5 0.5 162
17 6 0.5 162
15 5 0.5 162
14 4 0.5 162
15 4 0.5 162
13 4 0.5 162
13 5 0.5 162
17 1 0.5 162
16 1 0.5 162
17 3 0.5 162
16 3 0.5 162
16 2 0.5 162
17 4 0.5 162
16 0 0.5 162
17 0 0.5 162
18 0 0.5 162
17 99 0.5 162
17 98 0.5 162
16 99 0.5 162
15 98 0.5 162
16 98 0.5 162
14 98 0.5 162
18 4 0.5 162
19 3 0.5 162
19 5 0.5 162
19 4 0.5 162
13 98 0.5 162
13 97 0.5 162
12 97 0.5 162
12 98 0.5 162
11 96 0.5 162
12 96 0.5 162
10 96 0.5 162
17 95 0.5 162
17 96 0.5 162
16 97 0.5 162
17 97 0.5 162
16 95 0.5 162
15 95 0.5 162
15 94 0.5 162
14 95 0.5 162
10 95 0.5 162
17 94 0.5 162
8 93 0.5 162
9 93 0.5 162
8 92 0.5 162
9 92 0.5 162
10 93 0.5 162
10 92 0.5 162
11 92 0.5 162
10 94 0.5 162
20 42 0.5 39
19 42 0.5 39
19 43 0.5 39
21 43 0.5 39
21 42 0.5 39
22 43 0.5 39
21 44 0.5 39
24 43 0.5 39
24 42 0.5 39
23 43 0.5 39
23 44 0.5 39
23 45 0.5 39
22 44 0.5 39
20 41 0.5 39
19 41 0.5 39
26 39 0.5 39
27 39 0.5 39
25 39 0.5 39
26 38 0.5 39
25 41 0.5 39
25 40 0.5 39
24 41 0.5 39
23 41 0.5 39
31 37 0.5 39
31 38 0.5 39
32 37 0.5 39
28 38 0.5 39
29 38 0.5 39
30 38 0.5 39
28 39 0.5 39
28 40 0.5 39
27 40 0.5 39
30 36 0.5 39
31 36 0.5 39
29 36 0.5 39
29 35 0.5 39
28 35 0.5 39
30 35 0.5 39
18 41 0.5 39
84 99 0.5 60
84 0 0.5 60
83 99 0.5 60
83 98 0.5 60
81 99 0.5 60
82 0 0.5 60
81 0 0.5 60
82 99 0.5 60
83 97 0.5 60
87 0 0.5 60
87 1 0.5 60
86 0 0.5 60
85 0 0.5 60
85 1 0.5 60
91 99 0.5 60
90 99 0.5 60
90 98 0.5 60
89 98 0.5 60
88 98 0.5 60
88 99 0.5 60
87 99 0.5 60
87 97 0.5 60
86 97 0.5 60
85 97 0.5 60
84 97 0.5 60
86 96 0.5 60
86 95 0.5 60
84 96 0.5 60
84 95 0.5 60
86 92 0.5 60
86 93 0.5 60
86 94 0.5 60
85 92 0.5 60
85 91 0.5 60
83 90 0.5 60
84 90 0.5 60
84 92 0.5 60
84 91 0.5 60
93 2 0.5 60
92 2 0.5 60
91 2 0.5 60
95 0 0.5 60
95 1 0.5 60
95 99 0.5 60
96 99 0.5 60
93 1 0.5 60
94 1 0.5 60
96 98 0.5 60
91 1 0.5 60
91 0 0.5 60
96 97 0.5 60
90 1 0.5 60
97 98 0.5 60
98 98 0.5 60
93 3 0.5 60
97 99 0.5 60
89 3 0.5 60
89 2 0.5 60
89 1 0.5 60
93 4 0.5 60
42 46 0.5 16
42 45 0.5 16
42 43 0.5 16
42 44 0.5 16
41 42 0.5 16
41 43 0.5 16
45 42 0.5 16
46 42 0.5 16
46 41 0.5 16
45 43 0.5 16
45 44 0.5 16
46 44 0.5 16
47 44 0.5 16
43 44 0.5 16
44 44 0.5 16
46 40 0.5 16
91 58 0.5 48
92 58 0.5 48
93 58 0.5 48
93 57 0.5 48
90 58 0.5 48
94 57 0.5 48
91 57 0.5 48
88 60 0.5 48
88 59 0.5 48
89 59 0.5 48
88 63 0.5 48
88 61 0.5 48
88 62 0.5 48
89 58 0.5 48
94 56 0.5 48
92 60 0.5 48
92 59 0.5 48
92 61 0.5 48
93 61 0.5 48
94 61 0.5 48
91 60 0.5 48
93 56 0.5 48
93 54 0.5 48
93 55 0.5 48
94 55 0.5 48
91 54 0.5 48
92 54 0.5 48
88 64 0.5 48
88 65 0.5 48
98 56 0.5 48
97 56 0.5 48
96 56 0.5 48
97 55 0.5 48
98 57 0.5 48
95 54 0.5 48
95 55 0.5 48
95 56 0.5 48
99 56 0.5 48
86 66 0.5 48
87 66 0.5 48
88 66 0.5 48
83 67 0.5 48
83 66 0.5 48
83 68 0.5 48
85 67 0.5 48
86 67 0.5 48
84 67 0.5 48
82 66 0.5 48
56 92 0.5 24
55 92 0.5 24
54 91 0.5 24
55 91 0.5 24
55 90 0.5 24
54 87 0.5 24
56 87 0.5 24
56 88 0.5 24
55 87 0.5 24
57 88 0.5 24
56 89 0.5 24
55 89 0.5 24
53 87 0.5 24
50 89 0.5 24
50 90 0.5 24
50 92 0.5 24
50 91 0.5 24
52 92 0.5 24
51 92 0.5 24
52 91 0.5 24
53 90 0.5 24
53 91 0.5 24
49 92 0.5 24
49 91 0.5 24
7 60 0.5 31
6 60 0.5 31
8 61 0.5 31
8 60 0.5 31
3 62 0.5 31
2 62 0.5 31
2 63 0.5 31
3 63 0.5 31
1 63 0.5 31
1 65 0.5 31
1 64 0.5 31
2 66 0.5 31
3 65 0.5 31
2 65 0.5 31
4 62 0.5 31
4 61 0.5 31
4 60 0.5 31
4 65 0.5 31
5 60 0.5 31
5 59 0.5 31
8 56 0.5 31
8 57 0.5 31
8 58 0.5 31
8 59 0.5 31
7 59 0.5 31
6 59 0.5 31
3 67 0.5 31
2 67 0.5 31
0 65 0.5 31
0 66 0.5 31
0 67 0.5 31
79 16 0.5 18
79 17 0.5 18
80 17 0.5 18
80 16 0.5 18
81 17 0.5 18
82 17 0.5 18
82 16 0.5 18
78 15 0.5 18
77 15 0.5 18
77 16 0.5 18
76 15 0.5 18
79 15 0.5 18
75 17 0.5 18
75 16 0.5 18
75 15 0.5 18
74 15 0.5 18
79 13 0.5 18
79 14 0.5 18
60 98 0.5 16
61 98 0.5 16
59 98 0.5 16
58 98 0.5 16
59 99 0.5 16
65 99 0.5 16
65 98 0.5 16
62 99 0.5 16
63 99 0.5 16
64 99 0.5 16
62 98 0.5 16
64 98 0.5 16
66 99 0.5 16
58 99 0.5 16
57 99 0.5 16
56 99 0.5 16
49 59 0.5 15
49 60 0.5 15
50 60 0.5 15
50 59 0.5 15
48 60 0.5 15
51 60 0.5 15
49 61 0.5 15
49 62 0.5 15
50 62 0.5 15
54 60 0.5 15
54 61 0.5 15
52 60 0.5 15
52 61 0.5 15
53 61 0.5 15
52 62 0.5 15
42 34 0.5 1
94 75 0.5 12
94 74 0.5 12
95 76 0.5 12
94 76 0.5 12
95 70 0.5 12
95 71 0.5 12
95 72 0.5 12
96 70 0.5 12
94 71 0.5 12
94 73 0.5 12
95 73 0.5 12
96 73 0.5 12
3 17 0.5 1
22 77 0.5 2
21 77 0.5 2
30 93 0.5 7
30 94 0.5 7
28 91 0.5 7
28 90 0.5 7
29 93 0.5 7
28 92 0.5 7
29 92 0.5 7
59 81 0.5 2
60 81 0.5 2
37 85 0.5 21
37 84 0.5 21
36 85 0.5 21
36 84 0.5 21
33 85 0.5 21
35 85 0.5 21
34 87 0.5 21
34 86 0.5 21
34 85 0.5 21
34 88 0.5 21
32 84 0.5 21
31 85 0.5 21
31 84 0.5 21
29 84 0.5 21
30 84 0.5 21
32 83 0.5 21
33 83 0.5 21
35 83 0.5 21
34 83 0.5 21
32 82 0.5 21
36 83 0.5 21
97 8 0.5 6
97 7 0.5 6
98 8 0.5 6
96 9 0.5 6
97 9 0.5 6
95 9 0.5 6
58 40 0.5 1
17 22 0.5 2
18 22 0.5 2
50 5 0.5 4
49 6 0.5 4
50 6 0.5 4
48 6 0.5 4
1 90 0.5 7
2 89 0.5 7
2 90 0.5 7
1 92 0.5 7
2 92 0.5 7
1 91 0.5 7
3 92 0.5 7
88 43 0.5 1
5 93 0.5 1
29 68 0.5 1
