65 70 0.5 49
67 70 0.5 49
67 71 0.5 49
66 70 0.5 49
65 69 0.5 49
64 70 0.5 49
67 73 0.5 49
68 72 0.5 49
67 72 0.5 49
63 70 0.5 49
63 71 0.5 49
63 73 0.5 49
63 72 0.5 49
62 71 0.5 49
61 68 0.5 49
61 70 0.5 49
61 71 0.5 49
60 71 0.5 49
61 69 0.5 49
60 72 0.5 49
71 70 0.5 49
71 71 0.5 49
71 72 0.5 49
72 72 0.5 49
70 72 0.5 49
69 73 0.5 49
69 72 0.5 49
56 71 0.5 49
55 70 0.5 49
55 69 0.5 49
56 70 0.5 49
54 69 0.5 49
56 72 0.5 49
57 73 0.5 49
56 73 0.5 49
55 68 0.5 49
60 73 0.5 49
59 73 0.5 49
58 73 0.5 49
61 75 0.5 49
60 75 0.5 49
60 74 0.5 49
59 74 0.5 49
57 74 0.5 49
58 74 0.5 49
58 75 0.5 49
56 68 0.5 49
56 67 0.5 49
56 66 0.5 49
4 26 0.5 140
3 26 0.5 140
3 25 0.5 140
9 29 0.5 140
9 30 0.5 140
10 29 0.5 140
8 30 0.5 140
11 29 0.5 140
6 28 0.5 140
6 29 0.5 140
7 29 0.5 140
8 29 0.5 140
5 28 0.5 140
6 30 0.5 140
12 29 0.5 140
13 29 0.5 140
11 28 0.5 140
10 28 0.5 140
15 31 0.5 140
14 31 0.5 140
14 30 0.5 140
14 28 0.5 140
14 29 0.5 140
15 27 0.5 140
15 28 0.5 140
16 32 0.5 140
16 31 0.5 140
6 27 0.5 140
5 27 0.5 140
5 26 0.5 140
19 32 0.5 140
18 32 0.5 140
18 31 0.5 140
17 32 0.5 140
17 33 0.5 140
15 37 0.5 140
15 38 0.5 140
14 41 0.5 140
14 40 0.5 140
14 39 0.5 140
14 38 0.5 140
16 37 0.5 140
16 38 0.5 140
19 34 0.5 140
18 34 0.5 140
19 35 0.5 140
17 34 0.5 140
18 33 0.5 140
20 35 0.5 140
17 35 0.5 140
16 35 0.5 140
16 36 0.5 140
21 36 0.5 140
20 36 0.5 140
20 37 0.5 140
22 36 0.5 140
23 36 0.5 140
24 36 0.5 140
10 31 0.5 140
9 31 0.5 140
10 43 0.5 140
9 43 0.5 140
11 42 0.5 140
12 42 0.5 140
12 43 0.5 140
13 43 0.5 140
11 43 0.5 140
10 42 0.5 140
10 41 0.5 140
10 40 0.5 140
11 40 0.5 140
12 40 0.5 140
13 41 0.5 140
12 41 0.5 140
93 26 0.5 140
93 27 0.5 140
92 28 0.5 140
93 28 0.5 140
91 28 0.5 140
94 28 0.5 140
94 27 0.5 140
92 27 0.5 140
96 27 0.5 140
95 27 0.5 140
91 24 0.5 140
91 25 0.5 140
91 26 0.5 140
91 27 0.5 140
92 24 0.5 140
91 30 0.5 140
91 29 0.5 140
93 30 0.5 140
92 30 0.5 140
94 30 0.5 140
96 31 0.5 140
96 32 0.5 140
97 32 0.5 140
97 30 0.5 140
96 30 0.5 140
95 30 0.5 140
99 29 0.5 140
0 29 0.5 140
1 29 0.5 140
1 28 0.5 140
99 30 0.5 140
98 29 0.5 140
97 29 0.5 140
97 28 0.5 140
3 28 0.5 140
2 28 0.5 140
4 30 0.5 140
5 30 0.5 140
3 31 0.5 140
3 30 0.5 140
3 29 0.5 140
91 31 0.5 140
90 31 0.5 140
3 33 0.5 140
4 32 0.5 140
3 32 0.5 140
2 43 0.5 140
3 43 0.5 140
4 43 0.5 140
1 43 0.5 140
8 43 0.5 140
7 43 0.5 140
7 44 0.5 140
6 44 0.5 140
5 43 0.5 140
6 43 0.5 140
5 42 0.5 140
8 44 0.5 140
2 42 0.5 140
8 46 0.5 140
8 45 0.5 140
9 45 0.5 140
3 39 0.5 140
2 40 0.5 140
2 41 0.5 140
3 40 0.5 140
14 74 0.5 40
13 74 0.5 40
13 72 0.5 40
12 72 0.5 40
13 73 0.5 40
11 75 0.5 40
12 75 0.5 40
10 75 0.5 40
13 75 0.5 40
9 75 0.5 40
7 77 0.5 40
9 76 0.5 40
9 77 0.5 40
8 77 0.5 40
9 80 0.5 40
8 80 0.5 40
8 79 0.5 40
8 78 0.5 40
8 81 0.5 40
9 78 0.5 40
10 78 0.5 40
11 78 0.5 40
6 76 0.5 40
7 76 0.5 40
5 76 0.5 40
3 79 0.5 40
4 77 0.5 40
3 77 0.5 40
3 78 0.5 40
4 76 0.5 40
2 80 0.5 40
3 80 0.5 40
3 81 0.5 40
4 81 0.5 40
4 82 0.5 40
2 78 0.5 40
4 83 0.5 40
4 84 0.5 40
3 85 0.5 40
4 85 0.5 40
68 28 0.5 80
66 28 0.5 80
67 28 0.5 80
69 28 0.5 80
71 28 0.5 80
70 28 0.5 80
71 27 0.5 80
70 29 0.5 80
70 30 0.5 80
63 28 0.5 80
63 27 0.5 80
65 28 0.5 80
64 28 0.5 80
64 27 0.5 80
64 26 0.5 80
71 26 0.5 80
62 24 0.5 80
64 25 0.5 80
63 25 0.5 80
62 25 0.5 80
63 26 0.5 80
61 24 0.5 80
64 24 0.5 80
57 22 0.5 80
57 20 0.5 80
58 20 0.5 80
58 22 0.5 80
58 21 0.5 80
59 23 0.5 80
59 22 0.5 80
60 22 0.5 80
61 22 0.5 80
61 21 0.5 80
60 20 0.5 80
61 20 0.5 80
62 20 0.5 80
57 23 0.5 80
62 22 0.5 80
63 22 0.5 80
66 22 0.5 80
65 22 0.5 80
64 22 0.5 80
56 19 0.5 80
54 19 0.5 80
55 19 0.5 80
56 20 0.5 80
62 23 0.5 80
54 21 0.5 80
52 20 0.5 80
52 19 0.5 80
52 21 0.5 80
53 20 0.5 80
53 21 0.5 80
54 20 0.5 80
52 16 0.5 80
52 17 0.5 80
52 18 0.5 80
51 21 0.5 80
50 22 0.5 80
50 21 0.5 80
61 30 0.5 80
62 30 0.5 80
60 30 0.5 80
58 28 0.5 80
59 28 0.5 80
57 28 0.5 80
60 29 0.5 80
59 29 0.5 80
57 25 0.5 80
57 26 0.5 80
57 27 0.5 80
59 30 0.5 80
63 30 0.5 80
63 29 0.5 80
63 31 0.5 80
56 27 0.5 80
56 28 0.5 80
59 31 0.5 80
57 30 0.5 80
57 29 0.5 80
27 56 0.5 39
27 55 0.5 39
25 56 0.5 39
25 57 0.5 39
26 56 0.5 39
24 53 0.5 39
25 55 0.5 39
25 53 0.5 39
25 54 0.5 39
26 61 0.5 39
27 61 0.5 39
25 61 0.5 39
24 62 0.5 39
25 62 0.5 39
26 62 0.5 39
27 59 0.5 39
26 59 0.5 39
25 60 0.5 39
25 59 0.5 39
24 58 0.5 39
24 59 0.5 39
28 61 0.5 39
28 60 0.5 39
28 62 0.5 39
29 61 0.5 39
28 59 0.5 39
29 59 0.5 39
30 62 0.5 39
31 62 0.5 39
29 62 0.5 39
30 61 0.5 39
30 58 0.5 39
29 58 0.5 39
28 56 0.5 39
29 56 0.5 39
29 57 0.5 39
28 57 0.5 39
24 52 0.5 39
23 58 0.5 39
74 36 0.5 65
75 36 0.5 65
75 37 0.5 65
73 35 0.5 65
72 35 0.5 65
73 36 0.5 65
73 34 0.5 65
75 35 0.5 65
76 35 0.5 65
77 35 0.5 65
78 35 0.5 65
79 35 0.5 65
77 36 0.5 65
80 35 0.5 65
80 36 0.5 65
79 36 0.5 65
79 37 0.5 65
81 35 0.5 65
81 34 0.5 65
71 37 0.5 65
71 38 0.5 65
70 38 0.5 65
72 37 0.5 65
73 39 0.5 65
73 38 0.5 65
72 39 0.5 65
71 39 0.5 65
74 39 0.5 65
73 40 0.5 65
71 36 0.5 65
72 36 0.5 65
71 42 0.5 65
72 42 0.5 65
70 42 0.5 65
70 43 0.5 65
70 44 0.5 65
70 45 0.5 65
69 46 0.5 65
69 47 0.5 65
69 45 0.5 65
70 48 0.5 65
69 48 0.5 65
68 44 0.5 65
69 44 0.5 65
70 41 0.5 65
70 40 0.5 65
70 39 0.5 65
69 39 0.5 65
65 53 0.5 65
66 53 0.5 65
66 55 0.5 65
66 54 0.5 65
67 54 0.5 65
64 53 0.5 65
68 54 0.5 65
69 54 0.5 65
70 54 0.5 65
71 51 0.5 65
71 50 0.5 65
71 49 0.5 65
70 49 0.5 65
71 53 0.5 65
70 53 0.5 65
71 52 0.5 65
72 49 0.5 65
41 65 0.5 45
42 65 0.5 45
43 65 0.5 45
43 66 0.5 45
40 65 0.5 45
40 64 0.5 45
37 57 0.5 45
38 59 0.5 45
37 58 0.5 45
37 59 0.5 45
44 60 0.5 45
43 60 0.5 45
42 60 0.5 45
41 60 0.5 45
40 60 0.5 45
39 58 0.5 45
40 59 0.5 45
39 59 0.5 45
44 59 0.5 45
44 58 0.5 45
44 57 0.5 45
45 56 0.5 45
45 55 0.5 45
45 57 0.5 45
37 60 0.5 45
44 63 0.5 45
43 63 0.5 45
42 63 0.5 45
42 61 0.5 45
42 62 0.5 45
45 63 0.5 45
44 64 0.5 45
43 64 0.5 45
46 64 0.5 45
46 63 0.5 45
36 56 0.5 45
35 56 0.5 45
37 56 0.5 45
35 58 0.5 45
35 57 0.5 45
34 57 0.5 45
34 56 0.5 45
38 55 0.5 45
38 54 0.5 45
37 55 0.5 45
86 76 0.5 92
86 77 0.5 92
86 75 0.5 92
88 76 0.5 92
88 77 0.5 92
88 75 0.5 92
87 77 0.5 92
88 74 0.5 92
86 74 0.5 92
87 74 0.5 92
86 72 0.5 92
86 73 0.5 92
87 72 0.5 92
85 74 0.5 92
85 73 0.5 92
88 82 0.5 92
89 82 0.5 92
87 82 0.5 92
87 81 0.5 92
88 83 0.5 92
85 80 0.5 92
86 80 0.5 92
86 79 0.5 92
87 80 0.5 92
86 78 0.5 92
87 78 0.5 92
90 82 0.5 92
83 71 0.5 92
83 70 0.5 92
82 69 0.5 92
83 69 0.5 92
83 72 0.5 92
83 73 0.5 92
82 72 0.5 92
84 73 0.5 92
84 77 0.5 92
84 76 0.5 92
83 76 0.5 92
82 74 0.5 92
83 74 0.5 92
82 75 0.5 92
82 76 0.5 92
81 74 0.5 92
80 74 0.5 92
91 58 0.5 92
92 58 0.5 92
93 58 0.5 92
93 57 0.5 92
90 58 0.5 92
94 57 0.5 92
91 57 0.5 92
88 60 0.5 92
88 59 0.5 92
89 59 0.5 92
88 63 0.5 92
88 61 0.5 92
88 62 0.5 92
89 58 0.5 92
94 56 0.5 92
92 60 0.5 92
92 59 0.5 92
92 61 0.5 92
93 61 0.5 92
94 61 0.5 92
91 60 0.5 92
93 56 0.5 92
93 54 0.5 92
93 55 0.5 92
94 55 0.5 92
91 54 0.5 92
92 54 0.5 92
88 64 0.5 92
88 65 0.5 92
98 56 0.5 92
97 56 0.5 92
96 56 0.5 92
97 55 0.5 92
98 57 0.5 92
95 54 0.5 92
95 55 0.5 92
95 56 0.5 92
99 56 0.5 92
86 66 0.5 92
87 66 0.5 92
88 66 0.5 92
83 67 0.5 92
83 66 0.5 92
83 68 0.5 92
85 67 0.5 92
86 67 0.5 92
84 67 0.5 92
82 66 0.5 92
37 13 0.5 162
37 12 0.5 162
36 12 0.5 162
33 13 0.5 162
33 12 0.5 162
34 12 0.5 162
35 12 0.5 162
32 13 0.5 162
31 13 0.5 162
31 14 0.5 162
31 12 0.5 162
29 15 0.5 162
29 16 0.5 162
31 15 0.5 162
30 15 0.5 162
30 13 0.5 162
28 15 0.5 162
37 14 0.5 162
37 15 0.5 162
32 21 0.5 162
33 20 0.5 162
32 20 0.5 162
31 20 0.5 162
31 16 0.5 162
31 18 0.5 162
31 17 0.5 162
31 19 0.5 162
32 19 0.5 162
30 17 0.5 162
40 19 0.5 162
40 18 0.5 162
38 18 0.5 162
39 18 0.5 162
41 18 0.5 162
38 19 0.5 162
38 20 0.5 162
37 19 0.5 162
38 17 0.5 162
38 16 0.5 162
38 15 0.5 162
40 3 0.5 162
40 4 0.5 162
41 4 0.5 162
38 6 0.5 162
39 6 0.5 162
39 7 0.5 162
40 6 0.5 162
40 5 0.5 162
39 13 0.5 162
39 11 0.5 162
38 12 0.5 162
39 12 0.5 162
39 10 0.5 162
39 9 0.5 162
39 8 0.5 162
29 7 0.5 162
29 6 0.5 162
29 5 0.5 162
28 9 0.5 162
28 7 0.5 162
28 8 0.5 162
27 9 0.5 162
26 9 0.5 162
25 9 0.5 162
32 9 0.5 162
32 10 0.5 162
31 9 0.5 162
31 8 0.5 162
32 11 0.5 162
31 11 0.5 162
30 8 0.5 162
30 7 0.5 162
25 8 0.5 162
25 0 0.5 162
24 0 0.5 162
25 1 0.5 162
24 1 0.5 162
25 99 0.5 162
24 98 0.5 162
24 99 0.5 162
23 98 0.5 162
22 98 0.5 162
25 98 0.5 162
24 97 0.5 162
23 97 0.5 162
22 97 0.5 162
26 0 0.5 162
21 6 0.5 162
21 5 0.5 162
22 4 0.5 162
22 5 0.5 162
23 3 0.5 162
22 3 0.5 162
23 2 0.5 162
24 2 0.5 162
26 3 0.5 162
27 4 0.5 162
26 4 0.5 162
28 4 0.5 162
29 4 0.5 162
25 2 0.5 162
25 3 0.5 162
24 3 0.5 162
42 4 0.5 162
43 4 0.5 162
43 3 0.5 162
43 2 0.5 162
29 3 0.5 162
29 2 0.5 162
17 4 0.5 162
18 5 0.5 162
17 5 0.5 162
18 6 0.5 162
16 5 0.5 162
15 4 0.5 162
16 4 0.5 162
14 4 0.5 162
14 5 0.5 162
18 1 0.5 162
17 1 0.5 162
18 3 0.5 162
17 3 0.5 162
17 2 0.5 162
18 4 0.5 162
17 0 0.5 162
18 0 0.5 162
19 0 0.5 162
18 99 0.5 162
18 98 0.5 162
17 99 0.5 162
16 98 0.5 162
17 98 0.5 162
15 98 0.5 162
19 4 0.5 162
20 3 0.5 162
20 5 0.5 162
20 4 0.5 162
14 98 0.5 162
14 97 0.5 162
13 97 0.5 162
13 98 0.5 162
12 96 0.5 162
13 96 0.5 162
11 96 0.5 162
18 95 0.5 162
18 96 0.5 162
17 97 0.5 162
18 97 0.5 162
17 95 0.5 162
16 95 0.5 162
16 94 0.5 162
15 95 0.5 162
11 95 0.5 162
18 94 0.5 162
9 93 0.5 162
10 93 0.5 162
9 92 0.5 162
10 92 0.5 162
11 93 0.5 162
11 92 0.5 162
12 92 0.5 162
11 94 0.5 162
21 42 0.5 39
20 42 0.5 39
20 43 0.5 39
22 43 0.5 39
22 42 0.5 39
23 43 0.5 39
22 44 0.5 39
25 43 0.5 39
25 42 0.5 39
24 43 0.5 39
24 44 0.5 39
24 45 0.5 39
23 44 0.5 39
21 41 0.5 39
20 41 0.5 39
27 39 0.5 39
28 39 0.5 39
26 39 0.5 39
27 38 0.5 39
26 41 0.5 39
26 40 0.5 39
25 41 0.5 39
24 41 0.5 39
32 37 0.5 39
32 38 0.5 39
33 37 0.5 39
29 38 0.5 39
30 38 0.5 39
31 38 0.5 39
29 39 0.5 39
29 40 0.5 39
28 40 0.5 39
31 36 0.5 39
32 36 0.5 39
30 36 0.5 39
30 35 0.5 39
29 35 0.5 39
31 35 0.5 39
19 41 0.5 39
85 99 0.5 60
85 0 0.5 60
84 99 0.5 60
84 98 0.5 60
82 99 0.5 60
83 0 0.5 60
82 0 0.5 60
83 99 0.5 60
84 97 0.5 60
88 0 0.5 60
88 1 0.5 60
87 0 0.5 60
86 0 0.5 60
86 1 0.5 60
92 99 0.5 60
91 99 0.5 60
91 98 0.5 60
90 98 0.5 60
89 98 0.5 60
89 99 0.5 60
88 99 0.5 60
88 97 0.5 60
87 97 0.5 60
86 97 0.5 60
85 97 0.5 60
87 96 0.5 60
87 95 0.5 60
85 96 0.5 60
85 95 0.5 60
87 92 0.5 60
87 93 0.5 60
87 94 0.5 60
86 92 0.5 60
86 91 0.5 60
84 90 0.5 60
85 90 0.5 60
85 92 0.5 60
85 91 0.5 60
94 2 0.5 60
93 2 0.5 60
92 2 0.5 60
96 0 0.5 60
96 1 0.5 60
96 99 0.5 60
97 99 0.5 60
94 1 0.5 60
95 1 0.5 60
97 98 0.5 60
92 1 0.5 60
92 0 0.5 60
97 97 0.5 60
91 1 0.5 60
98 98 0.5 60
99 98 0.5 60
94 3 0.5 60
98 99 0.5 60
90 3 0.5 60
90 2 0.5 60
90 1 0.5 60
94 4 0.5 60
41 46 0.5 16
41 45 0.5 16
41 43 0.5 16
41 44 0.5 16
40 42 0.5 16
40 43 0.5 16
44 42 0.5 16
45 42 0.5 16
45 41 0.5 16
44 43 0.5 16
44 44 0.5 16
45 44 0.5 16
46 44 0.5 16
42 44 0.5 16
43 44 0.5 16
45 40 0.5 16
56 93 0.5 24
55 93 0.5 24
54 92 0.5 24
55 92 0.5 24
55 91 0.5 24
54 88 0.5 24
56 88 0.5 24
56 89 0.5 24
55 88 0.5 24
57 89 0.5 24
56 90 0.5 24
55 90 0.5 24
53 88 0.5 24
50 90 0.5 24
50 91 0.5 24
50 93 0.5 24
50 92 0.5 24
52 93 0.5 24
51 93 0.5 24
52 92 0.5 24
53 91 0.5 24
53 92 0.5 24
49 93 0.5 24
49 92 0.5 24
7 59 0.5 31
6 59 0.5 31
8 60 0.5 31
8 59 0.5 31
3 61 0.5 31
2 61 0.5 31
2 62 0.5 31
3 62 0.5 31
1 62 0.5 31
1 64 0.5 31
1 63 0.5 31
2 65 0.5 31
3 64 0.5 31
2 64 0.5 31
4 61 0.5 31
4 60 0.5 31
4 59 0.5 31
4 64 0.5 31
5 59 0.5 31
5 58 0.5 31
8 55 0.5 31
8 56 0.5 31
8 57 0.5 31
8 58 0.5 31
7 58 0.5 31
6 58 0.5 31
3 66 0.5 31
2 66 0.5 31
0 64 0.5 31
0 65 0.5 31
0 66 0.5 31
79 17 0.5 18
79 18 0.5 18
80 18 0.5 18
80 17 0.5 18
81 18 0.5 18
82 18 0.5 18
82 17 0.5 18
78 16 0.5 18
77 16 0.5 18
77 17 0.5 18
76 16 0.5 18
79 16 0.5 18
75 18 0.5 18
75 17 0.5 18
75 16 0.5 18
74 16 0.5 18
79 14 0.5 18
79 15 0.5 18
59 98 0.5 16
60 98 0.5 16
58 98 0.5 16
57 98 0.5 16
58 99 0.5 16
64 99 0.5 16
64 98 0.5 16
61 99 0.5 16
62 99 0.5 16
63 99 0.5 16
61 98 0.5 16
63 98 0.5 16
65 99 0.5 16
57 99 0.5 16
56 99 0.5 16
55 99 0.5 16
49 58 0.5 15
49 59 0.5 15
50 59 0.5 15
50 58 0.5 15
48 59 0.5 15
51 59 0.5 15
49 60 0.5 15
49 61 0.5 15
50 61 0.5 15
54 59 0.5 15
54 60 0.5 15
52 59 0.5 15
52 60 0.5 15
53 60 0.5 15
52 61 0.5 15
43 34 0.5 1
94 74 0.5 12
94 73 0.5 12
95 75 0.5 12
94 75 0.5 12
95 69 0.5 12
95 70 0.5 12
95 71 0.5 12
96 69 0.5 12
94 70 0.5 12
94 72 0.5 12
95 72 0.5 12
96 72 0.5 12
2 17 0.5 1
22 78 0.5 2
21 78 0.5 2
30 94 0.5 7
30 95 0.5 7
28 92 0.5 7
28 91 0.5 7
29 94 0.5 7
28 93 0.5 7
29 93 0.5 7
58 81 0.5 2
59 81 0.5 2
36 85 0.5 21
36 84 0.5 21
35 85 0.5 21
35 84 0.5 21
32 85 0.5 21
34 85 0.5 21
33 87 0.5 21
33 86 0.5 21
33 85 0.5 21
33 88 0.5 21
31 84 0.5 21
30 85 0.5 21
30 84 0.5 21
28 84 0.5 21
29 84 0.5 21
31 83 0.5 21
32 83 0.5 21
34 83 0.5 21
33 83 0.5 21
31 82 0.5 21
35 83 0.5 21
97 9 0.5 6
97 8 0.5 6
98 9 0.5 6
96 10 0.5 6
97 10 0.5 6
95 10 0.5 6
58 39 0.5 1
17 21 0.5 2
18 21 0.5 2
50 4 0.5 4
49 5 0.5 4
50 5 0.5 4
48 5 0.5 4
1 91 0.5 7
2 90 0.5 7
2 91 0.5 7
1 93 0.5 7
2 93 0.5 7
1 92 0.5 7
3 93 0.5 7
87 43 0.5 1
5 92 0.5 1
28 68 0.5 1
