66 70 0.5 49
68 70 0.5 49
68 71 0.5 49
67 70 0.5 49
66 69 0.5 49
65 70 0.5 49
68 73 0.5 49
69 72 0.5 49
68 72 0.5 49
64 70 0.5 49
64 71 0.5 49
64 73 0.5 49
64 72 0.5 49
63 71 0.5 49
62 68 0.5 49
62 70 0.5 49
62 71 0.5 49
61 71 0.5 49
62 69 0.5 49
61 72 0.5 49
72 70 0.5 49
72 71 0.5 49
72 72 0.5 49
73 72 0.5 49
71 72 0.5 49
70 73 0.5 49
70 72 0.5 49
57 71 0.5 49
56 70 0.5 49
56 69 0.5 49
57 70 0.5 49
55 69 0.5 49
57 72 0.5 49
58 73 0.5 49
57 73 0.5 49
56 68 0.5 49
61 73 0.5 49
60 73 0.5 49
59 73 0.5 49
62 75 0.5 49
61 75 0.5 49
61 74 0.5 49
60 74 0.5 49
58 74 0.5 49
59 74 0.5 49
59 75 0.5 49
57 68 0.5 49
57 67 0.5 49
57 66 0.5 49
4 27 0.5 140
3 27 0.5 140
3 26 0.5 140
9 30 0.5 140
9 31 0.5 140
10 30 0.5 140
8 31 0.5 140
11 30 0.5 140
6 29 0.5 140
6 30 0.5 140
7 30 0.5 140
8 30 0.5 140
5 29 0.5 140
6 31 0.5 140
12 30 0.5 140
13 30 0.5 140
11 29 0.5 140
10 29 0.5 140
15 32 0.5 140
14 32 0.5 140
14 31 0.5 140
14 29 0.5 140
14 30 0.5 140
15 28 0.5 140
15 29 0.5 140
16 33 0.5 140
16 32 0.5 140
6 28 0.5 140
5 28 0.5 140
5 27 0.5 140
19 33 0.5 140
18 33 0.5 140
18 32 0.5 140
17 33 0.5 140
17 34 0.5 140
15 38 0.5 140
15 39 0.5 140
14 42 0.5 140
14 41 0.5 140
14 40 0.5 140
14 39 0.5 140
16 38 0.5 140
16 39 0.5 140
19 35 0.5 140
18 35 0.5 140
19 36 0.5 140
17 35 0.5 140
18 34 0.5 140
20 36 0.5 140
17 36 0.5 140
16 36 0.5 140
16 37 0.5 140
21 37 0.5 140
20 37 0.5 140
20 38 0.5 140
22 37 0.5 140
23 37 0.5 140
24 37 0.5 140
10 32 0.5 140
9 32 0.5 140
10 44 0.5 140
9 44 0.5 140
11 43 0.5 140
12 43 0.5 140
12 44 0.5 140
13 44 0.5 140
11 44 0.5 140
10 43 0.5 140
10 42 0.5 140
10 41 0.5 140
11 41 0.5 140
12 41 0.5 140
13 42 0.5 140
12 42 0.5 140
93 27 0.5 140
93 28 0.5 140
92 29 0.5 140
93 29 0.5 140
91 29 0.5 140
94 29 0.5 140
94 28 0.5 140
92 28 0.5 140
96 28 0.5 140
95 28 0.5 140
91 25 0.5 140
91 26 0.5 140
91 27 0.5 140
91 28 0.5 140
92 25 0.5 140
91 31 0.5 140
91 30 0.5 140
93 31 0.5 140
92 31 0.5 140
94 31 0.5 140
96 32 0.5 140
96 33 0.5 140
97 33 0.5 140
97 31 0.5 140
96 31 0.5 140
95 31 0.5 140
99 30 0.5 140
0 30 0.5 140
1 30 0.5 140
1 29 0.5 140
99 31 0.5 140
98 30 0.5 140
97 30 0.5 140
97 29 0.5 140
3 29 0.5 140
2 29 0.5 140
4 31 0.5 140
5 31 0.5 140
3 32 0.5 140
3 31 0.5 140
3 30 0.5 140
91 32 0.5 140
90 32 0.5 140
3 34 0.5 140
4 33 0.5 140
3 33 0.5 140
2 44 0.5 140
3 44 0.5 140
4 44 0.5 140
1 44 0.5 140
8 44 0.5 140
7 44 0.5 140
7 45 0.5 140
6 45 0.5 140
5 44 0.5 140
6 44 0.5 140
5 43 0.5 140
8 45 0.5 140
2 43 0.5 140
8 47 0.5 140
8 46 0.5 140
9 46 0.5 140
3 40 0.5 140
2 41 0.5 140
2 42 0.5 140
3 41 0.5 140
13 74 0.5 40
12 74 0.5 40
12 72 0.5 40
11 72 0.5 40
12 73 0.5 40
10 75 0.5 40
11 75 0.5 40
9 75 0.5 40
12 75 0.5 40
8 75 0.5 40
6 77 0.5 40
8 76 0.5 40
8 77 0.5 40
7 77 0.5 40
8 80 0.5 40
7 80 0.5 40
7 79 0.5 40
7 78 0.5 40
7 81 0.5 40
8 78 0.5 40
9 78 0.5 40
10 78 0.5 40
5 76 0.5 40
6 76 0.5 40
4 76 0.5 40
2 79 0.5 40
3 77 0.5 40
2 77 0.5 40
2 78 0.5 40
3 76 0.5 40
1 80 0.5 40
2 80 0.5 40
2 81 0.5 40
3 81 0.5 40
3 82 0.5 40
1 78 0.5 40
3 83 0.5 40
3 84 0.5 40
2 85 0.5 40
3 85 0.5 40
68 27 0.5 80
66 27 0.5 80
67 27 0.5 80
69 27 0.5 80
71 27 0.5 80
70 27 0.5 80
71 26 0.5 80
70 28 0.5 80
70 29 0.5 80
63 27 0.5 80
63 26 0.5 80
65 27 0.5 80
64 27 0.5 80
64 26 0.5 80
64 25 0.5 80
71 25 0.5 80
62 23 0.5 80
64 24 0.5 80
63 24 0.5 80
62 24 0.5 80
63 25 0.5 80
61 23 0.5 80
64 23 0.5 80
57 21 0.5 80
57 19 0.5 80
58 19 0.5 80
58 21 0.5 80
58 20 0.5 80
59 22 0.5 80
59 21 0.5 80
60 21 0.5 80
61 21 0.5 80
61 20 0.5 80
60 19 0.5 80
61 19 0.5 80
62 19 0.5 80
57 22 0.5 80
62 21 0.5 80
63 21 0.5 80
66 21 0.5 80
65 21 0.5 80
64 21 0.5 80
56 18 0.5 80
54 18 0.5 80
55 18 0.5 80
56 19 0.5 80
62 22 0.5 80
54 20 0.5 80
52 19 0.5 80
52 18 0.5 80
52 20 0.5 80
53 19 0.5 80
53 20 0.5 80
54 19 0.5 80
52 15 0.5 80
52 16 0.5 80
52 17 0.5 80
51 20 0.5 80
50 21 0.5 80
50 20 0.5 80
61 29 0.5 80
62 29 0.5 80
60 29 0.5 80
58 27 0.5 80
59 27 0.5 80
57 27 0.5 80
60 28 0.5 80
59 28 0.5 80
57 24 0.5 80
57 25 0.5 80
57 26 0.5 80
59 29 0.5 80
63 29 0.5 80
63 28 0.5 80
63 30 0.5 80
56 26 0.5 80
56 27 0.5 80
59 30 0.5 80
57 29 0.5 80
57 28 0.5 80
27 57 0.5 39
27 56 0.5 39
25 57 0.5 39
25 58 0.5 39
26 57 0.5 39
24 54 0.5 39
25 56 0.5 39
25 54 0.5 39
25 55 0.5 39
26 62 0.5 39
27 62 0.5 39
25 62 0.5 39
24 63 0.5 39
25 63 0.5 39
26 63 0.5 39
27 60 0.5 39
26 60 0.5 39
25 61 0.5 39
25 60 0.5 39
24 59 0.5 39
24 60 0.5 39
28 62 0.5 39
28 61 0.5 39
28 63 0.5 39
29 62 0.5 39
28 60 0.5 39
29 60 0.5 39
30 63 0.5 39
31 63 0.5 39
29 63 0.5 39
30 62 0.5 39
30 59 0.5 39
29 59 0.5 39
28 57 0.5 39
29 57 0.5 39
29 58 0.5 39
28 58 0.5 39
24 53 0.5 39
23 59 0.5 39
74 35 0.5 65
75 35 0.5 65
75 36 0.5 65
73 34 0.5 65
72 34 0.5 65
73 35 0.5 65
73 33 0.5 65
75 34 0.5 65
76 34 0.5 65
77 34 0.5 65
78 34 0.5 65
79 34 0.5 65
77 35 0.5 65
80 34 0.5 65
80 35 0.5 65
79 35 0.5 65
79 36 0.5 65
81 34 0.5 65
81 33 0.5 65
71 36 0.5 65
71 37 0.5 65
70 37 0.5 65
72 36 0.5 65
73 38 0.5 65
73 37 0.5 65
72 38 0.5 65
71 38 0.5 65
74 38 0.5 65
73 39 0.5 65
71 35 0.5 65
72 35 0.5 65
71 41 0.5 65
72 41 0.5 65
70 41 0.5 65
70 42 0.5 65
70 43 0.5 65
70 44 0.5 65
69 45 0.5 65
69 46 0.5 65
69 44 0.5 65
70 47 0.5 65
69 47 0.5 65
68 43 0.5 65
69 43 0.5 65
70 40 0.5 65
70 39 0.5 65
70 38 0.5 65
69 38 0.5 65
65 52 0.5 65
66 52 0.5 65
66 54 0.5 65
66 53 0.5 65
67 53 0.5 65
64 52 0.5 65
68 53 0.5 65
69 53 0.5 65
70 53 0.5 65
71 50 0.5 65
71 49 0.5 65
71 48 0.5 65
70 48 0.5 65
71 52 0.5 65
70 52 0.5 65
71 51 0.5 65
72 48 0.5 65
40 65 0.5 45
41 65 0.5 45
42 65 0.5 45
42 66 0.5 45
39 65 0.5 45
39 64 0.5 45
36 57 0.5 45
37 59 0.5 45
36 58 0.5 45
36 59 0.5 45
43 60 0.5 45
42 60 0.5 45
41 60 0.5 45
40 60 0.5 45
39 60 0.5 45
38 58 0.5 45
39 59 0.5 45
38 59 0.5 45
43 59 0.5 45
43 58 0.5 45
43 57 0.5 45
44 56 0.5 45
44 55 0.5 45
44 57 0.5 45
36 60 0.5 45
43 63 0.5 45
42 63 0.5 45
41 63 0.5 45
41 61 0.5 45
41 62 0.5 45
44 63 0.5 45
43 64 0.5 45
42 64 0.5 45
45 64 0.5 45
45 63 0.5 45
35 56 0.5 45
34 56 0.5 45
36 56 0.5 45
34 58 0.5 45
34 57 0.5 45
33 57 0.5 45
33 56 0.5 45
37 55 0.5 45
37 54 0.5 45
36 55 0.5 45
86 77 0.5 92
86 78 0.5 92
86 76 0.5 92
88 77 0.5 92
88 78 0.5 92
88 76 0.5 92
87 78 0.5 92
88 75 0.5 92
86 75 0.5 92
87 75 0.5 92
86 73 0.5 92
86 74 0.5 92
87 73 0.5 92
85 75 0.5 92
85 74 0.5 92
88 83 0.5 92
89 83 0.5 92
87 83 0.5 92
87 82 0.5 92
88 84 0.5 92
85 81 0.5 92
86 81 0.5 92
86 80 0.5 92
87 81 0.5 92
86 79 0.5 92
87 79 0.5 92
90 83 0.5 92
83 72 0.5 92
83 71 0.5 92
82 70 0.5 92
83 70 0.5 92
83 73 0.5 92
83 74 0.5 92
82 73 0.5 92
84 74 0.5 92
84 78 0.5 92
84 77 0.5 92
83 77 0.5 92
82 75 0.5 92
83 75 0.5 92
82 76 0.5 92
82 77 0.5 92
81 75 0.5 92
80 75 0.5 92
91 59 0.5 92
92 59 0.5 92
93 59 0.5 92
93 58 0.5 92
90 59 0.5 92
94 58 0.5 92
91 58 0.5 92
88 61 0.5 92
88 60 0.5 92
89 60 0.5 92
88 64 0.5 92
88 62 0.5 92
88 63 0.5 92
89 59 0.5 92
94 57 0.5 92
92 61 0.5 92
92 60 0.5 92
92 62 0.5 92
93 62 0.5 92
94 62 0.5 92
91 61 0.5 92
93 57 0.5 92
93 55 0.5 92
93 56 0.5 92
94 56 0.5 92
91 55 0.5 92
92 55 0.5 92
88 65 0.5 92
88 66 0.5 92
98 57 0.5 92
97 57 0.5 92
96 57 0.5 92
97 56 0.5 92
98 58 0.5 92
95 55 0.5 92
95 56 0.5 92
95 57 0.5 92
99 57 0.5 92
86 67 0.5 92
87 67 0.5 92
88 67 0.5 92
83 68 0.5 92
83 67 0.5 92
83 69 0.5 92
85 68 0.5 92
86 68 0.5 92
84 68 0.5 92
82 67 0.5 92
38 13 0.5 162
38 12 0.5 162
37 12 0.5 162
34 13 0.5 162
34 12 0.5 162
35 12 0.5 162
36 12 0.5 162
33 13 0.5 162
32 13 0.5 162
32 14 0.5 162
32 12 0.5 162
30 15 0.5 162
30 16 0.5 162
32 15 0.5 162
31 15 0.5 162
31 13 0.5 162
29 15 0.5 162
38 14 0.5 162
38 15 0.5 162
33 21 0.5 162
34 20 0.5 162
33 20 0.5 162
32 20 0.5 162
32 16 0.5 162
32 18 0.5 162
32 17 0.5 162
32 19 0.5 162
33 19 0.5 162
31 17 0.5 162
41 19 0.5 162
41 18 0.5 162
39 18 0.5 162
40 18 0.5 162
42 18 0.5 162
39 19 0.5 162
39 20 0.5 162
38 19 0.5 162
39 17 0.5 162
39 16 0.5 162
39 15 0.5 162
41 3 0.5 162
41 4 0.5 162
42 4 0.5 162
39 6 0.5 162
40 6 0.5 162
40 7 0.5 162
41 6 0.5 162
41 5 0.5 162
40 13 0.5 162
40 11 0.5 162
39 12 0.5 162
40 12 0.5 162
40 10 0.5 162
40 9 0.5 162
40 8 0.5 162
30 7 0.5 162
30 6 0.5 162
30 5 0.5 162
29 9 0.5 162
29 7 0.5 162
29 8 0.5 162
28 9 0.5 162
27 9 0.5 162
26 9 0.5 162
33 9 0.5 162
33 10 0.5 162
32 9 0.5 162
32 8 0.5 162
33 11 0.5 162
32 11 0.5 162
31 8 0.5 162
31 7 0.5 162
26 8 0.5 162
26 0 0.5 162
25 0 0.5 162
26 1 0.5 162
25 1 0.5 162
26 99 0.5 162
25 98 0.5 162
25 99 0.5 162
24 98 0.5 162
23 98 0.5 162
26 98 0.5 162
25 97 0.5 162
24 97 0.5 162
23 97 0.5 162
27 0 0.5 162
22 6 0.5 162
22 5 0.5 162
23 4 0.5 162
23 5 0.5 162
24 3 0.5 162
23 3 0.5 162
24 2 0.5 162
25 2 0.5 162
27 3 0.5 162
28 4 0.5 162
27 4 0.5 162
29 4 0.5 162
30 4 0.5 162
26 2 0.5 162
26 3 0.5 162
25 3 0.5 162
43 4 0.5 162
44 4 0.5 162
44 3 0.5 162
44 2 0.5 162
30 3 0.5 162
30 2 0.5 162
18 4 0.5 162
19 5 0.5 162
18 5 0.5 162
19 6 0.5 162
17 5 0.5 162
16 4 0.5 162
17 4 0.5 162
15 4 0.5 162
15 5 0.5 162
19 1 0.5 162
18 1 0.5 162
19 3 0.5 162
18 3 0.5 162
18 2 0.5 162
19 4 0.5 162
18 0 0.5 162
19 0 0.5 162
20 0 0.5 162
19 99 0.5 162
19 98 0.5 162
18 99 0.5 162
17 98 0.5 162
18 98 0.5 162
16 98 0.5 162
20 4 0.5 162
21 3 0.5 162
21 5 0.5 162
21 4 0.5 162
15 98 0.5 162
15 97 0.5 162
14 97 0.5 162
14 98 0.5 162
13 96 0.5 162
14 96 0.5 162
12 96 0.5 162
19 95 0.5 162
19 96 0.5 162
18 97 0.5 162
19 97 0.5 162
18 95 0.5 162
17 95 0.5 162
17 94 0.5 162
16 95 0.5 162
12 95 0.5 162
19 94 0.5 162
10 93 0.5 162
11 93 0.5 162
10 92 0.5 162
11 92 0.5 162
12 93 0.5 162
12 92 0.5 162
13 92 0.5 162
12 94 0.5 162
22 42 0.5 39
21 42 0.5 39
21 43 0.5 39
23 43 0.5 39
23 42 0.5 39
24 43 0.5 39
23 44 0.5 39
26 43 0.5 39
26 42 0.5 39
25 43 0.5 39
25 44 0.5 39
25 45 0.5 39
24 44 0.5 39
22 41 0.5 39
21 41 0.5 39
28 39 0.5 39
29 39 0.5 39
27 39 0.5 39
28 38 0.5 39
27 41 0.5 39
27 40 0.5 39
26 41 0.5 39
25 41 0.5 39
33 37 0.5 39
33 38 0.5 39
34 37 0.5 39
30 38 0.5 39
31 38 0.5 39
32 38 0.5 39
30 39 0.5 39
30 40 0.5 39
29 40 0.5 39
32 36 0.5 39
33 36 0.5 39
31 36 0.5 39
31 35 0.5 39
30 35 0.5 39
32 35 0.5 39
20 41 0.5 39
85 0 0.5 60
85 1 0.5 60
84 0 0.5 60
84 99 0.5 60
82 0 0.5 60
83 1 0.5 60
82 1 0.5 60
83 0 0.5 60
84 98 0.5 60
88 1 0.5 60
88 2 0.5 60
87 1 0.5 60
86 1 0.5 60
86 2 0.5 60
92 0 0.5 60
91 0 0.5 60
91 99 0.5 60
90 99 0.5 60
89 99 0.5 60
89 0 0.5 60
88 0 0.5 60
88 98 0.5 60
87 98 0.5 60
86 98 0.5 60
85 98 0.5 60
87 97 0.5 60
87 96 0.5 60
85 97 0.5 60
85 96 0.5 60
87 93 0.5 60
87 94 0.5 60
87 95 0.5 60
86 93 0.5 60
86 92 0.5 60
84 91 0.5 60
85 91 0.5 60
85 93 0.5 60
85 92 0.5 60
94 3 0.5 60
93 3 0.5 60
92 3 0.5 60
96 1 0.5 60
96 2 0.5 60
96 0 0.5 60
97 0 0.5 60
94 2 0.5 60
95 2 0.5 60
97 99 0.5 60
92 2 0.5 60
92 1 0.5 60
97 98 0.5 60
91 2 0.5 60
98 99 0.5 60
99 99 0.5 60
94 4 0.5 60
98 0 0.5 60
90 4 0.5 60
90 3 0.5 60
90 2 0.5 60
94 5 0.5 60
42 46 0.5 16
42 45 0.5 16
42 43 0.5 16
42 44 0.5 16
41 42 0.5 16
41 43 0.5 16
45 42 0.5 16
46 42 0.5 16
46 41 0.5 16
45 43 0.5 16
45 44 0.5 16
46 44 0.5 16
47 44 0.5 16
43 44 0.5 16
44 44 0.5 16
46 40 0.5 16
56 92 0.5 24
55 92 0.5 24
54 91 0.5 24
55 91 0.5 24
55 90 0.5 24
54 87 0.5 24
56 87 0.5 24
56 88 0.5 24
55 87 0.5 24
57 88 0.5 24
56 89 0.5 24
55 89 0.5 24
53 87 0.5 24
50 89 0.5 24
50 90 0.5 24
50 92 0.5 24
50 91 0.5 24
52 92 0.5 24
51 92 0.5 24
52 91 0.5 24
53 90 0.5 24
53 91 0.5 24
49 92 0.5 24
49 91 0.5 24
6 59 0.5 31
5 59 0.5 31
7 60 0.5 31
7 59 0.5 31
2 61 0.5 31
1 61 0.5 31
1 62 0.5 31
2 62 0.5 31
0 62 0.5 31
0 64 0.5 31
0 63 0.5 31
1 65 0.5 31
2 64 0.5 31
1 64 0.5 31
3 61 0.5 31
3 60 0.5 31
3 59 0.5 31
3 64 0.5 31
4 59 0.5 31
4 58 0.5 31
7 55 0.5 31
7 56 0.5 31
7 57 0.5 31
7 58 0.5 31
6 58 0.5 31
5 58 0.5 31
2 66 0.5 31
1 66 0.5 31
99 64 0.5 31
99 65 0.5 31
99 66 0.5 31
79 18 0.5 18
79 19 0.5 18
80 19 0.5 18
80 18 0.5 18
81 19 0.5 18
82 19 0.5 18
82 18 0.5 18
78 17 0.5 18
77 17 0.5 18
77 18 0.5 18
76 17 0.5 18
79 17 0.5 18
75 19 0.5 18
75 18 0.5 18
75 17 0.5 18
74 17 0.5 18
79 15 0.5 18
79 16 0.5 18
60 98 0.5 16
61 98 0.5 16
59 98 0.5 16
58 98 0.5 16
59 99 0.5 16
65 99 0.5 16
65 98 0.5 16
62 99 0.5 16
63 99 0.5 16
64 99 0.5 16
62 98 0.5 16
64 98 0.5 16
66 99 0.5 16
58 99 0.5 16
57 99 0.5 16
56 99 0.5 16
49 59 0.5 15
49 60 0.5 15
50 60 0.5 15
50 59 0.5 15
48 60 0.5 15
51 60 0.5 15
49 61 0.5 15
49 62 0.5 15
50 62 0.5 15
54 60 0.5 15
54 61 0.5 15
52 60 0.5 15
52 61 0.5 15
53 61 0.5 15
52 62 0.5 15
43 33 0.5 1
95 74 0.5 12
95 73 0.5 12
96 75 0.5 12
95 75 0.5 12
96 69 0.5 12
96 70 0.5 12
96 71 0.5 12
97 69 0.5 12
95 70 0.5 12
95 72 0.5 12
96 72 0.5 12
97 72 0.5 12
3 17 0.5 1
22 77 0.5 2
21 77 0.5 2
29 94 0.5 7
29 95 0.5 7
27 92 0.5 7
27 91 0.5 7
28 94 0.5 7
27 93 0.5 7
28 93 0.5 7
57 81 0.5 2
58 81 0.5 2
37 85 0.5 21
37 84 0.5 21
36 85 0.5 21
36 84 0.5 21
33 85 0.5 21
35 85 0.5 21
34 87 0.5 21
34 86 0.5 21
34 85 0.5 21
34 88 0.5 21
32 84 0.5 21
31 85 0.5 21
31 84 0.5 21
29 84 0.5 21
30 84 0.5 21
32 83 0.5 21
33 83 0.5 21
35 83 0.5 21
34 83 0.5 21
32 82 0.5 21
36 83 0.5 21
96 9 0.5 6
96 8 0.5 6
97 9 0.5 6
95 10 0.5 6
96 10 0.5 6
94 10 0.5 6
58 40 0.5 1
18 21 0.5 2
19 21 0.5 2
51 4 0.5 4
50 5 0.5 4
51 5 0.5 4
49 5 0.5 4
1 92 0.5 7
2 91 0.5 7
2 92 0.5 7
1 94 0.5 7
2 94 0.5 7
1 93 0.5 7
3 94 0.5 7
87 42 0.5 1
6 92 0.5 1
27 68 0.5 1
