65 71 0.5 49
67 71 0.5 49
67 72 0.5 49
66 71 0.5 49
65 70 0.5 49
64 71 0.5 49
67 74 0.5 49
68 73 0.5 49
67 73 0.5 49
63 71 0.5 49
63 72 0.5 49
63 74 0.5 49
63 73 0.5 49
62 72 0.5 49
61 69 0.5 49
61 71 0.5 49
61 72 0.5 49
60 72 0.5 49
61 70 0.5 49
60 73 0.5 49
71 71 0.5 49
71 72 0.5 49
71 73 0.5 49
72 73 0.5 49
70 73 0.5 49
69 74 0.5 49
69 73 0.5 49
56 72 0.5 49
55 71 0.5 49
55 70 0.5 49
56 71 0.5 49
54 70 0.5 49
56 73 0.5 49
57 74 0.5 49
56 74 0.5 49
55 69 0.5 49
60 74 0.5 49
59 74 0.5 49
58 74 0.5 49
61 76 0.5 49
60 76 0.5 49
60 75 0.5 49
59 75 0.5 49
57 75 0.5 49
58 75 0.5 49
58 76 0.5 49
56 69 0.5 49
56 68 0.5 49
56 67 0.5 49
3 26 0.5 140
2 26 0.5 140
2 25 0.5 140
8 29 0.5 140
8 30 0.5 140
9 29 0.5 140
7 30 0.5 140
10 29 0.5 140
5 28 0.5 140
5 29 0.5 140
6 29 0.5 140
7 29 0.5 140
4 28 0.5 140
5 30 0.5 140
11 29 0.5 140
12 29 0.5 140
10 28 0.5 140
9 28 0.5 140
14 31 0.5 140
13 31 0.5 140
13 30 0.5 140
13 28 0.5 140
13 29 0.5 140
14 27 0.5 140
14 28 0.5 140
15 32 0.5 140
15 31 0.5 140
5 27 0.5 140
4 27 0.5 140
4 26 0.5 140
18 32 0.5 140
17 32 0.5 140
17 31 0.5 140
16 32 0.5 140
16 33 0.5 140
14 37 0.5 140
14 38 0.5 140
13 41 0.5 140
13 40 0.5 140
13 39 0.5 140
13 38 0.5 140
15 37 0.5 140
15 38 0.5 140
18 34 0.5 140
17 34 0.5 140
18 35 0.5 140
16 34 0.5 140
17 33 0.5 140
19 35 0.5 140
16 35 0.5 140
15 35 0.5 140
15 36 0.5 140
20 36 0.5 140
19 36 0.5 140
19 37 0.5 140
21 36 0.5 140
22 36 0.5 140
23 36 0.5 140
9 31 0.5 140
8 31 0.5 140
9 43 0.5 140
8 43 0.5 140
10 42 0.5 140
11 42 0.5 140
11 43 0.5 140
12 43 0.5 140
10 43 0.5 140
9 42 0.5 140
9 41 0.5 140
9 40 0.5 140
10 40 0.5 140
11 40 0.5 140
12 41 0.5 140
11 41 0.5 140
92 26 0.5 140
92 27 0.5 140
91 28 0.5 140
92 28 0.5 140
90 28 0.5 140
93 28 0.5 140
93 27 0.5 140
91 27 0.5 140
95 27 0.5 140
94 27 0.5 140
90 24 0.5 140
90 25 0.5 140
90 26 0.5 140
90 27 0.5 140
91 24 0.5 140
90 30 0.5 140
90 29 0.5 140
92 30 0.5 140
91 30 0.5 140
93 30 0.5 140
95 31 0.5 140
95 32 0.5 140
96 32 0.5 140
96 30 0.5 140
95 30 0.5 140
94 30 0.5 140
98 29 0.5 140
99 29 0.5 140
0 29 0.5 140
0 28 0.5 140
98 30 0.5 140
97 29 0.5 140
96 29 0.5 140
96 28 0.5 140
2 28 0.5 140
1 28 0.5 140
3 30 0.5 140
4 30 0.5 140
2 31 0.5 140
2 30 0.5 140
2 29 0.5 140
90 31 0.5 140
89 31 0.5 140
2 33 0.5 140
3 32 0.5 140
2 32 0.5 140
1 43 0.5 140
2 43 0.5 140
3 43 0.5 140
0 43 0.5 140
7 43 0.5 140
6 43 0.5 140
6 44 0.5 140
5 44 0.5 140
4 43 0.5 140
5 43 0.5 140
4 42 0.5 140
7 44 0.5 140
1 42 0.5 140
7 46 0.5 140
7 45 0.5 140
8 45 0.5 140
2 39 0.5 140
1 40 0.5 140
1 41 0.5 140
2 40 0.5 140
14 73 0.5 40
13 73 0.5 40
13 71 0.5 40
12 71 0.5 40
13 72 0.5 40
11 74 0.5 40
12 74 0.5 40
10 74 0.5 40
13 74 0.5 40
9 74 0.5 40
7 76 0.5 40
9 75 0.5 40
9 76 0.5 40
8 76 0.5 40
9 79 0.5 40
8 79 0.5 40
8 78 0.5 40
8 77 0.5 40
8 80 0.5 40
9 77 0.5 40
10 77 0.5 40
11 77 0.5 40
6 75 0.5 40
7 75 0.5 40
5 75 0.5 40
3 78 0.5 40
4 76 0.5 40
3 76 0.5 40
3 77 0.5 40
4 75 0.5 40
2 79 0.5 40
3 79 0.5 40
3 80 0.5 40
4 80 0.5 40
4 81 0.5 40
2 77 0.5 40
4 82 0.5 40
4 83 0.5 40
3 84 0.5 40
4 84 0.5 40
69 28 0.5 80
67 28 0.5 80
68 28 0.5 80
70 28 0.5 80
72 28 0.5 80
71 28 0.5 80
72 27 0.5 80
71 29 0.5 80
71 30 0.5 80
64 28 0.5 80
64 27 0.5 80
66 28 0.5 80
65 28 0.5 80
65 27 0.5 80
65 26 0.5 80
72 26 0.5 80
63 24 0.5 80
65 25 0.5 80
64 25 0.5 80
63 25 0.5 80
64 26 0.5 80
62 24 0.5 80
65 24 0.5 80
58 22 0.5 80
58 20 0.5 80
59 20 0.5 80
59 22 0.5 80
59 21 0.5 80
60 23 0.5 80
60 22 0.5 80
61 22 0.5 80
62 22 0.5 80
62 21 0.5 80
61 20 0.5 80
62 20 0.5 80
63 20 0.5 80
58 23 0.5 80
63 22 0.5 80
64 22 0.5 80
67 22 0.5 80
66 22 0.5 80
65 22 0.5 80
57 19 0.5 80
55 19 0.5 80
56 19 0.5 80
57 20 0.5 80
63 23 0.5 80
55 21 0.5 80
53 20 0.5 80
53 19 0.5 80
53 21 0.5 80
54 20 0.5 80
54 21 0.5 80
55 20 0.5 80
53 16 0.5 80
53 17 0.5 80
53 18 0.5 80
52 21 0.5 80
51 22 0.5 80
51 21 0.5 80
62 30 0.5 80
63 30 0.5 80
61 30 0.5 80
59 28 0.5 80
60 28 0.5 80
58 28 0.5 80
61 29 0.5 80
60 29 0.5 80
58 25 0.5 80
58 26 0.5 80
58 27 0.5 80
60 30 0.5 80
64 30 0.5 80
64 29 0.5 80
64 31 0.5 80
57 27 0.5 80
57 28 0.5 80
60 31 0.5 80
58 30 0.5 80
58 29 0.5 80
27 55 0.5 84
27 54 0.5 84
25 55 0.5 84
25 56 0.5 84
26 55 0.5 84
24 52 0.5 84
25 54 0.5 84
25 52 0.5 84
25 53 0.5 84
26 60 0.5 84
27 60 0.5 84
25 60 0.5 84
24 61 0.5 84
25 61 0.5 84
26 61 0.5 84
27 58 0.5 84
26 58 0.5 84
25 59 0.5 84
25 58 0.5 84
24 57 0.5 84
24 58 0.5 84
28 60 0.5 84
28 59 0.5 84
28 61 0.5 84
29 60 0.5 84
28 58 0.5 84
29 58 0.5 84
30 61 0.5 84
31 61 0.5 84
29 61 0.5 84
30 60 0.5 84
30 57 0.5 84
29 57 0.5 84
28 55 0.5 84
29 55 0.5 84
29 56 0.5 84
28 56 0.5 84
24 51 0.5 84
23 57 0.5 84
38 65 0.5 84
39 65 0.5 84
40 65 0.5 84
40 66 0.5 84
37 65 0.5 84
37 64 0.5 84
34 57 0.5 84
35 59 0.5 84
34 58 0.5 84
34 59 0.5 84
41 60 0.5 84
40 60 0.5 84
39 60 0.5 84
38 60 0.5 84
37 60 0.5 84
36 58 0.5 84
37 59 0.5 84
36 59 0.5 84
41 59 0.5 84
41 58 0.5 84
41 57 0.5 84
42 56 0.5 84
42 55 0.5 84
42 57 0.5 84
34 60 0.5 84
41 63 0.5 84
40 63 0.5 84
39 63 0.5 84
39 61 0.5 84
39 62 0.5 84
42 63 0.5 84
41 64 0.5 84
40 64 0.5 84
43 64 0.5 84
43 63 0.5 84
33 56 0.5 84
32 56 0.5 84
34 56 0.5 84
32 58 0.5 84
32 57 0.5 84
31 57 0.5 84
31 56 0.5 84
35 55 0.5 84
35 54 0.5 84
34 55 0.5 84
75 36 0.5 65
76 36 0.5 65
76 37 0.5 65
74 35 0.5 65
73 35 0.5 65
74 36 0.5 65
74 34 0.5 65
76 35 0.5 65
77 35 0.5 65
78 35 0.5 65
79 35 0.5 65
80 35 0.5 65
78 36 0.5 65
81 35 0.5 65
81 36 0.5 65
80 36 0.5 65
80 37 0.5 65
82 35 0.5 65
82 34 0.5 65
72 37 0.5 65
72 38 0.5 65
71 38 0.5 65
73 37 0.5 65
74 39 0.5 65
74 38 0.5 65
73 39 0.5 65
72 39 0.5 65
75 39 0.5 65
74 40 0.5 65
72 36 0.5 65
73 36 0.5 65
72 42 0.5 65
73 42 0.5 65
71 42 0.5 65
71 43 0.5 65
71 44 0.5 65
71 45 0.5 65
70 46 0.5 65
70 47 0.5 65
70 45 0.5 65
71 48 0.5 65
70 48 0.5 65
69 44 0.5 65
70 44 0.5 65
71 41 0.5 65
71 40 0.5 65
71 39 0.5 65
70 39 0.5 65
66 53 0.5 65
67 53 0.5 65
67 55 0.5 65
67 54 0.5 65
68 54 0.5 65
65 53 0.5 65
69 54 0.5 65
70 54 0.5 65
71 54 0.5 65
72 51 0.5 65
72 50 0.5 65
72 49 0.5 65
71 49 0.5 65
72 53 0.5 65
71 53 0.5 65
72 52 0.5 65
73 49 0.5 65
86 78 0.5 92
86 79 0.5 92
86 77 0.5 92
88 78 0.5 92
88 79 0.5 92
88 77 0.5 92
87 79 0.5 92
88 76 0.5 92
86 76 0.5 92
87 76 0.5 92
86 74 0.5 92
86 75 0.5 92
87 74 0.5 92
85 76 0.5 92
85 75 0.5 92
88 84 0.5 92
89 84 0.5 92
87 84 0.5 92
87 83 0.5 92
88 85 0.5 92
85 82 0.5 92
86 82 0.5 92
86 81 0.5 92
87 82 0.5 92
86 80 0.5 92
87 80 0.5 92
90 84 0.5 92
83 73 0.5 92
83 72 0.5 92
82 71 0.5 92
83 71 0.5 92
83 74 0.5 92
83 75 0.5 92
82 74 0.5 92
84 75 0.5 92
84 79 0.5 92
84 78 0.5 92
83 78 0.5 92
82 76 0.5 92
83 76 0.5 92
82 77 0.5 92
82 78 0.5 92
81 76 0.5 92
80 76 0.5 92
91 60 0.5 92
92 60 0.5 92
93 60 0.5 92
93 59 0.5 92
90 60 0.5 92
94 59 0.5 92
91 59 0.5 92
88 62 0.5 92
88 61 0.5 92
89 61 0.5 92
88 65 0.5 92
88 63 0.5 92
88 64 0.5 92
89 60 0.5 92
94 58 0.5 92
92 62 0.5 92
92 61 0.5 92
92 63 0.5 92
93 63 0.5 92
94 63 0.5 92
91 62 0.5 92
93 58 0.5 92
93 56 0.5 92
93 57 0.5 92
94 57 0.5 92
91 56 0.5 92
92 56 0.5 92
88 66 0.5 92
88 67 0.5 92
98 58 0.5 92
97 58 0.5 92
96 58 0.5 92
97 57 0.5 92
98 59 0.5 92
95 56 0.5 92
95 57 0.5 92
95 58 0.5 92
99 58 0.5 92
86 68 0.5 92
87 68 0.5 92
88 68 0.5 92
83 69 0.5 92
83 68 0.5 92
83 70 0.5 92
85 69 0.5 92
86 69 0.5 92
84 69 0.5 92
82 68 0.5 92
36 13 0.5 162
36 12 0.5 162
35 12 0.5 162
32 13 0.5 162
32 12 0.5 162
33 12 0.5 162
34 12 0.5 162
31 13 0.5 162
30 13 0.5 162
30 14 0.5 162
30 12 0.5 162
28 15 0.5 162
28 16 0.5 162
30 15 0.5 162
29 15 0.5 162
29 13 0.5 162
27 15 0.5 162
36 14 0.5 162
36 15 0.5 162
31 21 0.5 162
32 20 0.5 162
31 20 0.5 162
30 20 0.5 162
30 16 0.5 162
30 18 0.5 162
30 17 0.5 162
30 19 0.5 162
31 19 0.5 162
29 17 0.5 162
39 19 0.5 162
39 18 0.5 162
37 18 0.5 162
38 18 0.5 162
40 18 0.5 162
37 19 0.5 162
37 20 0.5 162
36 19 0.5 162
37 17 0.5 162
37 16 0.5 162
37 15 0.5 162
39 3 0.5 162
39 4 0.5 162
40 4 0.5 162
37 6 0.5 162
38 6 0.5 162
38 7 0.5 162
39 6 0.5 162
39 5 0.5 162
38 13 0.5 162
38 11 0.5 162
37 12 0.5 162
38 12 0.5 162
38 10 0.5 162
38 9 0.5 162
38 8 0.5 162
28 7 0.5 162
28 6 0.5 162
28 5 0.5 162
27 9 0.5 162
27 7 0.5 162
27 8 0.5 162
26 9 0.5 162
25 9 0.5 162
24 9 0.5 162
31 9 0.5 162
31 10 0.5 162
30 9 0.5 162
30 8 0.5 162
31 11 0.5 162
30 11 0.5 162
29 8 0.5 162
29 7 0.5 162
24 8 0.5 162
24 0 0.5 162
23 0 0.5 162
24 1 0.5 162
23 1 0.5 162
24 99 0.5 162
23 98 0.5 162
23 99 0.5 162
22 98 0.5 162
21 98 0.5 162
24 98 0.5 162
23 97 0.5 162
22 97 0.5 162
21 97 0.5 162
25 0 0.5 162
20 6 0.5 162
20 5 0.5 162
21 4 0.5 162
21 5 0.5 162
22 3 0.5 162
21 3 0.5 162
22 2 0.5 162
23 2 0.5 162
25 3 0.5 162
26 4 0.5 162
25 4 0.5 162
27 4 0.5 162
28 4 0.5 162
24 2 0.5 162
24 3 0.5 162
23 3 0.5 162
41 4 0.5 162
42 4 0.5 162
42 3 0.5 162
42 2 0.5 162
28 3 0.5 162
28 2 0.5 162
16 4 0.5 162
17 5 0.5 162
16 5 0.5 162
17 6 0.5 162
15 5 0.5 162
14 4 0.5 162
15 4 0.5 162
13 4 0.5 162
13 5 0.5 162
17 1 0.5 162
16 1 0.5 162
17 3 0.5 162
16 3 0.5 162
16 2 0.5 162
17 4 0.5 162
16 0 0.5 162
17 0 0.5 162
18 0 0.5 162
17 99 0.5 162
17 98 0.5 162
16 99 0.5 162
15 98 0.5 162
16 98 0.5 162
14 98 0.5 162
18 4 0.5 162
19 3 0.5 162
19 5 0.5 162
19 4 0.5 162
13 98 0.5 162
13 97 0.5 162
12 97 0.5 162
12 98 0.5 162
11 96 0.5 162
12 96 0.5 162
10 96 0.5 162
17 95 0.5 162
17 96 0.5 162
16 97 0.5 162
17 97 0.5 162
16 95 0.5 162
15 95 0.5 162
15 94 0.5 162
14 95 0.5 162
10 95 0.5 162
17 94 0.5 162
8 93 0.5 162
9 93 0.5 162
8 92 0.5 162
9 92 0.5 162
10 93 0.5 162
10 92 0.5 162
11 92 0.5 162
10 94 0.5 162
21 41 0.5 39
20 41 0.5 39
20 42 0.5 39
22 42 0.5 39
22 41 0.5 39
23 42 0.5 39
22 43 0.5 39
25 42 0.5 39
25 41 0.5 39
24 42 0.5 39
24 43 0.5 39
24 44 0.5 39
23 43 0.5 39
21 40 0.5 39
20 40 0.5 39
27 38 0.5 39
28 38 0.5 39
26 38 0.5 39
27 37 0.5 39
26 40 0.5 39
26 39 0.5 39
25 40 0.5 39
24 40 0.5 39
32 36 0.5 39
32 37 0.5 39
33 36 0.5 39
29 37 0.5 39
30 37 0.5 39
31 37 0.5 39
29 38 0.5 39
29 39 0.5 39
28 39 0.5 39
31 35 0.5 39
32 35 0.5 39
30 35 0.5 39
30 34 0.5 39
29 34 0.5 39
31 34 0.5 39
19 40 0.5 39
87 0 0.5 60
87 1 0.5 60
86 0 0.5 60
86 99 0.5 60
84 0 0.5 60
85 1 0.5 60
84 1 0.5 60
85 0 0.5 60
86 98 0.5 60
90 1 0.5 60
90 2 0.5 60
89 1 0.5 60
88 1 0.5 60
88 2 0.5 60
94 0 0.5 60
93 0 0.5 60
93 99 0.5 60
92 99 0.5 60
91 99 0.5 60
91 0 0.5 60
90 0 0.5 60
90 98 0.5 60
89 98 0.5 60
88 98 0.5 60
87 98 0.5 60
89 97 0.5 60
89 96 0.5 60
87 97 0.5 60
87 96 0.5 60
89 93 0.5 60
89 94 0.5 60
89 95 0.5 60
88 93 0.5 60
88 92 0.5 60
86 91 0.5 60
87 91 0.5 60
87 93 0.5 60
87 92 0.5 60
96 3 0.5 60
95 3 0.5 60
94 3 0.5 60
98 1 0.5 60
98 2 0.5 60
98 0 0.5 60
99 0 0.5 60
96 2 0.5 60
97 2 0.5 60
99 99 0.5 60
94 2 0.5 60
94 1 0.5 60
99 98 0.5 60
93 2 0.5 60
0 99 0.5 60
1 99 0.5 60
96 4 0.5 60
0 0 0.5 60
92 4 0.5 60
92 3 0.5 60
92 2 0.5 60
96 5 0.5 60
43 45 0.5 16
43 44 0.5 16
43 42 0.5 16
43 43 0.5 16
42 41 0.5 16
42 42 0.5 16
46 41 0.5 16
47 41 0.5 16
47 40 0.5 16
46 42 0.5 16
46 43 0.5 16
47 43 0.5 16
48 43 0.5 16
44 43 0.5 16
45 43 0.5 16
47 39 0.5 16
57 93 0.5 24
56 93 0.5 24
55 92 0.5 24
56 92 0.5 24
56 91 0.5 24
55 88 0.5 24
57 88 0.5 24
57 89 0.5 24
56 88 0.5 24
58 89 0.5 24
57 90 0.5 24
56 90 0.5 24
54 88 0.5 24
51 90 0.5 24
51 91 0.5 24
51 93 0.5 24
51 92 0.5 24
53 93 0.5 24
52 93 0.5 24
53 92 0.5 24
54 91 0.5 24
54 92 0.5 24
50 93 0.5 24
50 92 0.5 24
5 58 0.5 31
4 58 0.5 31
6 59 0.5 31
6 58 0.5 31
1 60 0.5 31
0 60 0.5 31
0 61 0.5 31
1 61 0.5 31
99 61 0.5 31
99 63 0.5 31
99 62 0.5 31
0 64 0.5 31
1 63 0.5 31
0 63 0.5 31
2 60 0.5 31
2 59 0.5 31
2 58 0.5 31
2 63 0.5 31
3 58 0.5 31
3 57 0.5 31
6 54 0.5 31
6 55 0.5 31
6 56 0.5 31
6 57 0.5 31
5 57 0.5 31
4 57 0.5 31
1 65 0.5 31
0 65 0.5 31
98 63 0.5 31
98 64 0.5 31
98 65 0.5 31
77 18 0.5 18
77 19 0.5 18
78 19 0.5 18
78 18 0.5 18
79 19 0.5 18
80 19 0.5 18
80 18 0.5 18
76 17 0.5 18
75 17 0.5 18
75 18 0.5 18
74 17 0.5 18
77 17 0.5 18
73 19 0.5 18
73 18 0.5 18
73 17 0.5 18
72 17 0.5 18
77 15 0.5 18
77 16 0.5 18
61 99 0.5 16
62 99 0.5 16
60 99 0.5 16
59 99 0.5 16
60 0 0.5 16
66 0 0.5 16
66 99 0.5 16
63 0 0.5 16
64 0 0.5 16
65 0 0.5 16
63 99 0.5 16
65 99 0.5 16
67 0 0.5 16
59 0 0.5 16
58 0 0.5 16
57 0 0.5 16
49 59 0.5 15
49 60 0.5 15
50 60 0.5 15
50 59 0.5 15
48 60 0.5 15
51 60 0.5 15
49 61 0.5 15
49 62 0.5 15
50 62 0.5 15
54 60 0.5 15
54 61 0.5 15
52 60 0.5 15
52 61 0.5 15
53 61 0.5 15
52 62 0.5 15
42 34 0.5 1
95 74 0.5 12
95 73 0.5 12
96 75 0.5 12
95 75 0.5 12
96 69 0.5 12
96 70 0.5 12
96 71 0.5 12
97 69 0.5 12
95 70 0.5 12
95 72 0.5 12
96 72 0.5 12
97 72 0.5 12
3 17 0.5 1
21 78 0.5 2
20 78 0.5 2
29 94 0.5 7
29 95 0.5 7
27 92 0.5 7
27 91 0.5 7
28 94 0.5 7
27 93 0.5 7
28 93 0.5 7
59 81 0.5 2
60 81 0.5 2
38 86 0.5 21
38 85 0.5 21
37 86 0.5 21
37 85 0.5 21
34 86 0.5 21
36 86 0.5 21
35 88 0.5 21
35 87 0.5 21
35 86 0.5 21
35 89 0.5 21
33 85 0.5 21
32 86 0.5 21
32 85 0.5 21
30 85 0.5 21
31 85 0.5 21
33 84 0.5 21
34 84 0.5 21
36 84 0.5 21
35 84 0.5 21
33 83 0.5 21
37 84 0.5 21
95 8 0.5 6
95 7 0.5 6
96 8 0.5 6
94 9 0.5 6
95 9 0.5 6
93 9 0.5 6
57 39 0.5 1
20 21 0.5 2
21 21 0.5 2
50 5 0.5 4
49 6 0.5 4
50 6 0.5 4
48 6 0.5 4
0 93 0.5 7
1 92 0.5 7
1 93 0.5 7
0 95 0.5 7
1 95 0.5 7
0 94 0.5 7
2 95 0.5 7
86 41 0.5 1
5 93 0.5 1
28 69 0.5 1
