64 71 0.5 49
66 71 0.5 49
66 72 0.5 49
65 71 0.5 49
64 70 0.5 49
63 71 0.5 49
66 74 0.5 49
67 73 0.5 49
66 73 0.5 49
62 71 0.5 49
62 72 0.5 49
62 74 0.5 49
62 73 0.5 49
61 72 0.5 49
60 69 0.5 49
60 71 0.5 49
60 72 0.5 49
59 72 0.5 49
60 70 0.5 49
59 73 0.5 49
70 71 0.5 49
70 72 0.5 49
70 73 0.5 49
71 73 0.5 49
69 73 0.5 49
68 74 0.5 49
68 73 0.5 49
55 72 0.5 49
54 71 0.5 49
54 70 0.5 49
55 71 0.5 49
53 70 0.5 49
55 73 0.5 49
56 74 0.5 49
55 74 0.5 49
54 69 0.5 49
59 74 0.5 49
58 74 0.5 49
57 74 0.5 49
60 76 0.5 49
59 76 0.5 49
59 75 0.5 49
58 75 0.5 49
56 75 0.5 49
57 75 0.5 49
57 76 0.5 49
55 69 0.5 49
55 68 0.5 49
55 67 0.5 49
3 25 0.5 140
2 25 0.5 140
2 24 0.5 140
8 28 0.5 140
8 29 0.5 140
9 28 0.5 140
7 29 0.5 140
10 28 0.5 140
5 27 0.5 140
5 28 0.5 140
6 28 0.5 140
7 28 0.5 140
4 27 0.5 140
5 29 0.5 140
11 28 0.5 140
12 28 0.5 140
10 27 0.5 140
9 27 0.5 140
14 30 0.5 140
13 30 0.5 140
13 29 0.5 140
13 27 0.5 140
13 28 0.5 140
14 26 0.5 140
14 27 0.5 140
15 31 0.5 140
15 30 0.5 140
5 26 0.5 140
4 26 0.5 140
4 25 0.5 140
18 31 0.5 140
17 31 0.5 140
17 30 0.5 140
16 31 0.5 140
16 32 0.5 140
14 36 0.5 140
14 37 0.5 140
13 40 0.5 140
13 39 0.5 140
13 38 0.5 140
13 37 0.5 140
15 36 0.5 140
15 37 0.5 140
18 33 0.5 140
17 33 0.5 140
18 34 0.5 140
16 33 0.5 140
17 32 0.5 140
19 34 0.5 140
16 34 0.5 140
15 34 0.5 140
15 35 0.5 140
20 35 0.5 140
19 35 0.5 140
19 36 0.5 140
21 35 0.5 140
22 35 0.5 140
23 35 0.5 140
9 30 0.5 140
8 30 0.5 140
9 42 0.5 140
8 42 0.5 140
10 41 0.5 140
11 41 0.5 140
11 42 0.5 140
12 42 0.5 140
10 42 0.5 140
9 41 0.5 140
9 40 0.5 140
9 39 0.5 140
10 39 0.5 140
11 39 0.5 140
12 40 0.5 140
11 40 0.5 140
92 25 0.5 140
92 26 0.5 140
91 27 0.5 140
92 27 0.5 140
90 27 0.5 140
93 27 0.5 140
93 26 0.5 140
91 26 0.5 140
95 26 0.5 140
94 26 0.5 140
90 23 0.5 140
90 24 0.5 140
90 25 0.5 140
90 26 0.5 140
91 23 0.5 140
90 29 0.5 140
90 28 0.5 140
92 29 0.5 140
91 29 0.5 140
93 29 0.5 140
95 30 0.5 140
95 31 0.5 140
96 31 0.5 140
96 29 0.5 140
95 29 0.5 140
94 29 0.5 140
98 28 0.5 140
99 28 0.5 140
0 28 0.5 140
0 27 0.5 140
98 29 0.5 140
97 28 0.5 140
96 28 0.5 140
96 27 0.5 140
2 27 0.5 140
1 27 0.5 140
3 29 0.5 140
4 29 0.5 140
2 30 0.5 140
2 29 0.5 140
2 28 0.5 140
90 30 0.5 140
89 30 0.5 140
2 32 0.5 140
3 31 0.5 140
2 31 0.5 140
1 42 0.5 140
2 42 0.5 140
3 42 0.5 140
0 42 0.5 140
7 42 0.5 140
6 42 0.5 140
6 43 0.5 140
5 43 0.5 140
4 42 0.5 140
5 42 0.5 140
4 41 0.5 140
7 43 0.5 140
1 41 0.5 140
7 45 0.5 140
7 44 0.5 140
8 44 0.5 140
2 38 0.5 140
1 39 0.5 140
1 40 0.5 140
2 39 0.5 140
14 72 0.5 40
13 72 0.5 40
13 70 0.5 40
12 70 0.5 40
13 71 0.5 40
11 73 0.5 40
12 73 0.5 40
10 73 0.5 40
13 73 0.5 40
9 73 0.5 40
7 75 0.5 40
9 74 0.5 40
9 75 0.5 40
8 75 0.5 40
9 78 0.5 40
8 78 0.5 40
8 77 0.5 40
8 76 0.5 40
8 79 0.5 40
9 76 0.5 40
10 76 0.5 40
11 76 0.5 40
6 74 0.5 40
7 74 0.5 40
5 74 0.5 40
3 77 0.5 40
4 75 0.5 40
3 75 0.5 40
3 76 0.5 40
4 74 0.5 40
2 78 0.5 40
3 78 0.5 40
3 79 0.5 40
4 79 0.5 40
4 80 0.5 40
2 76 0.5 40
4 81 0.5 40
4 82 0.5 40
3 83 0.5 40
4 83 0.5 40
68 28 0.5 80
66 28 0.5 80
67 28 0.5 80
69 28 0.5 80
71 28 0.5 80
70 28 0.5 80
71 27 0.5 80
70 29 0.5 80
70 30 0.5 80
63 28 0.5 80
63 27 0.5 80
65 28 0.5 80
64 28 0.5 80
64 27 0.5 80
64 26 0.5 80
71 26 0.5 80
62 24 0.5 80
64 25 0.5 80
63 25 0.5 80
62 25 0.5 80
63 26 0.5 80
61 24 0.5 80
64 24 0.5 80
57 22 0.5 80
57 20 0.5 80
58 20 0.5 80
58 22 0.5 80
58 21 0.5 80
59 23 0.5 80
59 22 0.5 80
60 22 0.5 80
61 22 0.5 80
61 21 0.5 80
60 20 0.5 80
61 20 0.5 80
62 20 0.5 80
57 23 0.5 80
62 22 0.5 80
63 22 0.5 80
66 22 0.5 80
65 22 0.5 80
64 22 0.5 80
56 19 0.5 80
54 19 0.5 80
55 19 0.5 80
56 20 0.5 80
62 23 0.5 80
54 21 0.5 80
52 20 0.5 80
52 19 0.5 80
52 21 0.5 80
53 20 0.5 80
53 21 0.5 80
54 20 0.5 80
52 16 0.5 80
52 17 0.5 80
52 18 0.5 80
51 21 0.5 80
50 22 0.5 80
50 21 0.5 80
61 30 0.5 80
62 30 0.5 80
60 30 0.5 80
58 28 0.5 80
59 28 0.5 80
57 28 0.5 80
60 29 0.5 80
59 29 0.5 80
57 25 0.5 80
57 26 0.5 80
57 27 0.5 80
59 30 0.5 80
63 30 0.5 80
63 29 0.5 80
63 31 0.5 80
56 27 0.5 80
56 28 0.5 80
59 31 0.5 80
57 30 0.5 80
57 29 0.5 80
27 54 0.5 84
27 53 0.5 84
25 54 0.5 84
25 55 0.5 84
26 54 0.5 84
24 51 0.5 84
25 53 0.5 84
25 51 0.5 84
25 52 0.5 84
26 59 0.5 84
27 59 0.5 84
25 59 0.5 84
24 60 0.5 84
25 60 0.5 84
26 60 0.5 84
27 57 0.5 84
26 57 0.5 84
25 58 0.5 84
25 57 0.5 84
24 56 0.5 84
24 57 0.5 84
28 59 0.5 84
28 58 0.5 84
28 60 0.5 84
29 59 0.5 84
28 57 0.5 84
29 57 0.5 84
30 60 0.5 84
31 60 0.5 84
29 60 0.5 84
30 59 0.5 84
30 56 0.5 84
29 56 0.5 84
28 54 0.5 84
29 54 0.5 84
29 55 0.5 84
28 55 0.5 84
24 50 0.5 84
23 56 0.5 84
38 64 0.5 84
39 64 0.5 84
40 64 0.5 84
40 65 0.5 84
37 64 0.5 84
37 63 0.5 84
34 56 0.5 84
35 58 0.5 84
34 57 0.5 84
34 58 0.5 84
41 59 0.5 84
40 59 0.5 84
39 59 0.5 84
38 59 0.5 84
37 59 0.5 84
36 57 0.5 84
37 58 0.5 84
36 58 0.5 84
41 58 0.5 84
41 57 0.5 84
41 56 0.5 84
42 55 0.5 84
42 54 0.5 84
42 56 0.5 84
34 59 0.5 84
41 62 0.5 84
40 62 0.5 84
39 62 0.5 84
39 60 0.5 84
39 61 0.5 84
42 62 0.5 84
41 63 0.5 84
40 63 0.5 84
43 63 0.5 84
43 62 0.5 84
33 55 0.5 84
32 55 0.5 84
34 55 0.5 84
32 57 0.5 84
32 56 0.5 84
31 56 0.5 84
31 55 0.5 84
35 54 0.5 84
35 53 0.5 84
34 54 0.5 84
75 35 0.5 65
76 35 0.5 65
76 36 0.5 65
74 34 0.5 65
73 34 0.5 65
74 35 0.5 65
74 33 0.5 65
76 34 0.5 65
77 34 0.5 65
78 34 0.5 65
79 34 0.5 65
80 34 0.5 65
78 35 0.5 65
81 34 0.5 65
81 35 0.5 65
80 35 0.5 65
80 36 0.5 65
82 34 0.5 65
82 33 0.5 65
72 36 0.5 65
72 37 0.5 65
71 37 0.5 65
73 36 0.5 65
74 38 0.5 65
74 37 0.5 65
73 38 0.5 65
72 38 0.5 65
75 38 0.5 65
74 39 0.5 65
72 35 0.5 65
73 35 0.5 65
72 41 0.5 65
73 41 0.5 65
71 41 0.5 65
71 42 0.5 65
71 43 0.5 65
71 44 0.5 65
70 45 0.5 65
70 46 0.5 65
70 44 0.5 65
71 47 0.5 65
70 47 0.5 65
69 43 0.5 65
70 43 0.5 65
71 40 0.5 65
71 39 0.5 65
71 38 0.5 65
70 38 0.5 65
66 52 0.5 65
67 52 0.5 65
67 54 0.5 65
67 53 0.5 65
68 53 0.5 65
65 52 0.5 65
69 53 0.5 65
70 53 0.5 65
71 53 0.5 65
72 50 0.5 65
72 49 0.5 65
72 48 0.5 65
71 48 0.5 65
72 52 0.5 65
71 52 0.5 65
72 51 0.5 65
73 48 0.5 65
86 79 0.5 92
86 80 0.5 92
86 78 0.5 92
88 79 0.5 92
88 80 0.5 92
88 78 0.5 92
87 80 0.5 92
88 77 0.5 92
86 77 0.5 92
87 77 0.5 92
86 75 0.5 92
86 76 0.5 92
87 75 0.5 92
85 77 0.5 92
85 76 0.5 92
88 85 0.5 92
89 85 0.5 92
87 85 0.5 92
87 84 0.5 92
88 86 0.5 92
85 83 0.5 92
86 83 0.5 92
86 82 0.5 92
87 83 0.5 92
86 81 0.5 92
87 81 0.5 92
90 85 0.5 92
83 74 0.5 92
83 73 0.5 92
82 72 0.5 92
83 72 0.5 92
83 75 0.5 92
83 76 0.5 92
82 75 0.5 92
84 76 0.5 92
84 80 0.5 92
84 79 0.5 92
83 79 0.5 92
82 77 0.5 92
83 77 0.5 92
82 78 0.5 92
82 79 0.5 92
81 77 0.5 92
80 77 0.5 92
91 61 0.5 92
92 61 0.5 92
93 61 0.5 92
93 60 0.5 92
90 61 0.5 92
94 60 0.5 92
91 60 0.5 92
88 63 0.5 92
88 62 0.5 92
89 62 0.5 92
88 66 0.5 92
88 64 0.5 92
88 65 0.5 92
89 61 0.5 92
94 59 0.5 92
92 63 0.5 92
92 62 0.5 92
92 64 0.5 92
93 64 0.5 92
94 64 0.5 92
91 63 0.5 92
93 59 0.5 92
93 57 0.5 92
93 58 0.5 92
94 58 0.5 92
91 57 0.5 92
92 57 0.5 92
88 67 0.5 92
88 68 0.5 92
98 59 0.5 92
97 59 0.5 92
96 59 0.5 92
97 58 0.5 92
98 60 0.5 92
95 57 0.5 92
95 58 0.5 92
95 59 0.5 92
99 59 0.5 92
86 69 0.5 92
87 69 0.5 92
88 69 0.5 92
83 70 0.5 92
83 69 0.5 92
83 71 0.5 92
85 70 0.5 92
86 70 0.5 92
84 70 0.5 92
82 69 0.5 92
35 13 0.5 162
35 12 0.5 162
34 12 0.5 162
31 13 0.5 162
31 12 0.5 162
32 12 0.5 162
33 12 0.5 162
30 13 0.5 162
29 13 0.5 162
29 14 0.5 162
29 12 0.5 162
27 15 0.5 162
27 16 0.5 162
29 15 0.5 162
28 15 0.5 162
28 13 0.5 162
26 15 0.5 162
35 14 0.5 162
35 15 0.5 162
30 21 0.5 162
31 20 0.5 162
30 20 0.5 162
29 20 0.5 162
29 16 0.5 162
29 18 0.5 162
29 17 0.5 162
29 19 0.5 162
30 19 0.5 162
28 17 0.5 162
38 19 0.5 162
38 18 0.5 162
36 18 0.5 162
37 18 0.5 162
39 18 0.5 162
36 19 0.5 162
36 20 0.5 162
35 19 0.5 162
36 17 0.5 162
36 16 0.5 162
36 15 0.5 162
38 3 0.5 162
38 4 0.5 162
39 4 0.5 162
36 6 0.5 162
37 6 0.5 162
37 7 0.5 162
38 6 0.5 162
38 5 0.5 162
37 13 0.5 162
37 11 0.5 162
36 12 0.5 162
37 12 0.5 162
37 10 0.5 162
37 9 0.5 162
37 8 0.5 162
27 7 0.5 162
27 6 0.5 162
27 5 0.5 162
26 9 0.5 162
26 7 0.5 162
26 8 0.5 162
25 9 0.5 162
24 9 0.5 162
23 9 0.5 162
30 9 0.5 162
30 10 0.5 162
29 9 0.5 162
29 8 0.5 162
30 11 0.5 162
29 11 0.5 162
28 8 0.5 162
28 7 0.5 162
23 8 0.5 162
23 0 0.5 162
22 0 0.5 162
23 1 0.5 162
22 1 0.5 162
23 99 0.5 162
22 98 0.5 162
22 99 0.5 162
21 98 0.5 162
20 98 0.5 162
23 98 0.5 162
22 97 0.5 162
21 97 0.5 162
20 97 0.5 162
24 0 0.5 162
19 6 0.5 162
19 5 0.5 162
20 4 0.5 162
20 5 0.5 162
21 3 0.5 162
20 3 0.5 162
21 2 0.5 162
22 2 0.5 162
24 3 0.5 162
25 4 0.5 162
24 4 0.5 162
26 4 0.5 162
27 4 0.5 162
23 2 0.5 162
23 3 0.5 162
22 3 0.5 162
40 4 0.5 162
41 4 0.5 162
41 3 0.5 162
41 2 0.5 162
27 3 0.5 162
27 2 0.5 162
15 4 0.5 162
16 5 0.5 162
15 5 0.5 162
16 6 0.5 162
14 5 0.5 162
13 4 0.5 162
14 4 0.5 162
12 4 0.5 162
12 5 0.5 162
16 1 0.5 162
15 1 0.5 162
16 3 0.5 162
15 3 0.5 162
15 2 0.5 162
16 4 0.5 162
15 0 0.5 162
16 0 0.5 162
17 0 0.5 162
16 99 0.5 162
16 98 0.5 162
15 99 0.5 162
14 98 0.5 162
15 98 0.5 162
13 98 0.5 162
17 4 0.5 162
18 3 0.5 162
18 5 0.5 162
18 4 0.5 162
12 98 0.5 162
12 97 0.5 162
11 97 0.5 162
11 98 0.5 162
10 96 0.5 162
11 96 0.5 162
9 96 0.5 162
16 95 0.5 162
16 96 0.5 162
15 97 0.5 162
16 97 0.5 162
15 95 0.5 162
14 95 0.5 162
14 94 0.5 162
13 95 0.5 162
9 95 0.5 162
16 94 0.5 162
7 93 0.5 162
8 93 0.5 162
7 92 0.5 162
8 92 0.5 162
9 93 0.5 162
9 92 0.5 162
10 92 0.5 162
9 94 0.5 162
20 41 0.5 39
19 41 0.5 39
19 42 0.5 39
21 42 0.5 39
21 41 0.5 39
22 42 0.5 39
21 43 0.5 39
24 42 0.5 39
24 41 0.5 39
23 42 0.5 39
23 43 0.5 39
23 44 0.5 39
22 43 0.5 39
20 40 0.5 39
19 40 0.5 39
26 38 0.5 39
27 38 0.5 39
25 38 0.5 39
26 37 0.5 39
25 40 0.5 39
25 39 0.5 39
24 40 0.5 39
23 40 0.5 39
31 36 0.5 39
31 37 0.5 39
32 36 0.5 39
28 37 0.5 39
29 37 0.5 39
30 37 0.5 39
28 38 0.5 39
28 39 0.5 39
27 39 0.5 39
30 35 0.5 39
31 35 0.5 39
29 35 0.5 39
29 34 0.5 39
28 34 0.5 39
30 34 0.5 39
18 40 0.5 39
87 1 0.5 60
87 2 0.5 60
86 1 0.5 60
86 0 0.5 60
84 1 0.5 60
85 2 0.5 60
84 2 0.5 60
85 1 0.5 60
86 99 0.5 60
90 2 0.5 60
90 3 0.5 60
89 2 0.5 60
88 2 0.5 60
88 3 0.5 60
94 1 0.5 60
93 1 0.5 60
93 0 0.5 60
92 0 0.5 60
91 0 0.5 60
91 1 0.5 60
90 1 0.5 60
90 99 0.5 60
89 99 0.5 60
88 99 0.5 60
87 99 0.5 60
89 98 0.5 60
89 97 0.5 60
87 98 0.5 60
87 97 0.5 60
89 94 0.5 60
89 95 0.5 60
89 96 0.5 60
88 94 0.5 60
88 93 0.5 60
86 92 0.5 60
87 92 0.5 60
87 94 0.5 60
87 93 0.5 60
96 4 0.5 60
95 4 0.5 60
94 4 0.5 60
98 2 0.5 60
98 3 0.5 60
98 1 0.5 60
99 1 0.5 60
96 3 0.5 60
97 3 0.5 60
99 0 0.5 60
94 3 0.5 60
94 2 0.5 60
99 99 0.5 60
93 3 0.5 60
0 0 0.5 60
1 0 0.5 60
96 5 0.5 60
0 1 0.5 60
92 5 0.5 60
92 4 0.5 60
92 3 0.5 60
96 6 0.5 60
43 46 0.5 16
43 45 0.5 16
43 43 0.5 16
43 44 0.5 16
42 42 0.5 16
42 43 0.5 16
46 42 0.5 16
47 42 0.5 16
47 41 0.5 16
46 43 0.5 16
46 44 0.5 16
47 44 0.5 16
48 44 0.5 16
44 44 0.5 16
45 44 0.5 16
47 40 0.5 16
56 93 0.5 24
55 93 0.5 24
54 92 0.5 24
55 92 0.5 24
55 91 0.5 24
54 88 0.5 24
56 88 0.5 24
56 89 0.5 24
55 88 0.5 24
57 89 0.5 24
56 90 0.5 24
55 90 0.5 24
53 88 0.5 24
50 90 0.5 24
50 91 0.5 24
50 93 0.5 24
50 92 0.5 24
52 93 0.5 24
51 93 0.5 24
52 92 0.5 24
53 91 0.5 24
53 92 0.5 24
49 93 0.5 24
49 92 0.5 24
6 58 0.5 31
5 58 0.5 31
7 59 0.5 31
7 58 0.5 31
2 60 0.5 31
1 60 0.5 31
1 61 0.5 31
2 61 0.5 31
0 61 0.5 31
0 63 0.5 31
0 62 0.5 31
1 64 0.5 31
2 63 0.5 31
1 63 0.5 31
3 60 0.5 31
3 59 0.5 31
3 58 0.5 31
3 63 0.5 31
4 58 0.5 31
4 57 0.5 31
7 54 0.5 31
7 55 0.5 31
7 56 0.5 31
7 57 0.5 31
6 57 0.5 31
5 57 0.5 31
2 65 0.5 31
1 65 0.5 31
99 63 0.5 31
99 64 0.5 31
99 65 0.5 31
76 18 0.5 18
76 19 0.5 18
77 19 0.5 18
77 18 0.5 18
78 19 0.5 18
79 19 0.5 18
79 18 0.5 18
75 17 0.5 18
74 17 0.5 18
74 18 0.5 18
73 17 0.5 18
76 17 0.5 18
72 19 0.5 18
72 18 0.5 18
72 17 0.5 18
71 17 0.5 18
76 15 0.5 18
76 16 0.5 18
60 99 0.5 16
61 99 0.5 16
59 99 0.5 16
58 99 0.5 16
59 0 0.5 16
65 0 0.5 16
65 99 0.5 16
62 0 0.5 16
63 0 0.5 16
64 0 0.5 16
62 99 0.5 16
64 99 0.5 16
66 0 0.5 16
58 0 0.5 16
57 0 0.5 16
56 0 0.5 16
49 58 0.5 15
49 59 0.5 15
50 59 0.5 15
50 58 0.5 15
48 59 0.5 15
51 59 0.5 15
49 60 0.5 15
49 61 0.5 15
50 61 0.5 15
54 59 0.5 15
54 60 0.5 15
52 59 0.5 15
52 60 0.5 15
53 60 0.5 15
52 61 0.5 15
42 33 0.5 1
95 73 0.5 12
95 72 0.5 12
96 74 0.5 12
95 74 0.5 12
96 68 0.5 12
96 69 0.5 12
96 70 0.5 12
97 68 0.5 12
95 69 0.5 12
95 71 0.5 12
96 71 0.5 12
97 71 0.5 12
3 16 0.5 1
21 79 0.5 2
20 79 0.5 2
28 94 0.5 7
28 95 0.5 7
26 92 0.5 7
26 91 0.5 7
27 94 0.5 7
26 93 0.5 7
27 93 0.5 7
60 81 0.5 2
61 81 0.5 2
38 85 0.5 21
38 84 0.5 21
37 85 0.5 21
37 84 0.5 21
34 85 0.5 21
36 85 0.5 21
35 87 0.5 21
35 86 0.5 21
35 85 0.5 21
35 88 0.5 21
33 84 0.5 21
32 85 0.5 21
32 84 0.5 21
30 84 0.5 21
31 84 0.5 21
33 83 0.5 21
34 83 0.5 21
36 83 0.5 21
35 83 0.5 21
33 82 0.5 21
37 83 0.5 21
95 9 0.5 6
95 8 0.5 6
96 9 0.5 6
94 10 0.5 6
95 10 0.5 6
93 10 0.5 6
57 38 0.5 1
20 20 0.5 2
21 20 0.5 2
50 6 0.5 4
49 7 0.5 4
50 7 0.5 4
48 7 0.5 4
0 94 0.5 7
1 93 0.5 7
1 94 0.5 7
0 96 0.5 7
1 96 0.5 7
0 95 0.5 7
2 96 0.5 7
86 40 0.5 1
5 94 0.5 1
29 69 0.5 1
