64 70 0.5 49
66 70 0.5 49
66 71 0.5 49
65 70 0.5 49
64 69 0.5 49
63 70 0.5 49
66 73 0.5 49
67 72 0.5 49
66 72 0.5 49
62 70 0.5 49
62 71 0.5 49
62 73 0.5 49
62 72 0.5 49
61 71 0.5 49
60 68 0.5 49
60 70 0.5 49
60 71 0.5 49
59 71 0.5 49
60 69 0.5 49
59 72 0.5 49
70 70 0.5 49
70 71 0.5 49
70 72 0.5 49
71 72 0.5 49
69 72 0.5 49
68 73 0.5 49
68 72 0.5 49
55 71 0.5 49
54 70 0.5 49
54 69 0.5 49
55 70 0.5 49
53 69 0.5 49
55 72 0.5 49
56 73 0.5 49
55 73 0.5 49
54 68 0.5 49
59 73 0.5 49
58 73 0.5 49
57 73 0.5 49
60 75 0.5 49
59 75 0.5 49
59 74 0.5 49
58 74 0.5 49
56 74 0.5 49
57 74 0.5 49
57 75 0.5 49
55 68 0.5 49
55 67 0.5 49
55 66 0.5 49
3 26 0.5 140
2 26 0.5 140
2 25 0.5 140
8 29 0.5 140
8 30 0.5 140
9 29 0.5 140
7 30 0.5 140
10 29 0.5 140
5 28 0.5 140
5 29 0.5 140
6 29 0.5 140
7 29 0.5 140
4 28 0.5 140
5 30 0.5 140
11 29 0.5 140
12 29 0.5 140
10 28 0.5 140
9 28 0.5 140
14 31 0.5 140
13 31 0.5 140
13 30 0.5 140
13 28 0.5 140
13 29 0.5 140
14 27 0.5 140
14 28 0.5 140
15 32 0.5 140
15 31 0.5 140
5 27 0.5 140
4 27 0.5 140
4 26 0.5 140
18 32 0.5 140
17 32 0.5 140
17 31 0.5 140
16 32 0.5 140
16 33 0.5 140
14 37 0.5 140
14 38 0.5 140
13 41 0.5 140
13 40 0.5 140
13 39 0.5 140
13 38 0.5 140
15 37 0.5 140
15 38 0.5 140
18 34 0.5 140
17 34 0.5 140
18 35 0.5 140
16 34 0.5 140
17 33 0.5 140
19 35 0.5 140
16 35 0.5 140
15 35 0.5 140
15 36 0.5 140
20 36 0.5 140
19 36 0.5 140
19 37 0.5 140
21 36 0.5 140
22 36 0.5 140
23 36 0.5 140
9 31 0.5 140
8 31 0.5 140
9 43 0.5 140
8 43 0.5 140
10 42 0.5 140
11 42 0.5 140
11 43 0.5 140
12 43 0.5 140
10 43 0.5 140
9 42 0.5 140
9 41 0.5 140
9 40 0.5 140
10 40 0.5 140
11 40 0.5 140
12 41 0.5 140
11 41 0.5 140
92 26 0.5 140
92 27 0.5 140
91 28 0.5 140
92 28 0.5 140
90 28 0.5 140
93 28 0.5 140
93 27 0.5 140
91 27 0.5 140
95 27 0.5 140
94 27 0.5 140
90 24 0.5 140
90 25 0.5 140
90 26 0.5 140
90 27 0.5 140
91 24 0.5 140
90 30 0.5 140
90 29 0.5 140
92 30 0.5 140
91 30 0.5 140
93 30 0.5 140
95 31 0.5 140
95 32 0.5 140
96 32 0.5 140
96 30 0.5 140
95 30 0.5 140
94 30 0.5 140
98 29 0.5 140
99 29 0.5 140
0 29 0.5 140
0 28 0.5 140
98 30 0.5 140
97 29 0.5 140
96 29 0.5 140
96 28 0.5 140
2 28 0.5 140
1 28 0.5 140
3 30 0.5 140
4 30 0.5 140
2 31 0.5 140
2 30 0.5 140
2 29 0.5 140
90 31 0.5 140
89 31 0.5 140
2 33 0.5 140
3 32 0.5 140
2 32 0.5 140
1 43 0.5 140
2 43 0.5 140
3 43 0.5 140
0 43 0.5 140
7 43 0.5 140
6 43 0.5 140
6 44 0.5 140
5 44 0.5 140
4 43 0.5 140
5 43 0.5 140
4 42 0.5 140
7 44 0.5 140
1 42 0.5 140
7 46 0.5 140
7 45 0.5 140
8 45 0.5 140
2 39 0.5 140
1 40 0.5 140
1 41 0.5 140
2 40 0.5 140
13 72 0.5 40
12 72 0.5 40
12 70 0.5 40
11 70 0.5 40
12 71 0.5 40
10 73 0.5 40
11 73 0.5 40
9 73 0.5 40
12 73 0.5 40
8 73 0.5 40
6 75 0.5 40
8 74 0.5 40
8 75 0.5 40
7 75 0.5 40
8 78 0.5 40
7 78 0.5 40
7 77 0.5 40
7 76 0.5 40
7 79 0.5 40
8 76 0.5 40
9 76 0.5 40
10 76 0.5 40
5 74 0.5 40
6 74 0.5 40
4 74 0.5 40
2 77 0.5 40
3 75 0.5 40
2 75 0.5 40
2 76 0.5 40
3 74 0.5 40
1 78 0.5 40
2 78 0.5 40
2 79 0.5 40
3 79 0.5 40
3 80 0.5 40
1 76 0.5 40
3 81 0.5 40
3 82 0.5 40
2 83 0.5 40
3 83 0.5 40
68 27 0.5 80
66 27 0.5 80
67 27 0.5 80
69 27 0.5 80
71 27 0.5 80
70 27 0.5 80
71 26 0.5 80
70 28 0.5 80
70 29 0.5 80
63 27 0.5 80
63 26 0.5 80
65 27 0.5 80
64 27 0.5 80
64 26 0.5 80
64 25 0.5 80
71 25 0.5 80
62 23 0.5 80
64 24 0.5 80
63 24 0.5 80
62 24 0.5 80
63 25 0.5 80
61 23 0.5 80
64 23 0.5 80
57 21 0.5 80
57 19 0.5 80
58 19 0.5 80
58 21 0.5 80
58 20 0.5 80
59 22 0.5 80
59 21 0.5 80
60 21 0.5 80
61 21 0.5 80
61 20 0.5 80
60 19 0.5 80
61 19 0.5 80
62 19 0.5 80
57 22 0.5 80
62 21 0.5 80
63 21 0.5 80
66 21 0.5 80
65 21 0.5 80
64 21 0.5 80
56 18 0.5 80
54 18 0.5 80
55 18 0.5 80
56 19 0.5 80
62 22 0.5 80
54 20 0.5 80
52 19 0.5 80
52 18 0.5 80
52 20 0.5 80
53 19 0.5 80
53 20 0.5 80
54 19 0.5 80
52 15 0.5 80
52 16 0.5 80
52 17 0.5 80
51 20 0.5 80
50 21 0.5 80
50 20 0.5 80
61 29 0.5 80
62 29 0.5 80
60 29 0.5 80
58 27 0.5 80
59 27 0.5 80
57 27 0.5 80
60 28 0.5 80
59 28 0.5 80
57 24 0.5 80
57 25 0.5 80
57 26 0.5 80
59 29 0.5 80
63 29 0.5 80
63 28 0.5 80
63 30 0.5 80
56 26 0.5 80
56 27 0.5 80
59 30 0.5 80
57 29 0.5 80
57 28 0.5 80
27 55 0.5 84
27 54 0.5 84
25 55 0.5 84
25 56 0.5 84
26 55 0.5 84
24 52 0.5 84
25 54 0.5 84
25 52 0.5 84
25 53 0.5 84
26 60 0.5 84
27 60 0.5 84
25 60 0.5 84
24 61 0.5 84
25 61 0.5 84
26 61 0.5 84
27 58 0.5 84
26 58 0.5 84
25 59 0.5 84
25 58 0.5 84
24 57 0.5 84
24 58 0.5 84
28 60 0.5 84
28 59 0.5 84
28 61 0.5 84
29 60 0.5 84
28 58 0.5 84
29 58 0.5 84
30 61 0.5 84
31 61 0.5 84
29 61 0.5 84
30 60 0.5 84
30 57 0.5 84
29 57 0.5 84
28 55 0.5 84
29 55 0.5 84
29 56 0.5 84
28 56 0.5 84
24 51 0.5 84
23 57 0.5 84
38 65 0.5 84
39 65 0.5 84
40 65 0.5 84
40 66 0.5 84
37 65 0.5 84
37 64 0.5 84
34 57 0.5 84
35 59 0.5 84
34 58 0.5 84
34 59 0.5 84
41 60 0.5 84
40 60 0.5 84
39 60 0.5 84
38 60 0.5 84
37 60 0.5 84
36 58 0.5 84
37 59 0.5 84
36 59 0.5 84
41 59 0.5 84
41 58 0.5 84
41 57 0.5 84
42 56 0.5 84
42 55 0.5 84
42 57 0.5 84
34 60 0.5 84
41 63 0.5 84
40 63 0.5 84
39 63 0.5 84
39 61 0.5 84
39 62 0.5 84
42 63 0.5 84
41 64 0.5 84
40 64 0.5 84
43 64 0.5 84
43 63 0.5 84
33 56 0.5 84
32 56 0.5 84
34 56 0.5 84
32 58 0.5 84
32 57 0.5 84
31 57 0.5 84
31 56 0.5 84
35 55 0.5 84
35 54 0.5 84
34 55 0.5 84
75 36 0.5 65
76 36 0.5 65
76 37 0.5 65
74 35 0.5 65
73 35 0.5 65
74 36 0.5 65
74 34 0.5 65
76 35 0.5 65
77 35 0.5 65
78 35 0.5 65
79 35 0.5 65
80 35 0.5 65
78 36 0.5 65
81 35 0.5 65
81 36 0.5 65
80 36 0.5 65
80 37 0.5 65
82 35 0.5 65
82 34 0.5 65
72 37 0.5 65
72 38 0.5 65
71 38 0.5 65
73 37 0.5 65
74 39 0.5 65
74 38 0.5 65
73 39 0.5 65
72 39 0.5 65
75 39 0.5 65
74 40 0.5 65
72 36 0.5 65
73 36 0.5 65
72 42 0.5 65
73 42 0.5 65
71 42 0.5 65
71 43 0.5 65
71 44 0.5 65
71 45 0.5 65
70 46 0.5 65
70 47 0.5 65
70 45 0.5 65
71 48 0.5 65
70 48 0.5 65
69 44 0.5 65
70 44 0.5 65
71 41 0.5 65
71 40 0.5 65
71 39 0.5 65
70 39 0.5 65
66 53 0.5 65
67 53 0.5 65
67 55 0.5 65
67 54 0.5 65
68 54 0.5 65
65 53 0.5 65
69 54 0.5 65
70 54 0.5 65
71 54 0.5 65
72 51 0.5 65
72 50 0.5 65
72 49 0.5 65
71 49 0.5 65
72 53 0.5 65
71 53 0.5 65
72 52 0.5 65
73 49 0.5 65
87 79 0.5 92
87 80 0.5 92
87 78 0.5 92
89 79 0.5 92
89 80 0.5 92
89 78 0.5 92
88 80 0.5 92
89 77 0.5 92
87 77 0.5 92
88 77 0.5 92
87 75 0.5 92
87 76 0.5 92
88 75 0.5 92
86 77 0.5 92
86 76 0.5 92
89 85 0.5 92
90 85 0.5 92
88 85 0.5 92
88 84 0.5 92
89 86 0.5 92
86 83 0.5 92
87 83 0.5 92
87 82 0.5 92
88 83 0.5 92
87 81 0.5 92
88 81 0.5 92
91 85 0.5 92
84 74 0.5 92
84 73 0.5 92
83 72 0.5 92
84 72 0.5 92
84 75 0.5 92
84 76 0.5 92
83 75 0.5 92
85 76 0.5 92
85 80 0.5 92
85 79 0.5 92
84 79 0.5 92
83 77 0.5 92
84 77 0.5 92
83 78 0.5 92
83 79 0.5 92
82 77 0.5 92
81 77 0.5 92
92 61 0.5 92
93 61 0.5 92
94 61 0.5 92
94 60 0.5 92
91 61 0.5 92
95 60 0.5 92
92 60 0.5 92
89 63 0.5 92
89 62 0.5 92
90 62 0.5 92
89 66 0.5 92
89 64 0.5 92
89 65 0.5 92
90 61 0.5 92
95 59 0.5 92
93 63 0.5 92
93 62 0.5 92
93 64 0.5 92
94 64 0.5 92
95 64 0.5 92
92 63 0.5 92
94 59 0.5 92
94 57 0.5 92
94 58 0.5 92
95 58 0.5 92
92 57 0.5 92
93 57 0.5 92
89 67 0.5 92
89 68 0.5 92
99 59 0.5 92
98 59 0.5 92
97 59 0.5 92
98 58 0.5 92
99 60 0.5 92
96 57 0.5 92
96 58 0.5 92
96 59 0.5 92
0 59 0.5 92
87 69 0.5 92
88 69 0.5 92
89 69 0.5 92
84 70 0.5 92
84 69 0.5 92
84 71 0.5 92
86 70 0.5 92
87 70 0.5 92
85 70 0.5 92
83 69 0.5 92
35 12 0.5 162
35 11 0.5 162
34 11 0.5 162
31 12 0.5 162
31 11 0.5 162
32 11 0.5 162
33 11 0.5 162
30 12 0.5 162
29 12 0.5 162
29 13 0.5 162
29 11 0.5 162
27 14 0.5 162
27 15 0.5 162
29 14 0.5 162
28 14 0.5 162
28 12 0.5 162
26 14 0.5 162
35 13 0.5 162
35 14 0.5 162
30 20 0.5 162
31 19 0.5 162
30 19 0.5 162
29 19 0.5 162
29 15 0.5 162
29 17 0.5 162
29 16 0.5 162
29 18 0.5 162
30 18 0.5 162
28 16 0.5 162
38 18 0.5 162
38 17 0.5 162
36 17 0.5 162
37 17 0.5 162
39 17 0.5 162
36 18 0.5 162
36 19 0.5 162
35 18 0.5 162
36 16 0.5 162
36 15 0.5 162
36 14 0.5 162
38 2 0.5 162
38 3 0.5 162
39 3 0.5 162
36 5 0.5 162
37 5 0.5 162
37 6 0.5 162
38 5 0.5 162
38 4 0.5 162
37 12 0.5 162
37 10 0.5 162
36 11 0.5 162
37 11 0.5 162
37 9 0.5 162
37 8 0.5 162
37 7 0.5 162
27 6 0.5 162
27 5 0.5 162
27 4 0.5 162
26 8 0.5 162
26 6 0.5 162
26 7 0.5 162
25 8 0.5 162
24 8 0.5 162
23 8 0.5 162
30 8 0.5 162
30 9 0.5 162
29 8 0.5 162
29 7 0.5 162
30 10 0.5 162
29 10 0.5 162
28 7 0.5 162
28 6 0.5 162
23 7 0.5 162
23 99 0.5 162
22 99 0.5 162
23 0 0.5 162
22 0 0.5 162
23 98 0.5 162
22 97 0.5 162
22 98 0.5 162
21 97 0.5 162
20 97 0.5 162
23 97 0.5 162
22 96 0.5 162
21 96 0.5 162
20 96 0.5 162
24 99 0.5 162
19 5 0.5 162
19 4 0.5 162
20 3 0.5 162
20 4 0.5 162
21 2 0.5 162
20 2 0.5 162
21 1 0.5 162
22 1 0.5 162
24 2 0.5 162
25 3 0.5 162
24 3 0.5 162
26 3 0.5 162
27 3 0.5 162
23 1 0.5 162
23 2 0.5 162
22 2 0.5 162
40 3 0.5 162
41 3 0.5 162
41 2 0.5 162
41 1 0.5 162
27 2 0.5 162
27 1 0.5 162
15 3 0.5 162
16 4 0.5 162
15 4 0.5 162
16 5 0.5 162
14 4 0.5 162
13 3 0.5 162
14 3 0.5 162
12 3 0.5 162
12 4 0.5 162
16 0 0.5 162
15 0 0.5 162
16 2 0.5 162
15 2 0.5 162
15 1 0.5 162
16 3 0.5 162
15 99 0.5 162
16 99 0.5 162
17 99 0.5 162
16 98 0.5 162
16 97 0.5 162
15 98 0.5 162
14 97 0.5 162
15 97 0.5 162
13 97 0.5 162
17 3 0.5 162
18 2 0.5 162
18 4 0.5 162
18 3 0.5 162
12 97 0.5 162
12 96 0.5 162
11 96 0.5 162
11 97 0.5 162
10 95 0.5 162
11 95 0.5 162
9 95 0.5 162
16 94 0.5 162
16 95 0.5 162
15 96 0.5 162
16 96 0.5 162
15 94 0.5 162
14 94 0.5 162
14 93 0.5 162
13 94 0.5 162
9 94 0.5 162
16 93 0.5 162
7 92 0.5 162
8 92 0.5 162
7 91 0.5 162
8 91 0.5 162
9 92 0.5 162
9 91 0.5 162
10 91 0.5 162
9 93 0.5 162
19 41 0.5 39
18 41 0.5 39
18 42 0.5 39
20 42 0.5 39
20 41 0.5 39
21 42 0.5 39
20 43 0.5 39
23 42 0.5 39
23 41 0.5 39
22 42 0.5 39
22 43 0.5 39
22 44 0.5 39
21 43 0.5 39
19 40 0.5 39
18 40 0.5 39
25 38 0.5 39
26 38 0.5 39
24 38 0.5 39
25 37 0.5 39
24 40 0.5 39
24 39 0.5 39
23 40 0.5 39
22 40 0.5 39
30 36 0.5 39
30 37 0.5 39
31 36 0.5 39
27 37 0.5 39
28 37 0.5 39
29 37 0.5 39
27 38 0.5 39
27 39 0.5 39
26 39 0.5 39
29 35 0.5 39
30 35 0.5 39
28 35 0.5 39
28 34 0.5 39
27 34 0.5 39
29 34 0.5 39
17 40 0.5 39
88 1 0.5 60
88 2 0.5 60
87 1 0.5 60
87 0 0.5 60
85 1 0.5 60
86 2 0.5 60
85 2 0.5 60
86 1 0.5 60
87 99 0.5 60
91 2 0.5 60
91 3 0.5 60
90 2 0.5 60
89 2 0.5 60
89 3 0.5 60
95 1 0.5 60
94 1 0.5 60
94 0 0.5 60
93 0 0.5 60
92 0 0.5 60
92 1 0.5 60
91 1 0.5 60
91 99 0.5 60
90 99 0.5 60
89 99 0.5 60
88 99 0.5 60
90 98 0.5 60
90 97 0.5 60
88 98 0.5 60
88 97 0.5 60
90 94 0.5 60
90 95 0.5 60
90 96 0.5 60
89 94 0.5 60
89 93 0.5 60
87 92 0.5 60
88 92 0.5 60
88 94 0.5 60
88 93 0.5 60
97 4 0.5 60
96 4 0.5 60
95 4 0.5 60
99 2 0.5 60
99 3 0.5 60
99 1 0.5 60
0 1 0.5 60
97 3 0.5 60
98 3 0.5 60
0 0 0.5 60
95 3 0.5 60
95 2 0.5 60
0 99 0.5 60
94 3 0.5 60
1 0 0.5 60
2 0 0.5 60
97 5 0.5 60
1 1 0.5 60
93 5 0.5 60
93 4 0.5 60
93 3 0.5 60
97 6 0.5 60
42 46 0.5 16
42 45 0.5 16
42 43 0.5 16
42 44 0.5 16
41 42 0.5 16
41 43 0.5 16
45 42 0.5 16
46 42 0.5 16
46 41 0.5 16
45 43 0.5 16
45 44 0.5 16
46 44 0.5 16
47 44 0.5 16
43 44 0.5 16
44 44 0.5 16
46 40 0.5 16
57 93 0.5 24
56 93 0.5 24
55 92 0.5 24
56 92 0.5 24
56 91 0.5 24
55 88 0.5 24
57 88 0.5 24
57 89 0.5 24
56 88 0.5 24
58 89 0.5 24
57 90 0.5 24
56 90 0.5 24
54 88 0.5 24
51 90 0.5 24
51 91 0.5 24
51 93 0.5 24
51 92 0.5 24
53 93 0.5 24
52 93 0.5 24
53 92 0.5 24
54 91 0.5 24
54 92 0.5 24
50 93 0.5 24
50 92 0.5 24
7 58 0.5 31
6 58 0.5 31
8 59 0.5 31
8 58 0.5 31
3 60 0.5 31
2 60 0.5 31
2 61 0.5 31
3 61 0.5 31
1 61 0.5 31
1 63 0.5 31
1 62 0.5 31
2 64 0.5 31
3 63 0.5 31
2 63 0.5 31
4 60 0.5 31
4 59 0.5 31
4 58 0.5 31
4 63 0.5 31
5 58 0.5 31
5 57 0.5 31
8 54 0.5 31
8 55 0.5 31
8 56 0.5 31
8 57 0.5 31
7 57 0.5 31
6 57 0.5 31
3 65 0.5 31
2 65 0.5 31
0 63 0.5 31
0 64 0.5 31
0 65 0.5 31
77 18 0.5 18
77 19 0.5 18
78 19 0.5 18
78 18 0.5 18
79 19 0.5 18
80 19 0.5 18
80 18 0.5 18
76 17 0.5 18
75 17 0.5 18
75 18 0.5 18
74 17 0.5 18
77 17 0.5 18
73 19 0.5 18
73 18 0.5 18
73 17 0.5 18
72 17 0.5 18
77 15 0.5 18
77 16 0.5 18
59 99 0.5 16
60 99 0.5 16
58 99 0.5 16
57 99 0.5 16
58 0 0.5 16
64 0 0.5 16
64 99 0.5 16
61 0 0.5 16
62 0 0.5 16
63 0 0.5 16
61 99 0.5 16
63 99 0.5 16
65 0 0.5 16
57 0 0.5 16
56 0 0.5 16
55 0 0.5 16
49 57 0.5 15
49 58 0.5 15
50 58 0.5 15
50 57 0.5 15
48 58 0.5 15
51 58 0.5 15
49 59 0.5 15
49 60 0.5 15
50 60 0.5 15
54 58 0.5 15
54 59 0.5 15
52 58 0.5 15
52 59 0.5 15
53 59 0.5 15
52 60 0.5 15
41 33 0.5 1
95 74 0.5 12
95 73 0.5 12
96 75 0.5 12
95 75 0.5 12
96 69 0.5 12
96 70 0.5 12
96 71 0.5 12
97 69 0.5 12
95 70 0.5 12
95 72 0.5 12
96 72 0.5 12
97 72 0.5 12
3 17 0.5 1
22 79 0.5 2
21 79 0.5 2
27 94 0.5 7
27 95 0.5 7
25 92 0.5 7
25 91 0.5 7
26 94 0.5 7
25 93 0.5 7
26 93 0.5 7
60 80 0.5 2
61 80 0.5 2
37 85 0.5 21
37 84 0.5 21
36 85 0.5 21
36 84 0.5 21
33 85 0.5 21
35 85 0.5 21
34 87 0.5 21
34 86 0.5 21
34 85 0.5 21
34 88 0.5 21
32 84 0.5 21
31 85 0.5 21
31 84 0.5 21
29 84 0.5 21
30 84 0.5 21
32 83 0.5 21
33 83 0.5 21
35 83 0.5 21
34 83 0.5 21
32 82 0.5 21
36 83 0.5 21
95 10 0.5 6
95 9 0.5 6
96 10 0.5 6
94 11 0.5 6
95 11 0.5 6
93 11 0.5 6
57 37 0.5 1
20 21 0.5 2
21 21 0.5 2
51 6 0.5 4
50 7 0.5 4
51 7 0.5 4
49 7 0.5 4
1 94 0.5 7
2 93 0.5 7
2 94 0.5 7
1 96 0.5 7
2 96 0.5 7
1 95 0.5 7
3 96 0.5 7
86 39 0.5 1
4 94 0.5 1
30 69 0.5 1
