65 70 0.5 49
67 70 0.5 49
67 71 0.5 49
66 70 0.5 49
65 69 0.5 49
64 70 0.5 49
67 73 0.5 49
68 72 0.5 49
67 72 0.5 49
63 70 0.5 49
63 71 0.5 49
63 73 0.5 49
63 72 0.5 49
62 71 0.5 49
61 68 0.5 49
61 70 0.5 49
61 71 0.5 49
60 71 0.5 49
61 69 0.5 49
60 72 0.5 49
71 70 0.5 49
71 71 0.5 49
71 72 0.5 49
72 72 0.5 49
70 72 0.5 49
69 73 0.5 49
69 72 0.5 49
56 71 0.5 49
55 70 0.5 49
55 69 0.5 49
56 70 0.5 49
54 69 0.5 49
56 72 0.5 49
57 73 0.5 49
56 73 0.5 49
55 68 0.5 49
60 73 0.5 49
59 73 0.5 49
58 73 0.5 49
61 75 0.5 49
60 75 0.5 49
60 74 0.5 49
59 74 0.5 49
57 74 0.5 49
58 74 0.5 49
58 75 0.5 49
56 68 0.5 49
56 67 0.5 49
56 66 0.5 49
4 26 0.5 179
3 26 0.5 179
3 25 0.5 179
9 29 0.5 179
9 30 0.5 179
10 29 0.5 179
8 30 0.5 179
11 29 0.5 179
6 28 0.5 179
6 29 0.5 179
7 29 0.5 179
8 29 0.5 179
5 28 0.5 179
6 30 0.5 179
12 29 0.5 179
13 29 0.5 179
11 28 0.5 179
10 28 0.5 179
15 31 0.5 179
14 31 0.5 179
14 30 0.5 179
14 28 0.5 179
14 29 0.5 179
15 27 0.5 179
15 28 0.5 179
16 32 0.5 179
16 31 0.5 179
6 27 0.5 179
5 27 0.5 179
5 26 0.5 179
19 32 0.5 179
18 32 0.5 179
18 31 0.5 179
17 32 0.5 179
17 33 0.5 179
15 37 0.5 179
15 38 0.5 179
14 41 0.5 179
14 40 0.5 179
14 39 0.5 179
14 38 0.5 179
16 37 0.5 179
16 38 0.5 179
19 34 0.5 179
18 34 0.5 179
19 35 0.5 179
17 34 0.5 179
18 33 0.5 179
20 35 0.5 179
17 35 0.5 179
16 35 0.5 179
16 36 0.5 179
21 36 0.5 179
20 36 0.5 179
20 37 0.5 179
22 36 0.5 179
23 36 0.5 179
24 36 0.5 179
10 31 0.5 179
9 31 0.5 179
10 43 0.5 179
9 43 0.5 179
11 42 0.5 179
12 42 0.5 179
12 43 0.5 179
13 43 0.5 179
11 43 0.5 179
10 42 0.5 179
10 41 0.5 179
10 40 0.5 179
11 40 0.5 179
12 40 0.5 179
13 41 0.5 179
12 41 0.5 179
93 26 0.5 179
93 27 0.5 179
92 28 0.5 179
93 28 0.5 179
91 28 0.5 179
94 28 0.5 179
94 27 0.5 179
92 27 0.5 179
96 27 0.5 179
95 27 0.5 179
91 24 0.5 179
91 25 0.5 179
91 26 0.5 179
91 27 0.5 179
92 24 0.5 179
91 30 0.5 179
91 29 0.5 179
93 30 0.5 179
92 30 0.5 179
94 30 0.5 179
96 31 0.5 179
96 32 0.5 179
97 32 0.5 179
97 30 0.5 179
96 30 0.5 179
95 30 0.5 179
99 29 0.5 179
0 29 0.5 179
1 29 0.5 179
1 28 0.5 179
99 30 0.5 179
98 29 0.5 179
97 29 0.5 179
97 28 0.5 179
3 28 0.5 179
2 28 0.5 179
4 30 0.5 179
5 30 0.5 179
3 31 0.5 179
3 30 0.5 179
3 29 0.5 179
91 31 0.5 179
90 31 0.5 179
3 33 0.5 179
4 32 0.5 179
3 32 0.5 179
2 43 0.5 179
3 43 0.5 179
4 43 0.5 179
1 43 0.5 179
8 43 0.5 179
7 43 0.5 179
7 44 0.5 179
6 44 0.5 179
5 43 0.5 179
6 43 0.5 179
5 42 0.5 179
8 44 0.5 179
2 42 0.5 179
8 46 0.5 179
8 45 0.5 179
9 45 0.5 179
3 39 0.5 179
2 40 0.5 179
2 41 0.5 179
3 40 0.5 179
18 41 0.5 179
17 41 0.5 179
17 42 0.5 179
19 42 0.5 179
19 41 0.5 179
20 42 0.5 179
19 43 0.5 179
22 42 0.5 179
22 41 0.5 179
21 42 0.5 179
21 43 0.5 179
21 44 0.5 179
20 43 0.5 179
18 40 0.5 179
17 40 0.5 179
24 38 0.5 179
25 38 0.5 179
23 38 0.5 179
24 37 0.5 179
23 40 0.5 179
23 39 0.5 179
22 40 0.5 179
21 40 0.5 179
29 36 0.5 179
29 37 0.5 179
30 36 0.5 179
26 37 0.5 179
27 37 0.5 179
28 37 0.5 179
26 38 0.5 179
26 39 0.5 179
25 39 0.5 179
28 35 0.5 179
29 35 0.5 179
27 35 0.5 179
27 34 0.5 179
26 34 0.5 179
28 34 0.5 179
16 40 0.5 179
13 71 0.5 40
12 71 0.5 40
12 69 0.5 40
11 69 0.5 40
12 70 0.5 40
10 72 0.5 40
11 72 0.5 40
9 72 0.5 40
12 72 0.5 40
8 72 0.5 40
6 74 0.5 40
8 73 0.5 40
8 74 0.5 40
7 74 0.5 40
8 77 0.5 40
7 77 0.5 40
7 76 0.5 40
7 75 0.5 40
7 78 0.5 40
8 75 0.5 40
9 75 0.5 40
10 75 0.5 40
5 73 0.5 40
6 73 0.5 40
4 73 0.5 40
2 76 0.5 40
3 74 0.5 40
2 74 0.5 40
2 75 0.5 40
3 73 0.5 40
1 77 0.5 40
2 77 0.5 40
2 78 0.5 40
3 78 0.5 40
3 79 0.5 40
1 75 0.5 40
3 80 0.5 40
3 81 0.5 40
2 82 0.5 40
3 82 0.5 40
68 28 0.5 80
66 28 0.5 80
67 28 0.5 80
69 28 0.5 80
71 28 0.5 80
70 28 0.5 80
71 27 0.5 80
70 29 0.5 80
70 30 0.5 80
63 28 0.5 80
63 27 0.5 80
65 28 0.5 80
64 28 0.5 80
64 27 0.5 80
64 26 0.5 80
71 26 0.5 80
62 24 0.5 80
64 25 0.5 80
63 25 0.5 80
62 25 0.5 80
63 26 0.5 80
61 24 0.5 80
64 24 0.5 80
57 22 0.5 80
57 20 0.5 80
58 20 0.5 80
58 22 0.5 80
58 21 0.5 80
59 23 0.5 80
59 22 0.5 80
60 22 0.5 80
61 22 0.5 80
61 21 0.5 80
60 20 0.5 80
61 20 0.5 80
62 20 0.5 80
57 23 0.5 80
62 22 0.5 80
63 22 0.5 80
66 22 0.5 80
65 22 0.5 80
64 22 0.5 80
56 19 0.5 80
54 19 0.5 80
55 19 0.5 80
56 20 0.5 80
62 23 0.5 80
54 21 0.5 80
52 20 0.5 80
52 19 0.5 80
52 21 0.5 80
53 20 0.5 80
53 21 0.5 80
54 20 0.5 80
52 16 0.5 80
52 17 0.5 80
52 18 0.5 80
51 21 0.5 80
50 22 0.5 80
50 21 0.5 80
61 30 0.5 80
62 30 0.5 80
60 30 0.5 80
58 28 0.5 80
59 28 0.5 80
57 28 0.5 80
60 29 0.5 80
59 29 0.5 80
57 25 0.5 80
57 26 0.5 80
57 27 0.5 80
59 30 0.5 80
63 30 0.5 80
63 29 0.5 80
63 31 0.5 80
56 27 0.5 80
56 28 0.5 80
59 31 0.5 80
57 30 0.5 80
57 29 0.5 80
26 55 0.5 84
26 54 0.5 84
24 55 0.5 84
24 56 0.5 84
25 55 0.5 84
23 52 0.5 84
24 54 0.5 84
24 52 0.5 84
24 53 0.5 84
25 60 0.5 84
26 60 0.5 84
24 60 0.5 84
23 61 0.5 84
24 61 0.5 84
25 61 0.5 84
26 58 0.5 84
25 58 0.5 84
24 59 0.5 84
24 58 0.5 84
23 57 0.5 84
23 58 0.5 84
27 60 0.5 84
27 59 0.5 84
27 61 0.5 84
28 60 0.5 84
27 58 0.5 84
28 58 0.5 84
29 61 0.5 84
30 61 0.5 84
28 61 0.5 84
29 60 0.5 84
29 57 0.5 84
28 57 0.5 84
27 55 0.5 84
28 55 0.5 84
28 56 0.5 84
27 56 0.5 84
23 51 0.5 84
22 57 0.5 84
37 65 0.5 84
38 65 0.5 84
39 65 0.5 84
39 66 0.5 84
36 65 0.5 84
36 64 0.5 84
33 57 0.5 84
34 59 0.5 84
33 58 0.5 84
33 59 0.5 84
40 60 0.5 84
39 60 0.5 84
38 60 0.5 84
37 60 0.5 84
36 60 0.5 84
35 58 0.5 84
36 59 0.5 84
35 59 0.5 84
40 59 0.5 84
40 58 0.5 84
40 57 0.5 84
41 56 0.5 84
41 55 0.5 84
41 57 0.5 84
33 60 0.5 84
40 63 0.5 84
39 63 0.5 84
38 63 0.5 84
38 61 0.5 84
38 62 0.5 84
41 63 0.5 84
40 64 0.5 84
39 64 0.5 84
42 64 0.5 84
42 63 0.5 84
32 56 0.5 84
31 56 0.5 84
33 56 0.5 84
31 58 0.5 84
31 57 0.5 84
30 57 0.5 84
30 56 0.5 84
34 55 0.5 84
34 54 0.5 84
33 55 0.5 84
74 36 0.5 65
75 36 0.5 65
75 37 0.5 65
73 35 0.5 65
72 35 0.5 65
73 36 0.5 65
73 34 0.5 65
75 35 0.5 65
76 35 0.5 65
77 35 0.5 65
78 35 0.5 65
79 35 0.5 65
77 36 0.5 65
80 35 0.5 65
80 36 0.5 65
79 36 0.5 65
79 37 0.5 65
81 35 0.5 65
81 34 0.5 65
71 37 0.5 65
71 38 0.5 65
70 38 0.5 65
72 37 0.5 65
73 39 0.5 65
73 38 0.5 65
72 39 0.5 65
71 39 0.5 65
74 39 0.5 65
73 40 0.5 65
71 36 0.5 65
72 36 0.5 65
71 42 0.5 65
72 42 0.5 65
70 42 0.5 65
70 43 0.5 65
70 44 0.5 65
70 45 0.5 65
69 46 0.5 65
69 47 0.5 65
69 45 0.5 65
70 48 0.5 65
69 48 0.5 65
68 44 0.5 65
69 44 0.5 65
70 41 0.5 65
70 40 0.5 65
70 39 0.5 65
69 39 0.5 65
65 53 0.5 65
66 53 0.5 65
66 55 0.5 65
66 54 0.5 65
67 54 0.5 65
64 53 0.5 65
68 54 0.5 65
69 54 0.5 65
70 54 0.5 65
71 51 0.5 65
71 50 0.5 65
71 49 0.5 65
70 49 0.5 65
71 53 0.5 65
70 53 0.5 65
71 52 0.5 65
72 49 0.5 65
87 78 0.5 92
87 79 0.5 92
87 77 0.5 92
89 78 0.5 92
89 79 0.5 92
89 77 0.5 92
88 79 0.5 92
89 76 0.5 92
87 76 0.5 92
88 76 0.5 92
87 74 0.5 92
87 75 0.5 92
88 74 0.5 92
86 76 0.5 92
86 75 0.5 92
89 84 0.5 92
90 84 0.5 92
88 84 0.5 92
88 83 0.5 92
89 85 0.5 92
86 82 0.5 92
87 82 0.5 92
87 81 0.5 92
88 82 0.5 92
87 80 0.5 92
88 80 0.5 92
91 84 0.5 92
84 73 0.5 92
84 72 0.5 92
83 71 0.5 92
84 71 0.5 92
84 74 0.5 92
84 75 0.5 92
83 74 0.5 92
85 75 0.5 92
85 79 0.5 92
85 78 0.5 92
84 78 0.5 92
83 76 0.5 92
84 76 0.5 92
83 77 0.5 92
83 78 0.5 92
82 76 0.5 92
81 76 0.5 92
92 60 0.5 92
93 60 0.5 92
94 60 0.5 92
94 59 0.5 92
91 60 0.5 92
95 59 0.5 92
92 59 0.5 92
89 62 0.5 92
89 61 0.5 92
90 61 0.5 92
89 65 0.5 92
89 63 0.5 92
89 64 0.5 92
90 60 0.5 92
95 58 0.5 92
93 62 0.5 92
93 61 0.5 92
93 63 0.5 92
94 63 0.5 92
95 63 0.5 92
92 62 0.5 92
94 58 0.5 92
94 56 0.5 92
94 57 0.5 92
95 57 0.5 92
92 56 0.5 92
93 56 0.5 92
89 66 0.5 92
89 67 0.5 92
99 58 0.5 92
98 58 0.5 92
97 58 0.5 92
98 57 0.5 92
99 59 0.5 92
96 56 0.5 92
96 57 0.5 92
96 58 0.5 92
0 58 0.5 92
87 68 0.5 92
88 68 0.5 92
89 68 0.5 92
84 69 0.5 92
84 68 0.5 92
84 70 0.5 92
86 69 0.5 92
87 69 0.5 92
85 69 0.5 92
83 68 0.5 92
35 13 0.5 162
35 12 0.5 162
34 12 0.5 162
31 13 0.5 162
31 12 0.5 162
32 12 0.5 162
33 12 0.5 162
30 13 0.5 162
29 13 0.5 162
29 14 0.5 162
29 12 0.5 162
27 15 0.5 162
27 16 0.5 162
29 15 0.5 162
28 15 0.5 162
28 13 0.5 162
26 15 0.5 162
35 14 0.5 162
35 15 0.5 162
30 21 0.5 162
31 20 0.5 162
30 20 0.5 162
29 20 0.5 162
29 16 0.5 162
29 18 0.5 162
29 17 0.5 162
29 19 0.5 162
30 19 0.5 162
28 17 0.5 162
38 19 0.5 162
38 18 0.5 162
36 18 0.5 162
37 18 0.5 162
39 18 0.5 162
36 19 0.5 162
36 20 0.5 162
35 19 0.5 162
36 17 0.5 162
36 16 0.5 162
36 15 0.5 162
38 3 0.5 162
38 4 0.5 162
39 4 0.5 162
36 6 0.5 162
37 6 0.5 162
37 7 0.5 162
38 6 0.5 162
38 5 0.5 162
37 13 0.5 162
37 11 0.5 162
36 12 0.5 162
37 12 0.5 162
37 10 0.5 162
37 9 0.5 162
37 8 0.5 162
27 7 0.5 162
27 6 0.5 162
27 5 0.5 162
26 9 0.5 162
26 7 0.5 162
26 8 0.5 162
25 9 0.5 162
24 9 0.5 162
23 9 0.5 162
30 9 0.5 162
30 10 0.5 162
29 9 0.5 162
29 8 0.5 162
30 11 0.5 162
29 11 0.5 162
28 8 0.5 162
28 7 0.5 162
23 8 0.5 162
23 0 0.5 162
22 0 0.5 162
23 1 0.5 162
22 1 0.5 162
23 99 0.5 162
22 98 0.5 162
22 99 0.5 162
21 98 0.5 162
20 98 0.5 162
23 98 0.5 162
22 97 0.5 162
21 97 0.5 162
20 97 0.5 162
24 0 0.5 162
19 6 0.5 162
19 5 0.5 162
20 4 0.5 162
20 5 0.5 162
21 3 0.5 162
20 3 0.5 162
21 2 0.5 162
22 2 0.5 162
24 3 0.5 162
25 4 0.5 162
24 4 0.5 162
26 4 0.5 162
27 4 0.5 162
23 2 0.5 162
23 3 0.5 162
22 3 0.5 162
40 4 0.5 162
41 4 0.5 162
41 3 0.5 162
41 2 0.5 162
27 3 0.5 162
27 2 0.5 162
15 4 0.5 162
16 5 0.5 162
15 5 0.5 162
16 6 0.5 162
14 5 0.5 162
13 4 0.5 162
14 4 0.5 162
12 4 0.5 162
12 5 0.5 162
16 1 0.5 162
15 1 0.5 162
16 3 0.5 162
15 3 0.5 162
15 2 0.5 162
16 4 0.5 162
15 0 0.5 162
16 0 0.5 162
17 0 0.5 162
16 99 0.5 162
16 98 0.5 162
15 99 0.5 162
14 98 0.5 162
15 98 0.5 162
13 98 0.5 162
17 4 0.5 162
18 3 0.5 162
18 5 0.5 162
18 4 0.5 162
12 98 0.5 162
12 97 0.5 162
11 97 0.5 162
11 98 0.5 162
10 96 0.5 162
11 96 0.5 162
9 96 0.5 162
16 95 0.5 162
16 96 0.5 162
15 97 0.5 162
16 97 0.5 162
15 95 0.5 162
14 95 0.5 162
14 94 0.5 162
13 95 0.5 162
9 95 0.5 162
16 94 0.5 162
7 93 0.5 162
8 93 0.5 162
7 92 0.5 162
8 92 0.5 162
9 93 0.5 162
9 92 0.5 162
10 92 0.5 162
9 94 0.5 162
88 1 0.5 60
88 2 0.5 60
87 1 0.5 60
87 0 0.5 60
85 1 0.5 60
86 2 0.5 60
85 2 0.5 60
86 1 0.5 60
87 99 0.5 60
91 2 0.5 60
91 3 0.5 60
90 2 0.5 60
89 2 0.5 60
89 3 0.5 60
95 1 0.5 60
94 1 0.5 60
94 0 0.5 60
93 0 0.5 60
92 0 0.5 60
92 1 0.5 60
91 1 0.5 60
91 99 0.5 60
90 99 0.5 60
89 99 0.5 60
88 99 0.5 60
90 98 0.5 60
90 97 0.5 60
88 98 0.5 60
88 97 0.5 60
90 94 0.5 60
90 95 0.5 60
90 96 0.5 60
89 94 0.5 60
89 93 0.5 60
87 92 0.5 60
88 92 0.5 60
88 94 0.5 60
88 93 0.5 60
97 4 0.5 60
96 4 0.5 60
95 4 0.5 60
99 2 0.5 60
99 3 0.5 60
99 1 0.5 60
0 1 0.5 60
97 3 0.5 60
98 3 0.5 60
0 0 0.5 60
95 3 0.5 60
95 2 0.5 60
0 99 0.5 60
94 3 0.5 60
1 0 0.5 60
2 0 0.5 60
97 5 0.5 60
1 1 0.5 60
93 5 0.5 60
93 4 0.5 60
93 3 0.5 60
97 6 0.5 60
43 46 0.5 16
43 45 0.5 16
43 43 0.5 16
43 44 0.5 16
42 42 0.5 16
42 43 0.5 16
46 42 0.5 16
47 42 0.5 16
47 41 0.5 16
46 43 0.5 16
46 44 0.5 16
47 44 0.5 16
48 44 0.5 16
44 44 0.5 16
45 44 0.5 16
47 40 0.5 16
57 92 0.5 24
56 92 0.5 24
55 91 0.5 24
56 91 0.5 24
56 90 0.5 24
55 87 0.5 24
57 87 0.5 24
57 88 0.5 24
56 87 0.5 24
58 88 0.5 24
57 89 0.5 24
56 89 0.5 24
54 87 0.5 24
51 89 0.5 24
51 90 0.5 24
51 92 0.5 24
51 91 0.5 24
53 92 0.5 24
52 92 0.5 24
53 91 0.5 24
54 90 0.5 24
54 91 0.5 24
50 92 0.5 24
50 91 0.5 24
6 58 0.5 31
5 58 0.5 31
7 59 0.5 31
7 58 0.5 31
2 60 0.5 31
1 60 0.5 31
1 61 0.5 31
2 61 0.5 31
0 61 0.5 31
0 63 0.5 31
0 62 0.5 31
1 64 0.5 31
2 63 0.5 31
1 63 0.5 31
3 60 0.5 31
3 59 0.5 31
3 58 0.5 31
3 63 0.5 31
4 58 0.5 31
4 57 0.5 31
7 54 0.5 31
7 55 0.5 31
7 56 0.5 31
7 57 0.5 31
6 57 0.5 31
5 57 0.5 31
2 65 0.5 31
1 65 0.5 31
99 63 0.5 31
99 64 0.5 31
99 65 0.5 31
77 17 0.5 18
77 18 0.5 18
78 18 0.5 18
78 17 0.5 18
79 18 0.5 18
80 18 0.5 18
80 17 0.5 18
76 16 0.5 18
75 16 0.5 18
75 17 0.5 18
74 16 0.5 18
77 16 0.5 18
73 18 0.5 18
73 17 0.5 18
73 16 0.5 18
72 16 0.5 18
77 14 0.5 18
77 15 0.5 18
59 98 0.5 16
60 98 0.5 16
58 98 0.5 16
57 98 0.5 16
58 99 0.5 16
64 99 0.5 16
64 98 0.5 16
61 99 0.5 16
62 99 0.5 16
63 99 0.5 16
61 98 0.5 16
63 98 0.5 16
65 99 0.5 16
57 99 0.5 16
56 99 0.5 16
55 99 0.5 16
50 57 0.5 15
50 58 0.5 15
51 58 0.5 15
51 57 0.5 15
49 58 0.5 15
52 58 0.5 15
50 59 0.5 15
50 60 0.5 15
51 60 0.5 15
55 58 0.5 15
55 59 0.5 15
53 58 0.5 15
53 59 0.5 15
54 59 0.5 15
53 60 0.5 15
40 33 0.5 1
94 74 0.5 12
94 73 0.5 12
95 75 0.5 12
94 75 0.5 12
95 69 0.5 12
95 70 0.5 12
95 71 0.5 12
96 69 0.5 12
94 70 0.5 12
94 72 0.5 12
95 72 0.5 12
96 72 0.5 12
2 17 0.5 1
21 79 0.5 2
20 79 0.5 2
26 94 0.5 7
26 95 0.5 7
24 92 0.5 7
24 91 0.5 7
25 94 0.5 7
24 93 0.5 7
25 93 0.5 7
59 80 0.5 2
60 80 0.5 2
37 84 0.5 21
37 83 0.5 21
36 84 0.5 21
36 83 0.5 21
33 84 0.5 21
35 84 0.5 21
34 86 0.5 21
34 85 0.5 21
34 84 0.5 21
34 87 0.5 21
32 83 0.5 21
31 84 0.5 21
31 83 0.5 21
29 83 0.5 21
30 83 0.5 21
32 82 0.5 21
33 82 0.5 21
35 82 0.5 21
34 82 0.5 21
32 81 0.5 21
36 82 0.5 21
94 10 0.5 6
94 9 0.5 6
95 10 0.5 6
93 11 0.5 6
94 11 0.5 6
92 11 0.5 6
58 37 0.5 1
19 21 0.5 2
20 21 0.5 2
51 7 0.5 4
50 8 0.5 4
51 8 0.5 4
49 8 0.5 4
0 94 0.5 7
1 93 0.5 7
1 94 0.5 7
0 96 0.5 7
1 96 0.5 7
0 95 0.5 7
2 96 0.5 7
86 38 0.5 1
3 94 0.5 1
30 68 0.5 1
