64 70 0.5 49
66 70 0.5 49
66 71 0.5 49
65 70 0.5 49
64 69 0.5 49
63 70 0.5 49
66 73 0.5 49
67 72 0.5 49
66 72 0.5 49
62 70 0.5 49
62 71 0.5 49
62 73 0.5 49
62 72 0.5 49
61 71 0.5 49
60 68 0.5 49
60 70 0.5 49
60 71 0.5 49
59 71 0.5 49
60 69 0.5 49
59 72 0.5 49
70 70 0.5 49
70 71 0.5 49
70 72 0.5 49
71 72 0.5 49
69 72 0.5 49
68 73 0.5 49
68 72 0.5 49
55 71 0.5 49
54 70 0.5 49
54 69 0.5 49
55 70 0.5 49
53 69 0.5 49
55 72 0.5 49
56 73 0.5 49
55 73 0.5 49
54 68 0.5 49
59 73 0.5 49
58 73 0.5 49
57 73 0.5 49
60 75 0.5 49
59 75 0.5 49
59 74 0.5 49
58 74 0.5 49
56 74 0.5 49
57 74 0.5 49
57 75 0.5 49
55 68 0.5 49
55 67 0.5 49
55 66 0.5 49
4 27 0.5 179
3 27 0.5 179
3 26 0.5 179
9 30 0.5 179
9 31 0.5 179
10 30 0.5 179
8 31 0.5 179
11 30 0.5 179
6 29 0.5 179
6 30 0.5 179
7 30 0.5 179
8 30 0.5 179
5 29 0.5 179
6 31 0.5 179
12 30 0.5 179
13 30 0.5 179
11 29 0.5 179
10 29 0.5 179
15 32 0.5 179
14 32 0.5 179
14 31 0.5 179
14 29 0.5 179
14 30 0.5 179
15 28 0.5 179
15 29 0.5 179
16 33 0.5 179
16 32 0.5 179
6 28 0.5 179
5 28 0.5 179
5 27 0.5 179
19 33 0.5 179
18 33 0.5 179
18 32 0.5 179
17 33 0.5 179
17 34 0.5 179
15 38 0.5 179
15 39 0.5 179
14 42 0.5 179
14 41 0.5 179
14 40 0.5 179
14 39 0.5 179
16 38 0.5 179
16 39 0.5 179
19 35 0.5 179
18 35 0.5 179
19 36 0.5 179
17 35 0.5 179
18 34 0.5 179
20 36 0.5 179
17 36 0.5 179
16 36 0.5 179
16 37 0.5 179
21 37 0.5 179
20 37 0.5 179
20 38 0.5 179
22 37 0.5 179
23 37 0.5 179
24 37 0.5 179
10 32 0.5 179
9 32 0.5 179
10 44 0.5 179
9 44 0.5 179
11 43 0.5 179
12 43 0.5 179
12 44 0.5 179
13 44 0.5 179
11 44 0.5 179
10 43 0.5 179
10 42 0.5 179
10 41 0.5 179
11 41 0.5 179
12 41 0.5 179
13 42 0.5 179
12 42 0.5 179
93 27 0.5 179
93 28 0.5 179
92 29 0.5 179
93 29 0.5 179
91 29 0.5 179
94 29 0.5 179
94 28 0.5 179
92 28 0.5 179
96 28 0.5 179
95 28 0.5 179
91 25 0.5 179
91 26 0.5 179
91 27 0.5 179
91 28 0.5 179
92 25 0.5 179
91 31 0.5 179
91 30 0.5 179
93 31 0.5 179
92 31 0.5 179
94 31 0.5 179
96 32 0.5 179
96 33 0.5 179
97 33 0.5 179
97 31 0.5 179
96 31 0.5 179
95 31 0.5 179
99 30 0.5 179
0 30 0.5 179
1 30 0.5 179
1 29 0.5 179
99 31 0.5 179
98 30 0.5 179
97 30 0.5 179
97 29 0.5 179
3 29 0.5 179
2 29 0.5 179
4 31 0.5 179
5 31 0.5 179
3 32 0.5 179
3 31 0.5 179
3 30 0.5 179
91 32 0.5 179
90 32 0.5 179
3 34 0.5 179
4 33 0.5 179
3 33 0.5 179
2 44 0.5 179
3 44 0.5 179
4 44 0.5 179
1 44 0.5 179
8 44 0.5 179
7 44 0.5 179
7 45 0.5 179
6 45 0.5 179
5 44 0.5 179
6 44 0.5 179
5 43 0.5 179
8 45 0.5 179
2 43 0.5 179
8 47 0.5 179
8 46 0.5 179
9 46 0.5 179
3 40 0.5 179
2 41 0.5 179
2 42 0.5 179
3 41 0.5 179
18 42 0.5 179
17 42 0.5 179
17 43 0.5 179
19 43 0.5 179
19 42 0.5 179
20 43 0.5 179
19 44 0.5 179
22 43 0.5 179
22 42 0.5 179
21 43 0.5 179
21 44 0.5 179
21 45 0.5 179
20 44 0.5 179
18 41 0.5 179
17 41 0.5 179
24 39 0.5 179
25 39 0.5 179
23 39 0.5 179
24 38 0.5 179
23 41 0.5 179
23 40 0.5 179
22 41 0.5 179
21 41 0.5 179
29 37 0.5 179
29 38 0.5 179
30 37 0.5 179
26 38 0.5 179
27 38 0.5 179
28 38 0.5 179
26 39 0.5 179
26 40 0.5 179
25 40 0.5 179
28 36 0.5 179
29 36 0.5 179
27 36 0.5 179
27 35 0.5 179
26 35 0.5 179
28 35 0.5 179
16 41 0.5 179
12 71 0.5 40
11 71 0.5 40
11 69 0.5 40
10 69 0.5 40
11 70 0.5 40
9 72 0.5 40
10 72 0.5 40
8 72 0.5 40
11 72 0.5 40
7 72 0.5 40
5 74 0.5 40
7 73 0.5 40
7 74 0.5 40
6 74 0.5 40
7 77 0.5 40
6 77 0.5 40
6 76 0.5 40
6 75 0.5 40
6 78 0.5 40
7 75 0.5 40
8 75 0.5 40
9 75 0.5 40
4 73 0.5 40
5 73 0.5 40
3 73 0.5 40
1 76 0.5 40
2 74 0.5 40
1 74 0.5 40
1 75 0.5 40
2 73 0.5 40
0 77 0.5 40
1 77 0.5 40
1 78 0.5 40
2 78 0.5 40
2 79 0.5 40
0 75 0.5 40
2 80 0.5 40
2 81 0.5 40
1 82 0.5 40
2 82 0.5 40
69 28 0.5 80
67 28 0.5 80
68 28 0.5 80
70 28 0.5 80
72 28 0.5 80
71 28 0.5 80
72 27 0.5 80
71 29 0.5 80
71 30 0.5 80
64 28 0.5 80
64 27 0.5 80
66 28 0.5 80
65 28 0.5 80
65 27 0.5 80
65 26 0.5 80
72 26 0.5 80
63 24 0.5 80
65 25 0.5 80
64 25 0.5 80
63 25 0.5 80
64 26 0.5 80
62 24 0.5 80
65 24 0.5 80
58 22 0.5 80
58 20 0.5 80
59 20 0.5 80
59 22 0.5 80
59 21 0.5 80
60 23 0.5 80
60 22 0.5 80
61 22 0.5 80
62 22 0.5 80
62 21 0.5 80
61 20 0.5 80
62 20 0.5 80
63 20 0.5 80
58 23 0.5 80
63 22 0.5 80
64 22 0.5 80
67 22 0.5 80
66 22 0.5 80
65 22 0.5 80
57 19 0.5 80
55 19 0.5 80
56 19 0.5 80
57 20 0.5 80
63 23 0.5 80
55 21 0.5 80
53 20 0.5 80
53 19 0.5 80
53 21 0.5 80
54 20 0.5 80
54 21 0.5 80
55 20 0.5 80
53 16 0.5 80
53 17 0.5 80
53 18 0.5 80
52 21 0.5 80
51 22 0.5 80
51 21 0.5 80
62 30 0.5 80
63 30 0.5 80
61 30 0.5 80
59 28 0.5 80
60 28 0.5 80
58 28 0.5 80
61 29 0.5 80
60 29 0.5 80
58 25 0.5 80
58 26 0.5 80
58 27 0.5 80
60 30 0.5 80
64 30 0.5 80
64 29 0.5 80
64 31 0.5 80
57 27 0.5 80
57 28 0.5 80
60 31 0.5 80
58 30 0.5 80
58 29 0.5 80
25 55 0.5 84
25 54 0.5 84
23 55 0.5 84
23 56 0.5 84
24 55 0.5 84
22 52 0.5 84
23 54 0.5 84
23 52 0.5 84
23 53 0.5 84
24 60 0.5 84
25 60 0.5 84
23 60 0.5 84
22 61 0.5 84
23 61 0.5 84
24 61 0.5 84
25 58 0.5 84
24 58 0.5 84
23 59 0.5 84
23 58 0.5 84
22 57 0.5 84
22 58 0.5 84
26 60 0.5 84
26 59 0.5 84
26 61 0.5 84
27 60 0.5 84
26 58 0.5 84
27 58 0.5 84
28 61 0.5 84
29 61 0.5 84
27 61 0.5 84
28 60 0.5 84
28 57 0.5 84
27 57 0.5 84
26 55 0.5 84
27 55 0.5 84
27 56 0.5 84
26 56 0.5 84
22 51 0.5 84
21 57 0.5 84
36 65 0.5 84
37 65 0.5 84
38 65 0.5 84
38 66 0.5 84
35 65 0.5 84
35 64 0.5 84
32 57 0.5 84
33 59 0.5 84
32 58 0.5 84
32 59 0.5 84
39 60 0.5 84
38 60 0.5 84
37 60 0.5 84
36 60 0.5 84
35 60 0.5 84
34 58 0.5 84
35 59 0.5 84
34 59 0.5 84
39 59 0.5 84
39 58 0.5 84
39 57 0.5 84
40 56 0.5 84
40 55 0.5 84
40 57 0.5 84
32 60 0.5 84
39 63 0.5 84
38 63 0.5 84
37 63 0.5 84
37 61 0.5 84
37 62 0.5 84
40 63 0.5 84
39 64 0.5 84
38 64 0.5 84
41 64 0.5 84
41 63 0.5 84
31 56 0.5 84
30 56 0.5 84
32 56 0.5 84
30 58 0.5 84
30 57 0.5 84
29 57 0.5 84
29 56 0.5 84
33 55 0.5 84
33 54 0.5 84
32 55 0.5 84
74 37 0.5 65
75 37 0.5 65
75 38 0.5 65
73 36 0.5 65
72 36 0.5 65
73 37 0.5 65
73 35 0.5 65
75 36 0.5 65
76 36 0.5 65
77 36 0.5 65
78 36 0.5 65
79 36 0.5 65
77 37 0.5 65
80 36 0.5 65
80 37 0.5 65
79 37 0.5 65
79 38 0.5 65
81 36 0.5 65
81 35 0.5 65
71 38 0.5 65
71 39 0.5 65
70 39 0.5 65
72 38 0.5 65
73 40 0.5 65
73 39 0.5 65
72 40 0.5 65
71 40 0.5 65
74 40 0.5 65
73 41 0.5 65
71 37 0.5 65
72 37 0.5 65
71 43 0.5 65
72 43 0.5 65
70 43 0.5 65
70 44 0.5 65
70 45 0.5 65
70 46 0.5 65
69 47 0.5 65
69 48 0.5 65
69 46 0.5 65
70 49 0.5 65
69 49 0.5 65
68 45 0.5 65
69 45 0.5 65
70 42 0.5 65
70 41 0.5 65
70 40 0.5 65
69 40 0.5 65
65 54 0.5 65
66 54 0.5 65
66 56 0.5 65
66 55 0.5 65
67 55 0.5 65
64 54 0.5 65
68 55 0.5 65
69 55 0.5 65
70 55 0.5 65
71 52 0.5 65
71 51 0.5 65
71 50 0.5 65
70 50 0.5 65
71 54 0.5 65
70 54 0.5 65
71 53 0.5 65
72 50 0.5 65
87 79 0.5 123
87 80 0.5 123
87 78 0.5 123
89 79 0.5 123
89 80 0.5 123
89 78 0.5 123
88 80 0.5 123
89 77 0.5 123
87 77 0.5 123
88 77 0.5 123
87 75 0.5 123
87 76 0.5 123
88 75 0.5 123
86 77 0.5 123
86 76 0.5 123
89 85 0.5 123
90 85 0.5 123
88 85 0.5 123
88 84 0.5 123
89 86 0.5 123
86 83 0.5 123
87 83 0.5 123
87 82 0.5 123
88 83 0.5 123
87 81 0.5 123
88 81 0.5 123
91 85 0.5 123
84 74 0.5 123
84 73 0.5 123
83 72 0.5 123
84 72 0.5 123
84 75 0.5 123
84 76 0.5 123
83 75 0.5 123
85 76 0.5 123
85 80 0.5 123
85 79 0.5 123
84 79 0.5 123
83 77 0.5 123
84 77 0.5 123
83 78 0.5 123
83 79 0.5 123
82 77 0.5 123
81 77 0.5 123
92 61 0.5 123
93 61 0.5 123
94 61 0.5 123
94 60 0.5 123
91 61 0.5 123
95 60 0.5 123
92 60 0.5 123
89 63 0.5 123
89 62 0.5 123
90 62 0.5 123
89 66 0.5 123
89 64 0.5 123
89 65 0.5 123
90 61 0.5 123
95 59 0.5 123
93 63 0.5 123
93 62 0.5 123
93 64 0.5 123
94 64 0.5 123
95 64 0.5 123
92 63 0.5 123
94 59 0.5 123
94 57 0.5 123
94 58 0.5 123
95 58 0.5 123
92 57 0.5 123
93 57 0.5 123
89 67 0.5 123
89 68 0.5 123
99 59 0.5 123
98 59 0.5 123
97 59 0.5 123
98 58 0.5 123
99 60 0.5 123
96 57 0.5 123
96 58 0.5 123
96 59 0.5 123
0 59 0.5 123
87 69 0.5 123
88 69 0.5 123
89 69 0.5 123
84 70 0.5 123
84 69 0.5 123
84 71 0.5 123
86 70 0.5 123
87 70 0.5 123
85 70 0.5 123
83 69 0.5 123
5 58 0.5 123
4 58 0.5 123
6 59 0.5 123
6 58 0.5 123
1 60 0.5 123
0 60 0.5 123
0 61 0.5 123
1 61 0.5 123
99 61 0.5 123
99 63 0.5 123
99 62 0.5 123
0 64 0.5 123
1 63 0.5 123
0 63 0.5 123
2 60 0.5 123
2 59 0.5 123
2 58 0.5 123
2 63 0.5 123
3 58 0.5 123
3 57 0.5 123
6 54 0.5 123
6 55 0.5 123
6 56 0.5 123
6 57 0.5 123
5 57 0.5 123
4 57 0.5 123
1 65 0.5 123
0 65 0.5 123
98 63 0.5 123
98 64 0.5 123
98 65 0.5 123
35 14 0.5 162
35 13 0.5 162
34 13 0.5 162
31 14 0.5 162
31 13 0.5 162
32 13 0.5 162
33 13 0.5 162
30 14 0.5 162
29 14 0.5 162
29 15 0.5 162
29 13 0.5 162
27 16 0.5 162
27 17 0.5 162
29 16 0.5 162
28 16 0.5 162
28 14 0.5 162
26 16 0.5 162
35 15 0.5 162
35 16 0.5 162
30 22 0.5 162
31 21 0.5 162
30 21 0.5 162
29 21 0.5 162
29 17 0.5 162
29 19 0.5 162
29 18 0.5 162
29 20 0.5 162
30 20 0.5 162
28 18 0.5 162
38 20 0.5 162
38 19 0.5 162
36 19 0.5 162
37 19 0.5 162
39 19 0.5 162
36 20 0.5 162
36 21 0.5 162
35 20 0.5 162
36 18 0.5 162
36 17 0.5 162
36 16 0.5 162
38 4 0.5 162
38 5 0.5 162
39 5 0.5 162
36 7 0.5 162
37 7 0.5 162
37 8 0.5 162
38 7 0.5 162
38 6 0.5 162
37 14 0.5 162
37 12 0.5 162
36 13 0.5 162
37 13 0.5 162
37 11 0.5 162
37 10 0.5 162
37 9 0.5 162
27 8 0.5 162
27 7 0.5 162
27 6 0.5 162
26 10 0.5 162
26 8 0.5 162
26 9 0.5 162
25 10 0.5 162
24 10 0.5 162
23 10 0.5 162
30 10 0.5 162
30 11 0.5 162
29 10 0.5 162
29 9 0.5 162
30 12 0.5 162
29 12 0.5 162
28 9 0.5 162
28 8 0.5 162
23 9 0.5 162
23 1 0.5 162
22 1 0.5 162
23 2 0.5 162
22 2 0.5 162
23 0 0.5 162
22 99 0.5 162
22 0 0.5 162
21 99 0.5 162
20 99 0.5 162
23 99 0.5 162
22 98 0.5 162
21 98 0.5 162
20 98 0.5 162
24 1 0.5 162
19 7 0.5 162
19 6 0.5 162
20 5 0.5 162
20 6 0.5 162
21 4 0.5 162
20 4 0.5 162
21 3 0.5 162
22 3 0.5 162
24 4 0.5 162
25 5 0.5 162
24 5 0.5 162
26 5 0.5 162
27 5 0.5 162
23 3 0.5 162
23 4 0.5 162
22 4 0.5 162
40 5 0.5 162
41 5 0.5 162
41 4 0.5 162
41 3 0.5 162
27 4 0.5 162
27 3 0.5 162
15 5 0.5 162
16 6 0.5 162
15 6 0.5 162
16 7 0.5 162
14 6 0.5 162
13 5 0.5 162
14 5 0.5 162
12 5 0.5 162
12 6 0.5 162
16 2 0.5 162
15 2 0.5 162
16 4 0.5 162
15 4 0.5 162
15 3 0.5 162
16 5 0.5 162
15 1 0.5 162
16 1 0.5 162
17 1 0.5 162
16 0 0.5 162
16 99 0.5 162
15 0 0.5 162
14 99 0.5 162
15 99 0.5 162
13 99 0.5 162
17 5 0.5 162
18 4 0.5 162
18 6 0.5 162
18 5 0.5 162
12 99 0.5 162
12 98 0.5 162
11 98 0.5 162
11 99 0.5 162
10 97 0.5 162
11 97 0.5 162
9 97 0.5 162
16 96 0.5 162
16 97 0.5 162
15 98 0.5 162
16 98 0.5 162
15 96 0.5 162
14 96 0.5 162
14 95 0.5 162
13 96 0.5 162
9 96 0.5 162
16 95 0.5 162
7 94 0.5 162
8 94 0.5 162
7 93 0.5 162
8 93 0.5 162
9 94 0.5 162
9 93 0.5 162
10 93 0.5 162
9 95 0.5 162
88 2 0.5 60
88 3 0.5 60
87 2 0.5 60
87 1 0.5 60
85 2 0.5 60
86 3 0.5 60
85 3 0.5 60
86 2 0.5 60
87 0 0.5 60
91 3 0.5 60
91 4 0.5 60
90 3 0.5 60
89 3 0.5 60
89 4 0.5 60
95 2 0.5 60
94 2 0.5 60
94 1 0.5 60
93 1 0.5 60
92 1 0.5 60
92 2 0.5 60
91 2 0.5 60
91 0 0.5 60
90 0 0.5 60
89 0 0.5 60
88 0 0.5 60
90 99 0.5 60
90 98 0.5 60
88 99 0.5 60
88 98 0.5 60
90 95 0.5 60
90 96 0.5 60
90 97 0.5 60
89 95 0.5 60
89 94 0.5 60
87 93 0.5 60
88 93 0.5 60
88 95 0.5 60
88 94 0.5 60
97 5 0.5 60
96 5 0.5 60
95 5 0.5 60
99 3 0.5 60
99 4 0.5 60
99 2 0.5 60
0 2 0.5 60
97 4 0.5 60
98 4 0.5 60
0 1 0.5 60
95 4 0.5 60
95 3 0.5 60
0 0 0.5 60
94 4 0.5 60
1 1 0.5 60
2 1 0.5 60
97 6 0.5 60
1 2 0.5 60
93 6 0.5 60
93 5 0.5 60
93 4 0.5 60
97 7 0.5 60
43 45 0.5 16
43 44 0.5 16
43 42 0.5 16
43 43 0.5 16
42 41 0.5 16
42 42 0.5 16
46 41 0.5 16
47 41 0.5 16
47 40 0.5 16
46 42 0.5 16
46 43 0.5 16
47 43 0.5 16
48 43 0.5 16
44 43 0.5 16
45 43 0.5 16
47 39 0.5 16
56 92 0.5 24
55 92 0.5 24
54 91 0.5 24
55 91 0.5 24
55 90 0.5 24
54 87 0.5 24
56 87 0.5 24
56 88 0.5 24
55 87 0.5 24
57 88 0.5 24
56 89 0.5 24
55 89 0.5 24
53 87 0.5 24
50 89 0.5 24
50 90 0.5 24
50 92 0.5 24
50 91 0.5 24
52 92 0.5 24
51 92 0.5 24
52 91 0.5 24
53 90 0.5 24
53 91 0.5 24
49 92 0.5 24
49 91 0.5 24
77 17 0.5 18
77 18 0.5 18
78 18 0.5 18
78 17 0.5 18
79 18 0.5 18
80 18 0.5 18
80 17 0.5 18
76 16 0.5 18
75 16 0.5 18
75 17 0.5 18
74 16 0.5 18
77 16 0.5 18
73 18 0.5 18
73 17 0.5 18
73 16 0.5 18
72 16 0.5 18
77 14 0.5 18
77 15 0.5 18
59 99 0.5 16
60 99 0.5 16
58 99 0.5 16
57 99 0.5 16
58 0 0.5 16
64 0 0.5 16
64 99 0.5 16
61 0 0.5 16
62 0 0.5 16
63 0 0.5 16
61 99 0.5 16
63 99 0.5 16
65 0 0.5 16
57 0 0.5 16
56 0 0.5 16
55 0 0.5 16
49 57 0.5 15
49 58 0.5 15
50 58 0.5 15
50 57 0.5 15
48 58 0.5 15
51 58 0.5 15
49 59 0.5 15
49 60 0.5 15
50 60 0.5 15
54 58 0.5 15
54 59 0.5 15
52 58 0.5 15
52 59 0.5 15
53 59 0.5 15
52 60 0.5 15
40 34 0.5 1
93 74 0.5 12
93 73 0.5 12
94 75 0.5 12
93 75 0.5 12
94 69 0.5 12
94 70 0.5 12
94 71 0.5 12
95 69 0.5 12
93 70 0.5 12
93 72 0.5 12
94 72 0.5 12
95 72 0.5 12
2 16 0.5 1
21 80 0.5 2
20 80 0.5 2
26 93 0.5 7
26 94 0.5 7
24 91 0.5 7
24 90 0.5 7
25 93 0.5 7
24 92 0.5 7
25 92 0.5 7
59 81 0.5 2
60 81 0.5 2
37 83 0.5 21
37 82 0.5 21
36 83 0.5 21
36 82 0.5 21
33 83 0.5 21
35 83 0.5 21
34 85 0.5 21
34 84 0.5 21
34 83 0.5 21
34 86 0.5 21
32 82 0.5 21
31 83 0.5 21
31 82 0.5 21
29 82 0.5 21
30 82 0.5 21
32 81 0.5 21
33 81 0.5 21
35 81 0.5 21
34 81 0.5 21
32 80 0.5 21
36 81 0.5 21
94 11 0.5 6
94 10 0.5 6
95 11 0.5 6
93 12 0.5 6
94 12 0.5 6
92 12 0.5 6
57 37 0.5 1
20 21 0.5 2
21 21 0.5 2
50 7 0.5 4
49 8 0.5 4
50 8 0.5 4
48 8 0.5 4
1 94 0.5 8
2 93 0.5 8
2 94 0.5 8
1 96 0.5 8
2 96 0.5 8
1 95 0.5 8
3 96 0.5 8
3 94 0.5 8
86 39 0.5 1
31 68 0.5 1
