18.1117 28.2126 1 1
71.1435 6.43981 1 2
63.2345 26.5176 1 3
58.0219 49.8342 1 4
48.3603 48.021 1 5
97.6758 50.6713 1 6
0.716135 22.2879 1 7
16.3819 43.7268 1 8
61.5574 27.9167 1 9
24.289 23.5488 1 10
6.59671 72.2718 1 11
0.320067 72.5829 1 12
87.0925 74.6085 1 13
58.2127 64.2301 1 14
26.93 69.4887 1 15
41.9617 72.5946 1 16
61.3936 57.3571 1 17
77.0748 17.5141 1 18
54.0487 67.5901 1 19
85.2134 76.4549 1 20
91.2556 28.5543 1 21
10.8237 41.0899 1 22
6.47634 85.4806 1 23
14.3737 15.601 1 24
28.251 65.9618 1 25
69.2864 66.0458 1 26
56.7053 36.5068 1 27
56.8241 90.1996 1 28
29.0581 99.3396 1 29
7.19549 81.002 1 30
52.1297 69.0186 1 31
63.4603 2.20642 1 32
99.2346 4.17705 1 33
32.7432 87.422 1 34
25.6172 19.2024 1 35
92.8587 73.2415 1 36
99.7759 88.9224 1 37
11.0682 89.3151 1 38
3.53085 79.4147 1 39
40.6829 78.8956 1 40
68.261 89.1845 1 41
33.5935 94.6225 1 42
23.21 25.2665 1 43
85.6898 91.6824 1 44
72.6683 23.398 1 45
17.0392 68.8416 1 46
78.1324 93.6186 1 47
48.6314 78.1347 1 48
69.9524 21.392 1 49
56.9283 76.5912 1 50
98.3822 47.141 1 51
32.4397 99.8893 1 52
50.3942 36.5884 1 53
59.3663 84.9113 1 54
19.5854 80.8422 1 55
37.3977 46.0158 1 56
26.8841 93.046 1 57
42.2535 53.808 1 58
70.3389 60.7538 1 59
88.0844 2.6501 1 60
7.00764 26.3838 1 61
84.6159 6.48427 1 62
71.9649 68.1898 1 63
15.3566 46.6672 1 64
70.2994 55.43 1 65
1.59945 8.55003 1 66
90.8082 87.0139 1 67
4.85713 12.0258 1 68
70.1029 57.9041 1 69
58.7187 10.3146 1 70
54.7817 31.4766 1 71
75.9683 67.4716 1 72
49.4098 45.6644 1 73
66.2025 70.6449 1 74
58.4429 39.1209 1 75
10.2504 20.91 1 76
84.1027 3.65003 1 77
8.60475 30.3099 1 78
31.4426 26.2473 1 79
71.3971 72.6335 1 80
0.744079 26.3612 1 81
31.8734 96.4539 1 82
76.4231 19.5795 1 83
59.5014 24.0531 1 84
24.5629 78.4176 1 85
99.8023 17.0983 1 86
11.6758 98.0597 1 87
47.7202 8.49534 1 88
1.02899 57.7725 1 89
40.93 10.6775 1 90
4.15974 47.2386 1 91
9.09185 25.1719 1 92
88.0104 55.8321 1 93
76.5422 27.6665 1 94
82.7735 81.5734 1 95
17.1355 51.9716 1 96
46.4903 45.262 1 97
17.0311 19.0117 1 98
2.17507 63.6336 1 99
91.567 78.0622 1 100
10.1054 94.1355 1 101
92.7829 37.2172 1 102
65.8434 94.2641 1 103
31.6665 62.5533 1 104
76.9611 71.7726 1 105
7.69723 63.2749 1 106
40.516 18.6675 1 107
18.9876 40.7545 1 108
19.4143 16.1989 1 109
40.3171 5.85702 1 110
56.5085 97.7056 1 111
24.7026 21.2023 1 112
28.171 96.0734 1 113
21.0694 31.2309 1 114
29.1821 11.8526 1 115
89.096 23.1496 1 116
59.8403 31.6512 1 117
80.9382 34.4289 1 118
97.7424 28.8581 1 119
48.2828 28.5337 1 120
20.0967 0.517531 1 121
2.39911 23.8652 1 122
17.6197 82.8652 1 123
22.2063 15.8432 1 124
55.1364 15.2119 1 125
65.7967 38.2945 1 126
40.3297 47.2183 1 127
78.0875 32.7783 1 128
76.7361 5.08377 1 129
64.4508 72.5896 1 130
29.6836 81.1305 1 131
26.6687 16.666 1 132
70.402 97.937 1 133
68.0616 40.8712 1 134
43.5131 4.42818 1 135
64.386 50.5579 1 136
88.6704 35.9022 1 137
32.8865 39.1642 1 138
56.7408 19.6228 1 139
25.6725 90.2169 1 140
95.8543 62.7901 1 141
79.6432 72.205 1 142
0.00697998 38.4802 1 143
65.598 3.2431 1 144
17.0738 14.8285 1 145
98.8427 12.4954 1 146
10.7551 0.484587 1 147
61.0792 66.7605 1 148
44.3247 51.0111 1 149
60.1839 76.8208 1 150
9.73218 46.7897 1 151
10.2869 57.9788 1 152
1.00936 14.1478 1 153
14.95 51.7104 1 154
37.7171 96.7494 1 155
79.6171 25.419 1 156
61.8201 24.0464 1 157
35.2964 16.6584 1 158
17.9913 62.1352 1 159
65.9433 32.6306 1 160
45.4163 94.4148 1 161
87.8352 45.0907 1 162
20.9895 73.2842 1 163
58.1996 15.2188 1 164
67.4959 50.1671 1 165
11.3431 85.7246 1 166
1.39658 35.8356 1 167
22.4695 81.4104 1 168
67.005 61.2694 1 169
78.993 5.20538 1 170
57.8568 93.3308 1 171
47.2001 88.8091 1 172
33.4472 22.0458 1 173
75.9871 87.833 1 174
99.6333 96.3675 1 175
23.0744 28.0512 1 176
26.0582 64.3082 1 177
59.1727 41.5688 1 178
9.21038 35.7725 1 179
33.5229 3.98793 1 180
83.7616 66.5732 1 181
14.5015 2.78984 1 182
58.5416 18.6857 1 183
93.4041 42.8303 1 184
52.113 96.4894 1 185
35.9072 70.2535 1 186
23.1707 61.3997 1 187
73.474 3.59015 1 188
34.6837 99.102 1 189
63.3559 47.0858 1 190
68.0709 9.62533 1 191
15.5252 72.5166 1 192
9.77354 7.20541 1 193
36.371 43.4742 1 194
72.8813 75.8452 1 195
86.3026 29.0114 1 196
82.8074 55.8374 1 197
3.74815 34.9796 1 198
94.4872 25.8335 1 199
68.6071 3.19949 1 200
68.0907 30.6478 1 201
51.6776 80.8729 1 202
64.0106 95.1434 1 203
90.4974 33.7808 1 204
75.3768 35.6444 1 205
37.5267 39.4767 1 206
31.1532 74.124 1 207
13.8044 31.9871 1 208
67.4261 85.3244 1 209
66.9011 64.7467 1 210
94.825 75.0311 1 211
24.9874 81.6921 1 212
52.4931 28.8968 1 213
78.3589 84.658 1 214
41.2026 76.6499 1 215
92.9082 56.8245 1 216
44.4192 76.8397 1 217
82.5802 36.3755 1 218
92.6415 76.2606 1 219
18.2802 65.0525 1 220
72.3304 27.8103 1 221
86.1043 49.808 1 222
78.3068 53.4022 1 223
72.5644 78.0844 1 224
80.7562 88.5884 1 225
54.4505 91.5897 1 226
70.5258 77.8281 1 227
61.3288 47.5205 1 228
73.3201 45.4838 1 229
44.6766 43.2412 1 230
64.9492 85.2065 1 231
27.9931 79.2357 1 232
26.7046 57.3885 1 233
44.4107 35.125 1 234
86.4058 16.2951 1 235
92.1005 95.5214 1 236
43.4867 55.4776 1 237
39.9113 62.1436 1 238
63.4175 89.2145 1 239
45.7523 41.1589 1 240
74.9662 62.0444 1 241
56.5374 6.33292 1 242
26.1059 45.5829 1 243
1.76887 41.821 1 244
28.999 17.7068 1 245
96.7792 66.1688 1 246
80.725 58.4526 1 247
66.4338 28.513 1 248
59.177 87.1444 1 249
4.60473 41.2803 1 250
37.8212 30.9589 1 251
80.572 7.43262 1 252
96.6356 38.6512 1 253
12.9571 21.1229 1 254
76.4558 23.671 1 255
50.4534 0.659748 1 256
53.537 89.7202 1 257
41.6613 87.1958 1 258
83.7394 46.5022 1 259
35.8077 33.7859 1 260
52.8421 18.4396 1 261
53.1516 35.7368 1 262
35.9719 49.8179 1 263
3.59985 57.1515 1 264
66.4804 16.5461 1 265
95.2455 7.61049 1 266
12.6229 39.0244 1 267
97.0745 58.1443 1 268
2.26862 89.9698 1 269
98.2239 82.5803 1 270
45.6447 58.3607 1 271
10.3679 64.5442 1 272
59.8894 55.3081 1 273
30.3681 68.7614 1 274
19.9318 50.9226 1 275
7.47517 32.5763 1 276
61.6609 50.1907 1 277
96.7049 98.8119 1 278
42.2936 84.5388 1 279
1.06345 76.3313 1 280
36.6423 65.5964 1 281
36.6239 1.12152 1 282
57.1257 30.3173 1 283
89.3568 65.2352 1 284
27.5463 71.8145 1 285
49.4329 34.3248 1 286
98.49 44.6936 1 287
9.27603 71.0418 1 288
94.5907 18.8626 1 289
83.3178 92.6529 1 290
22.013 78.6637 1 291
12.2062 25.0663 1 292
95.9173 16.5241 1 293
96.0665 70.7135 1 294
45.3345 15.4289 1 295
81.3374 64.7416 1 296
89.8643 8.01419 1 297
30.4564 86.7604 1 298
50.2131 18.9848 1 299
10.1854 9.31047 1 300
66.7399 13.6516 1 301
36.5192 79.9064 1 302
86.404 70.4128 1 303
15.9662 76.1298 1 304
62.4372 4.13857 1 305
44.2654 13.1621 1 306
39.7519 90.5859 1 307
2.54387 11.6299 1 308
69.3769 14.5197 1 309
31.9723 33.2582 1 310
85.5347 94.6196 1 311
66.3883 53.8056 1 312
3.53332 60.7703 1 313
7.51465 37.7908 1 314
70.6782 30.6755 1 315
77.631 21.4349 1 316
20.7023 4.45514 1 317
53.1532 64.5967 1 318
72.85 1.6668 1 319
40.0144 71.1558 1 320
43.6227 2.11883 1 321
30.0297 77.2898 1 322
48.5072 64.4265 1 323
7.44266 15.5261 1 324
73.0391 59.0266 1 325
56.5543 83.2282 1 326
88.9781 6.18942 1 327
33.6284 80.027 1 328
28.2919 84.9867 1 329
87.3244 11.8751 1 330
77.0206 14.331 1 331
78.2235 0.112013 1 332
30.7512 41.7191 1 333
4.2805 76.4236 1 334
37.3667 14.0694 1 335
20.8247 59.9347 1 336
85.521 67.7741 1 337
44.9756 26.936 1 338
16.7703 39.8553 1 339
53.751 58.6871 1 340
97.6766 60.6696 1 341
68.7733 74.6626 1 342
69.3733 63.2968 1 343
2.20132 71.4102 1 344
78.513 86.8305 1 345
37.2447 61.0377 1 346
69.1679 37.2538 1 347
20.9195 70.0514 1 348
23.3981 97.9091 1 349
38.0671 52.6584 1 350
38.9541 22.1457 1 351
69.8468 95.5204 1 352
30.6282 92.4315 1 353
61.3401 91.1841 1 354
91.2701 60.772 1 355
4.49078 53.2616 1 356
2.11366 86.688 1 357
83.7507 26.7636 1 358
27.2471 7.29659 1 359
3.0414 32.9212 1 360
84.8389 1.6306 1 361
82.7265 13.8082 1 362
77.2497 97.6821 1 363
34.3727 62.6999 1 364
31.5957 9.97893 1 365
93.0999 21.5327 1 366
6.95548 60.4154 1 367
98.9487 93.0414 1 368
23.7455 88.4925 1 369
21.3169 56.7579 1 370
72.3984 40.8758 1 371
51.6419 82.8888 1 372
11.1645 78.2858 1 373
80.2576 81.6234 1 374
9.5235 33.1893 1 375
16.5083 5.7381 1 376
36.9719 63.4046 1 377
84.1572 96.1658 1 378
45.7012 64.1399 1 379
12.4177 75.4621 1 380
92.6477 81.1364 1 381
18.2672 95.1035 1 382
20.2172 44.1106 1 383
86.8278 22.8977 1 384
90.2784 10.6068 1 385
20.3183 18.1537 1 386
74.3488 99.2436 1 387
84.1753 58.3777 1 388
17.1443 7.69827 1 389
26.5002 36.102 1 390
35.7955 8.14614 1 391
94.8507 5.35337 1 392
83.4742 87.4187 1 393
53.4239 47.5271 1 394
86.225 62.6644 1 395
16.18 86.5398 1 396
34.4585 59.8999 1 397
40.1455 85.6246 1 398
3.6614 66.84 1 399
82.8972 21.8044 1 400
54.344 9.84413 1 401
61.1446 71.646 1 402
44.4801 19.7278 1 403
82.5401 90.7333 1 404
23.8415 5.79746 1 405
64.8933 19.28 1 406
26.9002 38.8232 1 407
9.60692 80.3348 1 408
8.17505 78.8243 1 409
81.8099 83.9172 1 410
46.7652 52.5995 1 411
77.8953 42.1058 1 412
27.5074 49.6715 1 413
57.6693 53.5003 1 414
17.7434 72.9191 1 415
59.7521 62.9102 1 416
80.0347 56.0103 1 417
41.7464 68.6423 1 418
12.2665 62.1196 1 419
51.3974 5.05254 1 420
94.786 87.305 1 421
89.4436 75.4765 1 422
43.9709 31.961 1 423
42.284 99.0432 1 424
29.4988 51.1789 1 425
10.2283 23.4688 1 426
85.6742 39.5435 1 427
94.7434 40.5491 1 428
68.4473 91.6515 1 429
82.6698 51.4471 1 430
28.7582 62.4227 1 431
54.8086 44.0998 1 432
26.1713 52.3933 1 433
17.8793 12.1812 1 434
34.0914 76.6605 1 435
8.64838 86.6187 1 436
88.9695 15.0967 1 437
37.9228 92.2106 1 438
79.7893 74.2776 1 439
94.7048 60.6724 1 440
15.9166 96.1948 1 441
86.1294 25.3136 1 442
92.4309 10.846 1 443
93.8304 54.5382 1 444
67.2165 77.3153 1 445
82.8104 62.3243 1 446
10.5848 52.6849 1 447
85.8746 20.4592 1 448
56.0194 55.0937 1 449
21.393 76.7082 1 450
35.9859 19.0166 1 451
86.0235 55.3695 1 452
38.0553 34.7533 1 453
43.9852 9.4179 1 454
91.0491 69.0303 1 455
81.6617 38.7047 1 456
81.5434 28.3489 1 457
37.1235 71.9595 1 458
75.6871 3.02251 1 459
98.6871 99.6202 1 460
63.4761 29.0879 1 461
5.25752 31.2422 1 462
71.2126 36.9411 1 463
4.4227 82.3221 1 464
56.8539 79.6209 1 465
36.8913 75.5483 1 466
69.6119 11.0541 1 467
84.4621 63.9006 1 468
24.8737 1.8911 1 469
41.6845 94.709 1 470
21.2979 64.8897 1 471
81.1587 49.4015 1 472
78.7673 67.0713 1 473
63.0382 65.5568 1 474
62.922 85.571 1 475
48.8732 72.4955 1 476
51.4847 11.0585 1 477
7.11125 57.6395 1 478
58.8439 1.22879 1 479
57.6761 43.9728 1 480
14.3488 56.0719 1 481
63.268 74.8368 1 482
18.8205 67.045 1 483
49.8681 54.8586 1 484
21.3688 90.1876 1 485
90.2342 57.4724 1 486
54.5093 83.1691 1 487
73.2176 11.8581 1 488
0.13376 30.7971 1 489
32.1877 71.178 1 490
69.2087 33.8913 1 491
35.8786 24.0151 1 492
90.059 43.3325 1 493
15.781 41.719 1 494
17.0399 31.5646 1 495
40.2244 97.4558 1 496
72.8957 64.4326 1 497
59.0107 68.9979 1 498
48.8065 57.2001 1 499
53.2148 38.8318 1 500
85.0377 14.6185 1 501
55.8947 2.71803 1 502
5.06981 17.1228 1 503
50.8063 65.087 1 504
13.5799 65.51 1 505
28.6913 34.7461 1 506
98.6763 14.8524 1 507
38.8575 69.312 1 508
17.0559 78.8389 1 509
83.7513 98.4284 1 510
31.2552 35.5447 1 511
61.7285 53.5946 1 512
75.1045 54.8052 1 513
26.8171 9.46043 1 514
73.7986 15.9243 1 515
94.0564 69.0431 1 516
84.0863 71.2273 1 517
94.1954 78.235 1 518
79.0894 45.9623 1 519
21.6303 85.7593 1 520
85.3099 30.8291 1 521
8.94671 90.3132 1 522
34.9694 73.9316 1 523
98.1086 85.3819 1 524
91.444 50.0086 1 525
0.393455 1.38386 1 526
87.5562 67.3296 1 527
4.0755 39.0887 1 528
99.2321 77.5841 1 529
32.7296 23.9385 1 530
1.17736 59.8175 1 531
91.9934 46.8225 1 532
39.71 14.0631 1 533
47.3021 67.8707 1 534
15.665 37.5517 1 535
5.01975 9.14785 1 536
56.3721 39.4236 1 537
15.2897 10.5238 1 538
24.1524 39.8386 1 539
50.7935 31.1019 1 540
42.2976 17.0158 1 541
31.4798 29.1753 1 542
81.6026 42.0063 1 543
53.9766 53.0144 1 544
66.6968 90.5386 1 545
89.5886 47.1436 1 546
5.91615 21.9267 1 547
71.5898 90.1213 1 548
92.887 16.6438 1 549
63.5086 81.3368 1 550
63.0626 31.1365 1 551
2.75142 55.0796 1 552
79.0057 77.3037 1 553
8.85076 39.8449 1 554
10.9234 14.7259 1 555
17.7417 37.8709 1 556
14.9126 81.5103 1 557
3.74029 19.3608 1 558
58.2234 47.7525 1 559
46.6932 36.3269 1 560
26.7206 42.9759 1 561
69.3416 52.7355 1 562
89.0886 26.0636 1 563
59.3928 45.7696 1 564
9.00682 12.1621 1 565
96.6343 80.3689 1 566
6.54014 52.6423 1 567
65.5913 41.8054 1 568
11.7014 4.66914 1 569
9.36022 55.0936 1 570
3.8583 5.73041 1 571
57.6597 67.1786 1 572
2.57594 99.7306 1 573
64.5589 8.62419 1 574
66.7606 99.928 1 575
13.5269 70.6945 1 576
28.2581 4.62759 1 577
36.9991 94.1023 1 578
33.1662 69.3798 1 579
55.9287 22.9338 1 580
52.6547 72.7383 1 581
80.3698 3.10942 1 582
91.7153 0.614334 1 583
79.5672 19.6609 1 584
32.391 48.485 1 585
60.6555 82.3931 1 586
75.5051 30.634 1 587
65.843 6.47462 1 588
33.0855 19.4341 1 589
54.7221 99.2973 1 590
27.1868 13.2772 1 591
12.4963 36.7042 1 592
44.1666 74.8533 1 593
28.8199 58.7294 1 594
19.1194 97.1451 1 595
97.4398 2.71905 1 596
98.3365 71.6511 1 597
93.5596 50.4989 1 598
15.4084 84.6926 1 599
72.8789 54.6028 1 600
50.172 94.9523 1 601
72.9129 91.9124 1 602
67.2718 56.6616 1 603
49.6806 80.0266 1 604
13.1589 47.3467 1 605
99.7497 66.5364 1 606
56.0244 71.6055 1 607
15.2708 35.3127 1 608
47.3687 91.4901 1 609
17.678 24.0318 1 610
90.7419 92.556 1 611
72.7909 20.6268 1 612
12.016 80.6191 1 613
21.0036 62.5222 1 614
77.8498 62.5779 1 615
91.3042 40.0484 1 616
58.7333 73.6624 1 617
11.0389 95.9875 1 618
94.0395 96.104 1 619
0.716061 47.4755 1 620
88.9615 96.0672 1 621
30.7778 53.7414 1 622
89.5432 62.0522 1 623
95.6539 73.1208 1 624
0.657652 80.2955 1 625
66.7844 67.0123 1 626
61.6451 36.0672 1 627
15.453 67.1037 1 628
28.4518 26.5233 1 629
15.3447 29.9317 1 630
72.1829 42.866 1 631
99.4738 62.8112 1 632
59.5919 52.476 1 633
86.4576 81.5697 1 634
91.268 90.2401 1 635
34.2996 86.0845 1 636
39.8241 43.3491 1 637
37.3782 11.7531 1 638
59.9423 6.48799 1 639
59.4586 35.2241 1 640
58.0107 95.7095 1 641
63.3485 15.5286 1 642
34.857 92.9561 1 643
65.5738 82.989 1 644
40.2051 33.1503 1 645
27.011 29.7402 1 646
43.9894 92.7944 1 647
44.0747 24.4421 1 648
11.8625 30.2846 1 649
50.8132 57.4221 1 650
28.7563 43.2635 1 651
74.2793 6.7577 1 652
94.1772 84.5176 1 653
12.3204 72.7386 1 654
44.835 39.0078 1 655
24.9857 31.7092 1 656
37.5442 3.65288 1 657
67.9979 23.7753 1 658
74.1088 37.3825 1 659
85.1242 44.4254 1 660
19.5456 46.6975 1 661
86.99 88.1349 1 662
44.2102 78.9686 1 663
56.781 61.1013 1 664
85.5491 53.1685 1 665
19.9958 83.3001 1 666
22.9851 54.4705 1 667
81.008 79.0525 1 668
8.97008 66.8018 1 669
89.7656 12.9028 1 670
32.9641 84.5314 1 671
89.3784 83.7738 1 672
40.4982 52.2251 1 673
6.29664 4.34664 1 674
97.5614 96.7045 1 675
18.0123 21.2306 1 676
15.458 89.566 1 677
16.0874 22.7906 1 678
82.0823 68.8078 1 679
55.4283 47.6761 1 680
73.0357 96.0773 1 681
12.9104 88.4669 1 682
47.3744 13.4525 1 683
51.0284 88.8881 1 684
73.8475 26.11 1 685
40.5851 36.7526 1 686
74.8287 22.4059 1 687
26.6731 54.5281 1 688
55.4003 88.1085 1 689
46.711 2.71561 1 690
88.6338 53.4149 1 691
47.2779 24.4344 1 692
96.0793 22.1678 1 693
54.1708 93.9084 1 694
72.2901 38.6894 1 695
20.1413 25.8846 1 696
9.9044 74.0264 1 697
72.3935 84.5249 1 698
73.7426 51.2244 1 699
68.3566 43.4355 1 700
29.2706 47.0151 1 701
44.4817 0.28639 1 702
45.2054 81.3532 1 703
68.688 80.4879 1 704
86.2609 84.5397 1 705
22.5533 46.4943 1 706
22.5565 37.3709 1 707
34.4915 40.9645 1 708
88.2036 72.1733 1 709
92.516 13.4642 1 710
27.9341 76.9679 1 711
74.6095 13.8309 1 712
16.14 26.6868 1 713
4.43896 71.9742 1 714
79.559 61.413 1 715
68.51 18.8314 1 716
61.6091 99.6403 1 717
71.322 47.8046 1 718
7.85228 2.22434 1 719
20.8692 7.58314 1 720
88.1058 38.9893 1 721
42.3622 64.6751 1 722
12.6432 58.1583 1 723
37.8962 8.01573 1 724
48.135 17.5231 1 725
24.3385 11.0882 1 726
12.9435 94.0167 1 727
64.4153 45.1822 1 728
12.884 83.1873 1 729
58.2991 33.1943 1 730
74.374 93.724 1 731
5.84371 95.2358 1 732
82.1535 31.4984 1 733
53.5132 33.2533 1 734
97.9481 18.4214 1 735
75.395 69.9271 1 736
45.0837 60.9825 1 737
36.0265 21.5751 1 738
46.4658 31.9289 1 739
84.98 10.7562 1 740
94.523 98.4278 1 741
76.4455 52.3668 1 742
64.9324 21.8799 1 743
93.6212 66.2402 1 744
48.169 60.8485 1 745
17.9924 56.3965 1 746
51.5898 33.9514 1 747
86.8545 9.66773 1 748
76.6214 40.5077 1 749
47.5083 83.4448 1 750
31.6947 7.09291 1 751
26.9331 59.3926 1 752
25.0242 28.5834 1 753
6.08244 50.4808 1 754
90.9453 18.2056 1 755
10.6647 91.5555 1 756
30.115 20.3927 1 757
12.8959 52.9122 1 758
98.6246 40.5551 1 759
80.5871 95.0678 1 760
11.0206 60.1467 1 761
96.6782 68.6548 1 762
76.7791 47.8558 1 763
23.3945 72.7363 1 764
46.6785 98.7835 1 765
9.57723 83.2177 1 766
19.9603 34.1575 1 767
5.94738 44.6308 1 768
56.1958 11.3335 1 769
52.5032 2.24874 1 770
56.5389 26.775 1 771
26.0181 75.3801 1 772
16.0737 98.8461 1 773
4.79259 0.558447 1 774
5.18584 69.6408 1 775
0.327485 43.7964 1 776
97.277 88.6557 1 777
80.9665 98.7068 1 778
59.1743 98.7752 1 779
88.7918 69.0668 1 780
45.1912 71.1428 1 781
42.1009 28.6815 1 782
29.0253 29.9236 1 783
69.3916 8.01839 1 784
93.7463 63.0687 1 785
32.345 12.6184 1 786
37.555 58.1676 1 787
1.65746 78.4449 1 788
6.53262 74.6408 1 789
37.8043 83.0258 1 790
59.9988 21.53 1 791
47.7147 6.18217 1 792
90.8028 71.6389 1 793
63.612 34.5977 1 794
7.55366 8.22017 1 795
22.7184 92.655 1 796
64.8906 24.6862 1 797
80.883 85.7722 1 798
37.5231 16.9185 1 799
42.6378 43.8516 1 800
25.2063 60.8582 1 801
54.1016 77.4372 1 802
77.7624 78.9539 1 803
13.7162 96.9211 1 804
90.7815 73.8461 1 805
98.902 36.5288 1 806
25.3665 48.114 1 807
2.44692 74.5396 1 808
24.2405 41.9902 1 809
53.4282 50.3503 1 810
14.1808 99.7831 1 811
9.53692 18.3543 1 812
79.7118 22.3169 1 813
88.9243 17.6297 1 814
34.4535 45.6103 1 815
24.873 93.6594 1 816
45.3731 89.7412 1 817
3.76395 96.807 1 818
48.5183 31.3649 1 819
63.6521 60.2152 1 820
32.9523 54.6718 1 821
45.4325 54.5247 1 822
30.1737 90.2328 1 823
6.10411 34.049 1 824
7.37481 28.64 1 825
75.6369 33.0771 1 826
99.2552 54.3529 1 827
84.8756 79.9245 1 828
55.0334 95.961 1 829
25.7727 4.04796 1 830
9.97403 76.65 1 831
69.2105 45.5098 1 832
81.1904 44.4681 1 833
66.1845 34.9768 1 834
94.9583 10.0943 1 835
93.9795 29.8479 1 836
77.7765 9.7569 1 837
45.3367 84.0896 1 838
10.3752 27.5645 1 839
35.3847 81.6254 1 840
31.5422 65.6846 1 841
30.2069 44.6959 1 842
40.6273 8.51572 1 843
63.9897 79.189 1 844
73.8996 86.7217 1 845
42.0876 91.9091 1 846
14.1047 24.1238 1 847
96.5517 54.188 1 848
82.0625 9.81136 1 849
23.778 13.616 1 850
97.8227 20.9383 1 851
47.9043 86.6382 1 852
36.9941 89.4027 1 853
86.169 65.1373 1 854
77.4437 59.1063 1 855
3.02403 16.7311 1 856
0.941747 94.6399 1 857
68.1504 97.4394 1 858
86.1748 36.867 1 859
52.4495 55.9141 1 860
76.4255 64.7385 1 861
76.879 75.6227 1 862
91.9216 8.05218 1 863
61.446 33.2929 1 864
43.7024 22.1745 1 865
97.8057 8.57438 1 866
83.6991 74.8915 1 867
87.9675 79.4274 1 868
65.5756 11.596 1 869
75.1496 73.8698 1 870
24.7792 8.3683 1 871
74.0533 80.5971 1 872
7.53648 83.4189 1 873
75.5302 11.4621 1 874
20.2564 87.8314 1 875
18.833 75.5069 1 876
60.4423 9.15568 1 877
69.443 84.326 1 878
30.2187 23.3491 1 879
17.6045 3.04225 1 880
7.82805 96.3978 1 881
50.3088 59.4345 1 882
36.9116 37.5475 1 883
48.7401 38.3132 1 884
91.6531 97.6719 1 885
55.1615 74.6928 1 886
87.274 27.2428 1 887
60.6381 19.1982 1 888
74.7395 77.4591 1 889
79.9481 12.125 1 890
75.3239 9.17494 1 891
65.4959 88.8454 1 892
73.4255 71.4547 1 893
19.4783 91.4461 1 894
61.2146 87.5794 1 895
13.2321 17.7068 1 896
0.588147 69.9602 1 897
42.0548 23.921 1 898
58.4499 4.17631 1 899
51.7535 76.7599 1 900
12.6397 1.34425 1 901
95.6868 56.1763 1 902
91.2906 26.4606 1 903
2.27678 2.93101 1 904
36.5253 56.4097 1 905
24.2554 44.4482 1 906
34.9312 12.2374 1 907
23.2594 51.5961 1 908
36.181 86.8623 1 909
70.8475 0.769996 1 910
40.9558 58.8673 1 911
44.9678 86.7668 1 912
64.5307 99.5351 1 913
59.9602 43.4282 1 914
81.9049 24.608 1 915
69.5814 49.1189 1 916
86.2544 34.6423 1 917
92.5811 4.90587 1 918
4.09016 14.4961 1 919
88.0068 59.2435 1 920
91.8845 84.6408 1 921
40.7921 1.76666 1 922
66.2542 48.4224 1 923
26.6632 0.0382303 1 924
70.5984 93.1824 1 925
1.81862 5.87131 1 926
9.36604 48.9145 1 927
49.6612 69.0621 1 928
29.8882 94.3174 1 929
93.5353 23.7375 1 930
93.5179 90.9387 1 931
32.1866 14.9348 1 932
68.8816 70.2774 1 933
12.4714 12.3498 1 934
50.0935 24.3854 1 935
49.8856 8.49197 1 936
92.7838 2.88326 1 937
43.3698 59.2643 1 938
16.485 63.8949 1 939
13.1681 43.049 1 940
52.8961 14.5688 1 941
14.1692 61.0625 1 942
78.1125 69.4972 1 943
6.95506 66.4239 1 944
22.1331 10.8366 1 945
30.1943 3.91389 1 946
35.724 31.6051 1 947
25.7357 34.2166 1 948
16.9755 60.2935 1 949
74.9239 49.0178 1 950
23.3643 66.0128 1 951
64.0034 93.12 1 952
77.0512 82.8847 1 953
10.9913 50.1759 1 954
24.6455 57.6356 1 955
36.5627 84.875 1 956
83.9555 19.2866 1 957
29.0913 88.5074 1 958
96.1055 31.6431 1 959
40.1628 39.3876 1 960
14.0828 5.46171 1 961
83.8171 29.0841 1 962
54.4109 80.5844 1 963
44.9409 7.38231 1 964
56.2523 41.8991 1 965
61.1769 74.6359 1 966
90.2296 38.0925 1 967
70.1985 4.47396 1 968
38.8903 27.3764 1 969
39.561 99.8758 1 970
79.5256 90.9581 1 971
34.0271 26.3452 1 972
72.1147 18.6596 1 973
88.277 86.4507 1 974
3.37508 51.4975 1 975
26.8137 21.3723 1 976
45.326 11.3661 1 977
6.62051 90.5929 1 978
96.5663 27.1294 1 979
78.9896 38.1063 1 980
38.8682 74.6274 1 981
51.6671 45.6148 1 982
55.1564 62.6625 1 983
86.5097 46.7858 1 984
96.8936 5.59118 1 985
33.9218 35.0973 1 986
63.4267 17.7951 1 987
87.7071 90.3451 1 988
23.5383 18.3168 1 989
30.7428 83.196 1 990
2.65189 48.8064 1 991
43.898 96.8807 1 992
54.4364 20.9188 1 993
98.8872 56.6574 1 994
7.05856 46.6864 1 995
4.86 91.5915 1 996
42.7044 62.3911 1 997
73.3713 34.7635 1 998
34.5054 51.4811 1 999
37.2802 48.2867 1 1000
