17.9714 28.1942 1 1
71.0039 6.46318 1 2
63.1418 26.4106 1 3
58.1459 49.9024 1 4
48.479 48.0982 1 5
97.6834 50.5299 1 6
0.857697 22.2884 1 7
16.2404 43.7207 1 8
61.4204 27.8809 1 9
24.2582 23.5632 1 10
23.21 25.2665 1 10
6.7182 72.3445 1 11
0.311884 72.4416 1 12
98.4609 71.6841 1 12
86.9517 74.5941 1 13
58.3066 64.2924 1 14
59.7521 62.9102 1 14
27.0618 69.4371 1 15
41.8951 72.7195 1 16
61.4587 57.4829 1 17
77.0715 17.6556 1 18
54.1479 67.4891 1 19
85.2064 76.5963 1 20
91.3385 28.669 1 21
10.7144 41.1799 1 22
6.4263 85.3482 1 23
14.2542 15.5252 1 24
28.2181 65.8241 1 25
69.2652 66.1857 1 26
56.7305 36.3676 1 27
56.9514 90.2616 1 28
29.1587 99.4392 1 29
7.22202 81.1411 1 30
52.2662 68.981 1 31
63.5345 2.08587 1 32
99.168 4.30194 1 33
32.6026 87.4387 1 34
25.5096 19.1104 1 35
92.7341 73.1743 1 36
99.7131 88.7956 1 37
10.9445 89.384 1 38
3.53973 79.556 1 39
40.6664 78.755 1 40
68.2177 89.2397 1 41
66.6968 90.5386 1 41
65.6187 88.854 1 41
33.5898 94.764 1 42
85.8047 91.5997 1 43
72.7244 23.5279 1 44
17.0779 68.9778 1 45
78.0024 93.6747 1 46
48.56 78.0125 1 47
69.8814 21.2695 1 48
56.7937 76.5475 1 49
98.5019 47.2165 1 50
32.4523 99.7483 1 51
50.5024 36.4971 1 52
59.4848 84.9887 1 53
19.7265 80.8539 1 54
37.4564 45.887 1 55
26.7877 93.0815 1 56
24.873 93.6594 1 56
42.2027 53.6759 1 57
70.4505 60.6666 1 58
88.22 2.69079 1 59
6.89705 26.2954 1 60
84.4991 6.40434 1 61
71.8434 68.1171 1 62
15.2152 46.6592 1 63
70.3521 55.2986 1 64
1.70924 8.6394 1 65
90.9422 86.9683 1 66
4.99179 12.0695 1 67
69.9821 57.8303 1 68
58.8249 10.4083 1 69
60.4773 9.28158 1 69
54.8173 31.3395 1 70
75.9612 67.3302 1 71
49.395 45.5236 1 72
66.2099 70.7862 1 73
58.559 39.0399 1 74
10.3585 20.8186 1 75
84.0209 3.5345 1 76
8.66119 30.4397 1 77
31.3265 26.3283 1 78
71.3803 72.4929 1 79
0.697063 26.2277 1 80
31.7563 96.5334 1 81
76.5641 19.5922 1 82
59.3604 24.0413 1 83
24.4273 78.3771 1 84
99.8485 16.9645 1 85
11.7449 97.9362 1 86
47.7791 8.36663 1 87
0.902514 57.8361 1 88
1.17829 59.8169 1 88
41.0712 10.6671 1 89
4.2968 47.2032 1 90
9.15374 25.1556 1 91
10.2283 23.4688 1 91
88.1496 55.8579 1 92
76.5938 27.7983 1 93
82.6838 81.683 1 94
17.141 52.113 1 95
46.5778 45.1507 1 96
17.1021 18.8892 1 97
2.10836 63.7585 1 98
91.4297 78.0968 1 99
10.195 94.1743 1 100
11.0389 95.9875 1 100
92.9234 37.2344 1 101
65.9298 94.152 1 102
31.704 62.4168 1 103
76.8242 71.8087 1 104
7.55775 63.2507 1 105
40.6575 18.6692 1 106
18.8481 40.7788 1 107
19.5377 16.2683 1 108
40.4484 5.91017 1 109
56.4725 97.5687 1 110
24.82 21.2132 1 111
26.8137 21.3723 1 111
28.1208 96.2057 1 112
21.0682 31.3724 1 113
29.0794 11.7552 1 114
89.0451 23.2818 1 115
59.7696 31.7739 1 116
80.9167 34.5688 1 117
97.8832 28.8429 1 118
48.2925 28.3924 1 119
19.9566 0.497036 1 120
2.33265 23.9902 1 121
17.7418 82.9369 1 122
22.2281 15.7033 1 123
55.2767 15.2307 1 124
65.6864 38.2058 1 125
40.3858 47.0883 1 126
78.0973 32.9195 1 127
76.7066 5.22222 1 128
64.3093 72.5948 1 129
29.8146 81.0767 1 130
26.6448 16.8055 1 131
70.436 98.0744 1 132
68.051 40.73 1 133
43.6545 4.43612 1 134
64.4121 50.697 1 135
88.5678 35.9997 1 136
32.8565 39.0259 1 137
56.7032 19.7593 1 138
25.5309 90.217 1 139
95.7312 62.8235 1 140
93.7463 63.0687 1 140
79.6646 72.2815 1 141
79.7893 74.2776 1 141
99.9724 38.3429 1 142
98.9643 36.6156 1 142
65.4565 3.24645 1 143
17.2106 14.8647 1 144
98.9303 12.3842 1 145
10.8397 0.47249 1 146
12.6397 1.34425 1 146
60.943 66.799 1 147
44.3258 50.8696 1 148
60.3041 76.8957 1 149
9.7995 46.6652 1 150
10.1808 57.8852 1 151
0.868226 14.1588 1 152
15.0221 51.5886 1 153
37.8576 96.7668 1 154
79.4777 25.3945 1 155
61.7291 24.1548 1 156
35.4243 16.5977 1 157
17.9737 62.2757 1 158
65.8932 32.763 1 159
45.276 94.4337 1 160
87.7076 45.0292 1 161
86.5663 46.6716 1 161
20.9982 73.1429 1 162
58.0732 15.2825 1 163
67.6332 50.2015 1 164
11.3797 85.8613 1 165
1.53765 35.8238 1 166
22.3319 81.4435 1 167
66.8718 61.2217 1 168
79.1248 5.15366 1 169
57.9914 93.3746 1 170
47.1473 88.8181 1 171
45.3731 89.7412 1 171
33.5493 22.1142 1 172
32.7296 23.9385 1 172
76.0743 87.7214 1 173
99.7747 96.361 1 174
22.9931 28.1671 1 175
26.0387 64.4484 1 176
59.0312 41.5742 1 177
59.9405 43.3556 1 177
9.29046 35.6558 1 178
33.6195 4.09136 1 179
83.6387 66.5029 1 180
14.3619 2.76654 1 181
58.4803 18.8133 1 182
93.4992 42.7254 1 183
51.9791 96.4435 1 184
35.7774 70.31 1 185
23.0322 61.3702 1 186
73.3437 3.64545 1 187
72.7517 1.73505 1 187
34.6877 99.2435 1 188
63.4428 47.1976 1 189
68.1032 9.54809 1 190
69.3916 8.01839 1 190
15.4527 72.6382 1 191
9.63253 7.21802 1 192
36.3294 43.3389 1 193
73.019 75.878 1 194
86.2925 29.0871 1 195
85.3099 30.8291 1 195
87.1602 27.2852 1 195
82.6794 55.8977 1 196
3.63097 35.059 1 197
94.3793 25.9252 1 198
68.467 3.21968 1 199
68.1922 30.7464 1 200
51.8192 80.8747 1 201
63.9853 95.12 1 202
64.0034 93.12 1 202
90.5672 33.904 1 203
75.5059 35.5864 1 204
37.6683 39.4752 1 205
36.915 37.6225 1 205
31.0272 74.0594 1 206
13.6729 31.9348 1 207
67.5319 85.2302 1 208
67.0406 64.7224 1 209
94.6946 75.0861 1 210
24.8678 81.7678 1 211
52.4963 29.0384 1 212
78.3553 84.7995 1 213
41.127 76.7697 1 214
93.0065 56.7227 1 215
44.4182 76.8374 1 216
44.1666 74.8533 1 216
82.7093 36.3176 1 217
92.5471 76.1552 1 218
18.2185 65.1378 1 219
18.8205 67.045 1 219
72.2382 27.7029 1 220
86.0619 49.9431 1 221
78.3814 53.5225 1 222
72.5159 78.0264 1 223
70.5258 77.8281 1 223
80.8865 88.5331 1 224
54.5638 91.6745 1 225
61.2575 47.3982 1 226
73.2351 45.3705 1 227
44.6684 43.0998 1 228
65.0618 85.2923 1 229
28.0094 79.3763 1 230
26.7241 57.4035 1 231
26.9331 59.3926 1 231
28.8199 58.7294 1 231
44.502 35.2332 1 232
86.545 16.3207 1 233
92.1301 95.5089 1 234
94.0395 96.104 1 234
43.445 55.6129 1 235
39.7732 62.1126 1 236
63.2775 89.194 1 237
45.8566 41.0632 1 238
74.99 61.9049 1 239
56.5297 6.47426 1 240
26.2452 45.6082 1 241
1.8548 41.9335 1 242
29.1404 17.6992 1 243
96.8344 66.0385 1 244
80.5843 58.4684 1 245
66.4357 28.6546 1 246
59.1219 87.2748 1 247
4.5252 41.3975 1 248
37.7128 31.05 1 249
35.7876 31.5916 1 249
80.7127 7.44811 1 250
96.6705 38.514 1 251
12.819 21.1541 1 252
76.5875 23.7228 1 253
50.542 0.770165 1 254
53.4011 89.7598 1 255
41.6642 87.3373 1 256
83.6624 46.3834 1 257
35.7278 33.9028 1 258
52.7445 18.3371 1 259
53.2737 35.6651 1 260
35.9441 49.7749 1 261
37.2802 48.2867 1 261
3.52519 57.0312 1 262
66.5466 16.6712 1 263
95.1942 7.47853 1 264
12.7633 39.0058 1 265
97.2145 58.1236 1 266
2.14798 89.8958 1 267
98.2754 82.4485 1 268
45.5955 58.4934 1 269
10.4525 64.4307 1 270
59.8493 55.4438 1 271
30.4709 68.8587 1 272
19.9955 50.7961 1 273
7.45741 32.5764 1 274
6.10411 34.049 1 274
61.5218 50.2171 1 275
96.5712 98.7652 1 276
42.2139 84.6557 1 277
1.01888 76.4657 1 278
36.6639 65.7363 1 279
36.5388 1.00841 1 280
57.2166 30.2088 1 281
89.4632 65.1418 1 282
27.4255 71.7407 1 283
49.2919 34.3131 1 284
98.531 44.6755 1 285
0.327485 43.7964 1 285
9.3879 70.9551 1 286
94.6 18.7213 1 287
83.317 92.5763 1 288
82.5401 90.7333 1 288
22.1509 78.6316 1 289
12.0661 25.0458 1 290
95.9633 16.3902 1 291
96.2045 70.7451 1 292
45.2811 15.56 1 293
81.4174 64.6248 1 294
89.8494 7.98963 1 295
88.9781 6.18942 1 295
30.495 86.8967 1 296
50.0715 18.9856 1 297
10.2097 9.171 1 298
66.5992 13.6365 1 299
36.4442 79.7863 1 300
86.275 70.4712 1 301
16.0848 76.0525 1 302
62.4556 3.99821 1 303
44.1269 13.1329 1 304
39.7452 90.7273 1 305
2.42436 11.554 1 306
69.3266 14.3874 1 307
31.8737 33.3597 1 308
85.5034 94.6867 1 309
84.1572 96.1658 1 309
66.4858 53.9082 1 310
3.58263 60.903 1 311
7.56315 37.6578 1 312
70.7049 30.5364 1 313
77.5872 21.5695 1 314
20.7289 4.59417 1 315
53.0746 64.4789 1 316
40.0144 71.1558 1 317
43.5986 2.08091 1 318
44.4817 0.28639 1 318
29.9127 77.3695 1 319
48.3663 64.4394 1 320
7.56471 15.5979 1 321
72.9232 59.1079 1 322
56.6912 83.2643 1 323
33.603 79.8877 1 324
28.1807 84.8992 1 325
87.2194 11.97 1 326
77.1535 14.2822 1 327
78.3595 0.151452 1 328
30.6481 41.8161 1 329
4.15492 76.3582 1 330
37.3135 14.2006 1 331
20.8933 60.0586 1 332
85.3817 67.7995 1 333
44.8831 26.8289 1 334
16.6305 39.833 1 335
15.7667 41.6368 1 335
53.7301 58.547 1 336
97.7297 60.8008 1 337
68.7564 74.8032 1 338
69.3237 63.1642 1 339
2.25284 71.542 1 340
78.5369 86.97 1 341
37.1286 61.1187 1 342
69.2476 37.3131 1 343
71.2126 36.9411 1 343
21.0586 70.0254 1 344
23.2567 97.901 1 345
37.9277 52.6336 1 346
38.8777 22.0266 1 347
69.7926 95.3896 1 348
30.6023 92.4492 1 349
29.8882 94.3174 1 349
61.4675 91.1225 1 350
91.1379 60.7213 1 351
4.43869 53.1912 1 352
3.37508 51.4975 1 352
2.18571 86.5662 1 353
83.8296 26.6461 1 354
27.2516 7.1551 1 355
3.1616 32.8465 1 356
84.6975 1.62265 1 357
82.6139 13.7224 1 358
77.1999 97.8147 1 359
34.4845 62.613 1 360
31.6056 9.83771 1 361
93.1354 21.3956 1 362
7.0961 60.4318 1 363
98.9171 93.1794 1 364
23.878 88.5425 1 365
21.4559 56.7847 1 366
72.2618 40.8389 1 367
51.5004 82.893 1 368
11.2752 78.1976 1 369
80.1287 81.5649 1 370
9.65858 33.1469 1 371
16.3678 5.72071 1 372
36.9431 63.266 1 373
45.6802 64.2799 1 374
12.3229 75.5672 1 375
92.7563 81.0456 1 376
18.2697 95.245 1 377
20.1302 44.2222 1 378
86.8297 23.0392 1 379
90.3973 10.6836 1 380
20.4552 18.1178 1 381
74.3979 99.1108 1 382
84.231 58.2476 1 383
17.1602 7.83893 1 384
26.5957 36.2065 1 385
35.6604 8.18863 1 386
94.7264 5.28569 1 387
83.5988 87.486 1 388
53.3204 47.4305 1 389
86.1147 62.5757 1 390
16.0627 86.6191 1 391
15.3976 84.733 1 391
34.3171 59.8928 1 392
40.108 85.4881 1 393
3.72319 66.7127 1 394
82.8176 21.6874 1 395
54.417 9.96543 1 396
61.0308 71.5619 1 397
44.4585 19.8677 1 398
23.8914 5.66501 1 399
64.8488 19.4144 1 400
26.7698 38.8782 1 401
9.5247 80.3002 1 402
8.17505 78.8243 1 402
81.769 83.9792 1 403
80.883 85.7722 1 403
46.8723 52.692 1 404
77.8034 42.121 1 405
76.6214 40.5077 1 405
27.37 49.7056 1 406
57.8054 53.4614 1 407
59.5606 52.5027 1 407
17.6117 72.971 1 408
80.033 55.8688 1 409
41.7435 68.5008 1 410
12.1789 62.2308 1 411
51.5115 5.13627 1 412
94.6971 87.4152 1 413
89.4499 75.3384 1 414
90.7815 73.8461 1 414
44.1123 31.9679 1 415
42.2232 99.171 1 416
29.488 51.32 1 417
85.6329 39.6789 1 418
94.6142 40.4912 1 419
68.477 91.7899 1 420
82.6598 51.5883 1 421
28.8888 62.4775 1 422
54.8327 44.2393 1 423
26.2839 52.4791 1 424
17.9055 12.0421 1 425
33.9697 76.7328 1 426
8.51261 86.6588 1 427
88.8698 14.9962 1 428
38.0131 92.1016 1 429
94.8441 60.6473 1 430
15.8612 96.0646 1 431
85.9887 25.3295 1 432
92.4068 10.9855 1 433
93.7297 54.4386 1 434
67.2387 77.4552 1 435
82.7995 62.1832 1 436
10.4434 52.6773 1 437
85.9047 20.5975 1 438
55.883 55.1317 1 439
21.5345 76.7144 1 440
35.8656 19.0912 1 441
86.1651 55.37 1 442
38.0163 34.8894 1 443
43.8491 9.45683 1 444
90.9781 69.1528 1 445
81.5662 38.6001 1 446
81.6122 28.4726 1 447
37.2095 71.847 1 448
75.5614 2.95732 1 449
98.8158 99.6791 1 450
63.4537 28.9481 1 451
5.39082 31.2898 1 452
4.50208 82.2049 1 453
56.7671 79.509 1 454
36.9554 75.422 1 455
69.7422 11.1095 1 456
84.3228 63.9257 1 457
24.7751 1.99262 1 458
41.5616 94.6387 1 459
21.3206 65.0295 1 460
81.2286 49.2784 1 461
78.8455 66.9534 1 462
63.1347 65.4533 1 463
63.0195 85.6736 1 464
48.809 72.6217 1 465
51.3437 11.0706 1 466
7.10557 57.4981 1 467
58.7032 1.24384 1 468
57.6794 43.8313 1 469
14.3262 55.9322 1 470
63.3313 74.9635 1 471
49.8175 54.7264 1 472
21.4182 90.3203 1 473
90.3736 57.4479 1 474
54.3921 83.2484 1 475
73.1408 11.7391 1 476
0.20888 30.9171 1 477
32.0516 71.217 1 478
69.3233 33.8083 1 479
36.0094 23.9609 1 480
90.0514 43.1911 1 481
17.0399 31.5646 1 482
40.3186 97.3502 1 483
72.7579 64.4003 1 484
59.0328 69.1377 1 485
48.8352 57.1259 1 486
50.8132 57.4221 1 486
53.1674 38.9652 1 487
85.0952 14.7479 1 488
55.755 2.69482 1 489
5.20869 17.1502 1 490
50.6651 65.0774 1 491
13.5687 65.6511 1 492
28.6932 34.8877 1 493
98.6716 14.711 1 494
38.716 69.3158 1 495
17.1644 78.7481 1 496
83.7915 98.5641 1 497
31.146 35.4547 1 498
61.7444 53.7353 1 499
75.2459 54.8117 1 500
26.6839 9.50834 1 501
73.7396 15.7956 1 502
93.993 69.1696 1 503
84.157 71.35 1 504
94.2311 78.098 1 505
79.1562 45.8374 1 506
21.4892 85.7703 1 507
8.86769 90.1957 1 508
34.9582 74.0727 1 509
98.0516 85.2523 1 510
91.308 49.9692 1 511
0.318415 1.26382 1 512
87.5508 67.1881 1 513
4.10848 39.2263 1 514
99.1658 77.7092 1 515
91.9934 46.8225 1 516
39.8392 14.121 1 517
47.1701 67.9217 1 518
15.7519 37.6634 1 519
17.7407 37.8749 1 519
4.91962 9.24792 1 520
56.4597 39.5347 1 521
15.1539 10.4839 1 522
24.0271 39.7725 1 523
50.6748 31.179 1 524
42.3797 17.1311 1 525
31.4349 29.0411 1 526
81.5376 41.8805 1 527
54.004 52.8755 1 528
89.5341 47.0129 1 529
5.98749 22.049 1 530
71.4987 90.2296 1 531
92.8257 16.7714 1 532
63.4518 81.4664 1 533
63.1973 31.0929 1 534
2.88621 55.1229 1 535
79.1443 77.3325 1 536
8.71918 39.8971 1 537
11.0411 14.8045 1 538
14.9126 81.5103 1 539
3.88181 19.3576 1 540
58.2698 47.8862 1 541
46.6136 36.444 1 542
26.7724 43.0099 1 543
28.7563 43.2635 1 543
30.2147 44.6321 1 543
69.4513 52.6459 1 544
89.1682 26.1807 1 545
59.3018 45.878 1 546
8.87192 12.205 1 547
96.7757 80.3628 1 548
6.54994 52.501 1 549
6.14648 50.5422 1 549
65.4981 41.912 1 550
11.5793 4.74085 1 551
9.31183 55.2266 1 552
3.81241 5.71379 1 553
1.81862 5.87131 1 553
57.7949 67.2208 1 554
2.59381 99.871 1 555
64.5276 8.76226 1 556
66.8959 99.9697 1 557
13.5659 70.8306 1 558
28.3186 4.60799 1 559
30.1943 3.91389 1 559
36.8916 94.1943 1 560
33.1647 69.2383 1 561
55.7927 22.8947 1 562
52.7067 72.6066 1 563
80.4222 3.24091 1 564
91.779 0.740777 1 565
79.5423 19.5215 1 566
32.3091 48.6005 1 567
60.7968 82.3842 1 568
75.3962 30.7245 1 569
65.7315 6.56185 1 570
32.9985 19.5457 1 571
54.6429 99.4146 1 572
27.0464 13.2953 1 573
12.6208 36.6367 1 574
19.1194 97.1451 1 575
97.3023 2.68523 1 576
93.5596 50.4989 1 577
72.8789 54.6028 1 578
50.0324 94.9289 1 579
73.0033 92.0213 1 580
67.395 56.7313 1 581
49.6478 79.8888 1 582
13.0939 47.4725 1 583
99.7936 66.671 1 584
56.0289 71.464 1 585
15.3982 35.3743 1 586
47.4714 91.5876 1 587
17.6617 24.024 1 588
16.0874 22.7906 1 588
90.6904 92.4242 1 589
72.9316 20.6424 1 590
11.941 80.7391 1 591
21.115 62.6096 1 592
77.8648 62.7187 1 593
79.4512 61.5006 1 593
91.1652 40.0754 1 594
58.6739 73.5339 1 595
0.748571 47.6133 1 596
89.0716 95.9783 1 597
30.6784 53.8422 1 598
89.5352 62.1935 1 599
95.7905 73.1579 1 600
0.591138 80.4204 1 601
66.6649 66.9364 1 602
61.5593 35.9546 1 603
15.3747 66.9858 1 604
28.5179 26.3981 1 605
15.2482 30.0352 1 606
72.0414 42.8721 1 607
99.4097 62.9374 1 608
86.4576 81.5697 1 609
91.3527 90.1267 1 610
34.3287 86.1082 1 611
36.181 86.8623 1 611
32.9705 84.64 1 611
39.8139 43.4903 1 612
37.2944 11.6391 1 613
59.8755 6.61277 1 614
59.4725 35.365 1 615
57.8805 95.7651 1 616
63.4572 15.6192 1 617
34.7686 92.8455 1 618
65.4459 83.0497 1 619
40.064 33.1622 1 620
26.9433 29.6158 1 621
43.8773 92.8017 1 622
42.0876 91.9091 1 622
43.9835 24.4503 1 623
42.0548 23.921 1 623
11.8459 30.4252 1 624
74.4195 6.73803 1 625
94.2959 84.4405 1 626
12.2076 72.8241 1 627
44.917 38.8924 1 628
25.0466 31.837 1 629
37.4516 3.75997 1 630
68.1355 23.8086 1 631
73.9816 37.4447 1 632
85.2019 44.5437 1 633
19.6668 46.6242 1 634
87.0935 88.2315 1 635
44.3335 79.0381 1 636
56.6695 61.1886 1 637
85.583 53.3059 1 638
20.123 83.238 1 639
23.0916 54.5639 1 640
81.1203 78.9663 1 641
8.97782 66.6604 1 642
89.6728 13.0097 1 643
89.3784 83.7738 1 644
40.4009 52.1223 1 645
6.23503 4.21919 1 646
97.5204 96.569 1 647
17.9513 21.3584 1 648
15.5336 89.4463 1 649
81.9626 68.8834 1 650
55.5516 47.7457 1 651
73.0883 95.9459 1 652
12.769 88.473 1 653
47.2682 13.5461 1 654
51.0079 88.748 1 655
73.7421 26.0155 1 656
40.6178 36.6149 1 657
74.735 22.512 1 658
26.6347 54.6644 1 659
55.3456 87.9779 1 660
46.8519 2.72837 1 661
88.7697 53.3754 1 662
47.334 24.5643 1 663
96.119 22.032 1 664
97.795 20.9406 1 664
54.3089 93.9396 1 665
72.2854 38.8308 1 666
20.1043 26.0212 1 667
10.0119 74.1186 1 668
72.3565 84.6616 1 669
73.8838 51.2343 1 670
68.2638 43.5424 1 671
29.2777 47.1565 1 672
45.2377 81.4911 1 673
68.8148 80.425 1 674
86.1193 84.539 1 675
22.66 46.5872 1 676
22.6698 37.2861 1 677
34.4917 40.823 1 678
88.1654 72.3096 1 679
92.6444 13.4045 1 680
27.9107 76.8283 1 681
74.6106 13.9724 1 682
15.9999 26.7071 1 683
4.57835 71.9495 1 684
68.51 18.8314 1 685
61.7505 99.6473 1 686
71.2073 47.8875 1 687
7.98985 2.19092 1 688
20.9279 7.45433 1 689
88.0904 38.8486 1 690
42.2927 64.5518 1 691
12.5227 58.084 1 692
37.8792 8.15627 1 693
48.2517 17.4429 1 694
24.2615 10.9693 1 695
12.9085 94.1539 1 696
64.3682 45.0487 1 697
12.7429 83.199 1 698
58.3697 33.317 1 699
74.4708 93.8272 1 700
5.98512 95.2293 1 701
82.0561 31.6011 1 702
53.4765 33.2878 1 703
51.5898 33.9514 1 703
98.0812 18.3732 1 704
75.4094 69.7863 1 705
45.1207 60.8459 1 706
36.0645 21.7114 1 707
46.601 31.9342 1 708
48.5183 31.3649 1 708
85.0004 10.6161 1 709
94.5136 98.2865 1 710
76.3742 52.2445 1 711
64.8087 21.9488 1 712
93.528 66.3467 1 713
48.1699 60.707 1 714
17.8509 56.3928 1 715
86.9479 9.77413 1 716
47.5225 83.5856 1 717
31.6081 6.98091 1 718
25.0327 28.7247 1 719
90.9453 18.2056 1 720
89.0305 17.628 1 720
10.7325 91.4312 1 721
30.0456 20.2693 1 722
12.9372 53.0476 1 723
98.6559 40.6931 1 724
80.7269 95.09 1 725
11.1461 60.0811 1 726
96.7646 68.767 1 727
76.8357 47.9855 1 728
23.3432 72.6044 1 729
46.5377 98.7977 1 730
9.70853 83.1648 1 731
19.9173 34.2924 1 732
5.99189 44.4964 1 733
56.0544 11.3387 1 734
52.5785 2.36858 1 735
56.3991 26.7969 1 736
26.0202 75.5217 1 737
15.9517 98.7744 1 738
4.9341 0.554437 1 739
5.32719 69.6329 1 740
97.2447 88.7935 1 741
81.1054 98.7338 1 742
59.1285 98.6412 1 743
88.6981 69.1729 1 744
45.1496 71.2781 1 745
42.0781 28.5418 1 746
29.1116 30.0357 1 747
32.2418 12.5215 1 748
37.6758 58.2413 1 749
1.52642 78.4985 1 750
6.44342 74.5308 1 751
37.8675 83.1525 1 752
59.8619 21.5661 1 753
47.8409 6.24626 1 754
90.9379 71.6812 1 755
63.6571 34.7319 1 756
7.67527 8.14771 1 757
22.8296 92.5674 1 758
64.7632 24.6244 1 759
37.4323 16.8099 1 760
42.5534 43.9653 1 761
25.1014 60.9533 1 762
53.9674 77.4822 1 763
77.8772 79.0367 1 764
13.7598 96.7864 1 765
25.3665 48.114 1 766
2.58839 74.5343 1 767
24.3733 41.9413 1 768
53.395 50.4879 1 769
14.2478 99.9078 1 770
9.49732 18.4902 1 771
79.8489 22.2818 1 772
34.4535 45.6103 1 773
3.83806 96.6864 1 774
63.7709 60.1382 1 775
32.8124 54.6933 1 776
45.3005 54.5757 1 777
30.1625 90.1964 1 778
29.0913 88.5074 1 778
7.23367 28.651 1 779
75.6513 33.218 1 780
99.1468 54.4439 1 781
84.8289 79.7908 1 782
55.1747 95.952 1 783
25.6467 4.11251 1 784
9.90416 76.5269 1 785
69.0706 45.532 1 786
81.1751 44.3273 1 787
66.0607 34.9083 1 788
94.8296 10.1533 1 789
93.8436 29.8875 1 790
77.6597 9.83694 1 791
45.2062 84.0348 1 792
10.4449 27.4412 1 793
35.2435 81.6148 1 794
31.6098 65.5602 1 795
40.6273 8.51572 1 796
63.9322 79.0597 1 797
73.9036 86.5802 1 798
14.0505 24.2546 1 799
96.6671 54.27 1 800
81.9319 9.75672 1 801
23.7109 13.7406 1 802
47.9043 86.6382 1 803
37.0734 89.2854 1 804
86.0313 65.1046 1 805
77.533 59.2161 1 806
2.90899 16.6486 1 807
1.0131 94.7622 1 808
68.0765 97.3186 1 809
86.0366 36.8975 1 810
52.3416 56.0057 1 811
76.5019 64.8577 1 812
76.9982 75.5464 1 813
91.9245 7.91065 1 814
61.3912 33.4234 1 815
43.6989 22.316 1 816
97.8638 8.70348 1 817
83.7476 74.7585 1 818
88.0395 79.3056 1 819
65.4957 11.7128 1 820
75.27 73.9442 1 821
24.7396 8.23239 1 822
74.1848 80.6496 1 823
7.56977 83.2813 1 824
75.3901 11.4421 1 825
20.2262 87.9697 1 826
18.8078 75.6462 1 827
69.443 84.326 1 828
30.1149 23.2528 1 829
17.7395 3.08501 1 830
7.72649 96.4964 1 831
50.1951 59.3502 1 832
48.7401 38.3132 1 833
91.7945 97.6651 1 834
55.0225 74.6656 1 835
60.6381 19.1982 1 836
74.5996 77.4808 1 837
79.8503 12.0227 1 838
75.3524 9.03628 1 839
73.4255 71.4547 1 840
19.4981 91.5863 1 841
61.2843 87.7026 1 842
13.2853 17.838 1 843
0.571361 70.1007 1 844
58.5382 4.06561 1 845
51.6383 76.6777 1 846
95.7621 56.0565 1 847
91.3489 26.5896 1 848
2.368 2.82276 1 849
36.4109 56.3264 1 850
24.377 44.5208 1 851
34.8025 12.1784 1 852
23.2995 51.7318 1 853
70.9734 0.705218 1 854
40.8336 58.7959 1 855
44.8592 86.6759 1 856
64.4116 99.6116 1 857
81.9049 24.608 1 858
69.4507 49.1731 1 859
86.3782 34.5735 1 860
92.7216 4.88813 1 861
4.11622 14.6352 1 862
87.9776 59.382 1 863
91.973 84.5303 1 864
40.6798 1.85279 1 865
66.1772 48.3035 1 866
26.6535 99.897 1 867
70.6959 93.0798 1 868
9.48942 48.8451 1 869
10.9949 50.1618 1 869
49.6137 69.1955 1 870
93.6149 23.8546 1 871
93.393 91.0053 1 872
32.1385 15.0679 1 873
68.9538 70.3992 1 874
12.5155 12.2153 1 875
49.952 24.3879 1 876
49.9988 8.57698 1 877
92.8772 2.77686 1 878
43.4401 59.3872 1 879
16.52 64.0321 1 880
13.1195 43.182 1 881
52.7862 14.6581 1 882
14.0295 61.0854 1 883
77.9824 69.4413 1 884
6.84682 66.5152 1 885
22.0757 10.7072 1 886
25.7357 34.2166 1 887
16.8381 60.3276 1 888
74.8987 48.8785 1 889
23.2758 65.9024 1 890
77.009 83.0198 1 891
24.6455 57.6356 1 892
36.686 84.8053 1 893
84.0009 19.4207 1 894
96.2007 31.5384 1 895
40.0965 39.5127 1 896
13.9665 5.38101 1 897
83.8405 29.2237 1 898
54.515 80.4884 1 899
44.8278 7.46737 1 900
56.1176 41.9425 1 901
61.3145 74.6692 1 902
90.3449 38.0104 1 903
70.2067 4.33263 1 904
38.8171 27.2552 1 905
39.5826 99.7359 1 906
79.5763 91.0903 1 907
34.0549 26.2064 1 908
72.1531 18.5233 1 909
88.212 86.325 1 910
45.2203 11.272 1 911
6.71384 90.6993 1 912
96.7053 27.1562 1 913
78.8497 38.1275 1 914
38.9758 74.5354 1 915
51.806 45.6422 1 916
55.0962 62.7907 1 917
96.8936 5.59118 1 918
33.9614 34.9614 1 919
63.3451 17.9108 1 920
87.5666 90.3274 1 921
23.4564 18.2013 1 922
30.763 83.0559 1 923
2.71217 48.6784 1 924
44.0336 96.8402 1 925
54.4629 21.0578 1 926
98.7714 56.7388 1 927
7.14288 46.5727 1 928
4.87413 91.7323 1 929
42.6122 62.4985 1 930
73.2949 34.8827 1 931
34.5645 51.3525 1 932
