17.9352 27.9121 1 1
71.4692 6.86948 1 2
63.1529 26.6538 1 3
61.5671 27.8726 1 3
58.2908 49.8232 1 4
58.4365 47.8285 1 4
48.535 48.1031 1 5
97.7574 50.258 1 6
0.925086 22.5294 1 7
2.1847 24.0829 1 7
16.564 43.4312 1 8
16.806 39.7265 1 8
15.9422 41.5303 1 8
15.8771 37.8189 1 8
17.8659 38.0304 1 8
24.5542 23.6667 1 9
23.5059 25.37 1 9
6.94738 72.3956 1 10
0.161806 72.5817 1 11
98.3108 71.8242 1 11
86.8899 74.8659 1 12
58.2313 64.3589 1 13
59.6768 62.9767 1 13
27.245 69.8073 1 14
27.4487 71.7969 1 14
41.801 72.3754 1 15
61.0916 57.6503 1 16
77.081 17.6052 1 17
76.5963 19.5455 1 17
77.8424 21.1099 1 17
53.9891 67.4922 1 18
85.2678 76.1709 1 19
83.8117 74.7999 1 19
91.647 28.5164 1 20
91.6593 26.5165 1 20
10.519 41.1826 1 21
8.85359 40.0752 1 21
6.69899 85.0652 1 22
14.2375 16.0253 1 23
13.3907 17.8372 1 23
28.2501 65.4605 1 24
69.2686 65.5009 1 25
67.3384 64.9771 1 25
66.9321 66.9354 1 25
57.0202 36.275 1 26
57.1463 90.1181 1 27
29.5242 99.0894 1 28
7.38797 80.9377 1 29
9.29875 80.347 1 29
7.9491 78.871 1 29
7.20811 82.9296 1 29
52.2859 68.9186 1 30
63.2924 2.12643 1 31
62.7157 4.04145 1 31
99.3702 3.62809 1 32
97.7545 2.4493 1 32
32.3417 87.5031 1 33
30.4625 86.8186 1 33
30.1229 89.9251 1 33
29.0517 88.2362 1 33
25.5106 19.3234 1 34
24.7742 21.1829 1 34
26.7678 21.342 1 34
92.5868 73.0606 1 35
89.3939 75.2848 1 35
90.7255 73.7924 1 35
90.9427 71.8043 1 35
99.3358 88.5665 1 36
97.3368 88.6303 1 36
10.984 89.3008 1 37
12.8018 88.4668 1 37
3.2339 79.6334 1 38
40.7693 78.9651 1 39
41.1969 77.0114 1 39
68.2254 89.2199 1 40
66.7045 90.5187 1 40
65.6264 88.8342 1 40
33.7002 94.7654 1 41
85.4477 91.128 1 42
72.0722 23.3274 1 43
17.1499 68.9534 1 44
78.3454 93.2623 1 45
48.8744 77.9202 1 46
49.4814 79.8259 1 46
69.4727 21.5224 1 47
56.4611 76.8458 1 48
98.526 46.8224 1 49
0.38677 47.5555 1 49
32.2602 99.2883 1 50
50.7078 36.7157 1 51
59.4892 84.7436 1 52
19.7531 80.6215 1 53
37.4023 45.9179 1 54
26.8795 93.3369 1 55
24.9648 93.9147 1 55
42.5773 54.0215 1 56
43.3952 55.8465 1 56
70.6244 60.4185 1 57
88.3437 2.70968 1 58
6.78019 26.7455 1 59
84.5606 6.14407 1 60
71.8205 68.4465 1 61
15.6732 46.6115 1 62
70.2998 55.0652 1 63
1.66612 8.21444 1 64
90.6469 87.3672 1 65
5.07854 12.3975 1 66
70.1272 57.5858 1 67
58.6011 10.5299 1 68
60.2536 9.40321 1 68
55.1497 31.3732 1 69
75.7262 67.0178 1 70
76.5297 65.1863 1 70
49.4779 45.9157 1 71
66.0327 71.1478 1 72
58.5705 38.4777 1 73
10.3301 21.2112 1 74
84.2302 3.62434 1 75
84.8092 1.70998 1 75
8.82176 30.7248 1 76
31.4962 26.6673 1 77
71.5176 72.2688 1 78
0.186643 26.3639 1 79
32.5261 97.2054 1 80
59.0232 23.7622 1 81
24.1627 77.6298 1 82
99.8444 16.8942 1 83
98.3972 18.2746 1 83
11.7258 97.8426 1 84
10.1387 94.1726 1 84
10.9825 95.9858 1 84
47.7633 8.15659 1 85
47.4922 6.17506 1 85
0.809279 58.1772 1 86
1.08505 60.1581 1 86
41.3436 10.95 1 87
3.9466 47.2538 1 88
2.59059 48.724 1 88
9.16605 25.0709 1 89
10.2406 23.3841 1 89
88.1723 55.7464 1 90
86.2103 55.3583 1 90
85.9687 53.3729 1 90
77.0311 27.6899 1 91
82.5175 81.8297 1 92
80.5196 81.7378 1 92
17.1979 52.0626 1 93
15.2774 51.5043 1 93
46.7573 44.7792 1 94
16.9769 18.7278 1 95
2.41977 63.3424 1 96
91.7018 78.3407 1 97
92.4231 76.4753 1 97
93.6962 78.49 1 97
93.1816 36.7025 1 98
65.6764 94.0381 1 99
63.8185 95.2538 1 99
63.8365 93.2539 1 99
31.6953 62.856 1 100
76.8413 71.6155 1 101
7.1912 62.6203 1 102
40.2198 19.1918 1 103
19.0245 40.6438 1 104
19.586 16.0896 1 105
20.4741 17.8816 1 105
17.8679 15.0659 1 105
40.5311 5.77074 1 106
56.6228 97.5576 1 107
55.3611 96.0058 1 107
57.7537 95.908 1 107
27.6396 96.1388 1 108
21.0142 31.841 1 109
28.9881 11.2893 1 110
89.3517 22.9049 1 111
59.7322 31.8617 1 112
58.4682 33.4117 1 112
59.3613 35.2012 1 112
61.1386 33.2837 1 112
80.7605 35.0685 1 113
97.7688 28.6663 1 114
96.7052 26.9726 1 114
94.7959 26.3769 1 114
48.1348 28.1689 1 115
19.5858 0.626019 1 116
17.3597 82.756 1 117
22.2981 15.0595 1 118
23.7192 13.6522 1 118
55.1565 16.0201 1 119
65.4849 38.6356 1 120
40.4149 46.841 1 121
78.3928 32.9854 1 122
76.8478 5.29449 1 123
78.8476 5.32428 1 123
64.0371 72.254 1 124
29.4074 80.8859 1 125
26.9623 16.5614 1 126
70.7004 97.9826 1 127
68.2512 41.0779 1 128
43.932 4.79578 1 129
64.041 50.8277 1 130
88.5773 36.1541 1 131
33.2632 38.8699 1 132
34.4383 40.4882 1 132
56.6987 19.7748 1 133
58.4566 18.821 1 133
60.4474 19.012 1 133
25.8854 90.1827 1 134
95.7329 63.1594 1 135
93.748 63.4046 1 135
79.9402 72.3045 1 136
80.065 74.3006 1 136
0.0477882 38.4719 1 137
99.0397 36.7445 1 137
65.7412 2.74162 1 138
99.1398 12.2396 1 139
10.8447 0.491536 1 140
12.6447 1.3633 1 140
60.4872 66.8459 1 141
44.1025 50.6447 1 142
60.7012 76.7918 1 143
9.79226 46.7689 1 144
9.56095 48.7555 1 144
11.0664 50.0722 1 144
10.0638 57.604 1 145
0.718794 13.9862 1 146
98.8129 14.5926 1 146
38.1297 96.8062 1 147
79.4479 25.1519 1 148
61.4218 23.8791 1 149
60.4217 22.1472 1 149
35.2827 16.5886 1 150
37.2459 16.9706 1 150
35.3092 18.5885 1 150
17.7479 62.0346 1 151
16.9021 60.2222 1 151
66.191 32.7768 1 152
66.0057 34.7682 1 152
45.2672 94.2525 1 153
43.8145 92.8779 1 153
42.0247 91.9852 1 153
87.6666 44.9348 1 154
86.5253 46.5771 1 154
21.2262 73.5611 1 155
58.1603 15.1816 1 156
67.4194 50.1927 1 157
69.1883 49.2594 1 157
66.2379 48.579 1 157
11.7712 86.1053 1 158
1.57118 35.6553 1 159
3.47495 35.0424 1 159
22.5023 81.3624 1 160
66.9976 61.2991 1 161
57.6388 92.9048 1 162
47.0123 88.875 1 163
45.238 89.7981 1 163
33.5513 21.9672 1 164
32.7316 23.7915 1 164
76.0646 87.6507 1 165
99.5998 96.3035 1 166
0.92829 94.8085 1 166
97.6041 96.4352 1 166
22.925 28.3137 1 167
25.874 64.3714 1 168
59.0114 41.4897 1 169
59.9206 43.2711 1 169
57.9325 43.4885 1 169
9.56083 35.6558 1 170
33.0451 4.17866 1 171
84.2552 66.5446 1 172
86.4496 69.8647 1 172
85.5202 68.0938 1 172
14.7154 3.06217 1 173
93.8065 43.0046 1 174
94.1742 41.0386 1 174
52.035 96.9551 1 175
35.48 69.7895 1 176
23.0175 61.1406 1 177
21.1 60.5721 1 177
73.2254 3.63286 1 178
72.6335 1.72246 1 178
70.9188 0.692919 1 178
34.8252 99.4726 1 179
36.4159 0.684866 1 179
63.1895 46.7642 1 180
64.4347 45.1991 1 180
61.2759 47.3459 1 180
68.0672 9.5053 1 181
69.3556 7.97561 1 181
15.0258 72.5698 1 182
9.31797 7.09002 1 183
7.56284 8.04894 1 183
9.76543 9.03933 1 183
36.3038 43.424 1 184
73.1294 75.4899 1 185
86.2217 29.0676 1 186
85.2391 30.8096 1 186
87.0895 27.2657 1 186
88.8857 26.3862 1 186
84.223 28.9959 1 186
82.6481 55.8606 1 187
68.4809 3.43019 1 188
70.2886 4.28578 1 188
68.3499 31.1613 1 189
51.7205 80.8311 1 190
51.5403 82.823 1 190
90.3257 33.3976 1 191
75.325 35.3576 1 192
73.3514 35.0338 1 192
75.9107 33.4453 1 192
37.542 39.2203 1 193
36.7887 37.3676 1 193
31.2826 74.4948 1 194
13.9165 32.1658 1 195
67.4085 85.254 1 196
69.2376 84.4451 1 196
94.7953 74.8378 1 197
95.7548 73.083 1 197
24.4955 81.6911 1 198
52.1726 29.4251 1 199
78.259 84.8859 1 200
93.2503 56.9652 1 201
44.4986 76.808 1 202
44.247 74.8239 1 202
44.1792 78.7824 1 202
83.0057 36.3774 1 203
18.1201 65.3674 1 204
18.7221 67.2746 1 204
16.5025 64.1913 1 204
72.4044 28.0484 1 205
86.2555 49.9354 1 206
78.5756 53.8868 1 207
72.527 77.9829 1 208
70.5369 77.7846 1 208
74.4763 77.5353 1 208
80.7386 89.11 1 209
54.7112 91.6159 1 210
53.6174 89.9415 1 210
54.3356 93.5803 1 210
72.7871 45.4266 1 211
44.2308 43.1541 1 212
42.4178 43.9986 1 212
65.1074 85.072 1 213
63.1704 85.5699 1 213
65.7257 83.17 1 213
28.1911 78.976 1 214
27.8002 77.0145 1 214
26.7725 57.4941 1 215
26.9815 59.4832 1 215
28.8683 58.82 1 215
25.2694 60.517 1 215
44.4572 35.1337 1 216
86.6995 16.1248 1 217
85.2356 14.7621 1 217
92.3279 95.4704 1 218
94.2373 96.0655 1 218
39.4974 61.9554 1 219
63.5887 89.8056 1 220
46.1078 41.2565 1 221
75.1667 61.6549 1 222
56.4246 6.05078 1 223
25.9422 45.4887 1 224
24.2728 44.3873 1 224
1.90319 42.0049 1 225
29.0572 17.846 1 226
96.614 66.1871 1 227
80.1688 58.1896 1 228
66.6244 28.2334 1 229
59.2809 87.252 1 230
61.2208 87.7388 1 230
4.39811 41.5489 1 231
3.99933 39.589 1 231
37.6858 31.18 1 232
35.7605 31.7217 1 232
80.5705 7.8817 1 233
81.8932 9.38193 1 233
96.4563 38.5942 1 234
12.9276 21.7843 1 235
76.3926 23.9219 1 236
75.0016 22.4848 1 236
50.5414 1.24592 1 237
52.15 2.43437 1 237
41.7654 86.8137 1 238
83.423 45.8411 1 239
85.2151 44.9532 1 239
35.9074 33.8262 1 240
34.1654 34.8089 1 240
53.0076 18.111 1 241
53.4999 35.5025 1 242
53.4105 33.5045 1 242
51.5238 34.1681 1 242
35.9145 49.5928 1 243
37.2506 48.1045 1 243
3.41805 57.1441 1 244
2.81067 55.2385 1 244
66.7463 16.9995 1 245
95.291 7.42976 1 246
12.8249 38.5712 1 247
12.424 36.6118 1 247
97.4076 58.12 1 248
98.7524 56.6395 1 248
99.0604 54.6634 1 248
2.4084 89.8743 1 249
98.1081 82.291 1 250
97.1258 80.5488 1 250
45.6704 58.5474 1 251
10.3816 63.8512 1 252
59.8236 55.5833 1 253
30.0895 68.4593 1 254
19.5471 50.8819 1 255
7.50047 32.6359 1 256
6.14717 34.1085 1 256
9.49488 32.7852 1 256
61.7376 50.3606 1 257
96.6854 99.0364 1 258
94.7115 98.7141 1 258
42.2594 84.5744 1 259
0.825717 76.6509 1 260
1.32425 78.5878 1 260
99.2278 77.8536 1 260
0.701215 80.4882 1 260
36.9168 66.0823 1 261
56.9576 30.1061 1 262
89.7213 65.4921 1 263
49.5075 34.2697 1 264
98.6326 44.5585 1 265
0.428998 43.6794 1 265
9.54735 71.1273 1 266
94.2551 18.8497 1 267
83.5064 92.5893 1 268
82.7295 90.7464 1 268
22.0672 78.3927 1 269
21.5603 76.458 1 269
11.8741 25.3524 1 270
96.0646 16.7323 1 271
96.3226 70.6764 1 272
96.798 68.7337 1 272
45.4138 15.3425 1 273
81.6155 64.8741 1 274
89.707 7.98766 1 275
88.8357 6.18745 1 275
91.7059 7.91903 1 275
50.2726 18.6745 1 276
48.6439 17.5136 1 276
66.5199 13.5383 1 277
65.5376 11.7961 1 277
36.4623 79.7889 1 278
35.3316 81.4386 1 278
15.8196 76.0245 1 279
44.0615 13.5298 1 280
39.8081 90.4946 1 281
2.66724 11.2847 1 282
69.694 14.2827 1 283
32.407 33.2649 1 284
85.3517 94.6142 1 285
84.0055 96.0933 1 285
66.5805 53.4555 1 286
2.99017 60.9712 1 287
6.88024 36.9678 1 288
70.6121 30.4668 1 289
21.2509 4.20879 1 290
53.208 64.4544 1 291
39.8926 71.0207 1 292
43.4548 2.13022 1 293
44.3378 0.335704 1 293
30.1467 76.778 1 294
48.1503 64.9233 1 295
7.83961 16.0138 1 296
72.2368 58.8293 1 297
56.4148 83.1605 1 298
54.4631 82.7235 1 298
33.2282 79.5316 1 299
27.9831 85.3815 1 300
87.0319 12.0952 1 301
77.1868 13.8371 1 302
75.1869 13.8252 1 302
78.8411 0.503331 1 303
31.1087 41.7444 1 304
4.11776 76.9191 1 305
37.5161 13.9646 1 306
44.7651 27.188 1 307
53.4134 58.9375 1 308
97.6741 60.9718 1 309
68.6247 75.2811 1 310
69.293 63.4011 1 311
2.47626 71.7653 1 312
4.47166 71.9008 1 312
78.5436 87.5566 1 313
37.0523 61.1482 1 314
34.5989 62.438 1 314
36.4966 63.0694 1 314
69.2809 37.2648 1 315
71.246 36.8927 1 315
21.264 70.2624 1 316
22.8532 97.9599 1 317
37.7507 52.5013 1 318
38.9998 22.074 1 319
69.3713 95.3144 1 320
30.5767 92.5047 1 321
29.8626 94.3729 1 321
61.4979 91.1296 1 322
91.1881 61.1095 1 323
89.7344 62.4831 1 323
4.69033 53.2435 1 324
3.62672 51.5497 1 324
6.60934 52.6801 1 324
6.20589 50.7212 1 324
2.45397 86.3322 1 325
83.3681 26.5603 1 326
27.3293 7.37135 1 327
3.21612 32.7244 1 328
82.137 13.5621 1 329
77.1122 97.695 1 330
32.0649 10.02 1 331
93.1518 21.2642 1 332
7.50861 60.0753 1 333
98.4912 93.6234 1 334
23.8733 88.8388 1 335
21.3157 57.1642 1 336
72.233 41.0605 1 337
72.2504 39.0605 1 337
72.1552 43.0589 1 337
11.5264 78.74 1 338
11.7742 80.7246 1 338
16.0523 6.05276 1 339
14.2491 5.18767 1 339
17.2252 7.67277 1 339
45.6797 64.2815 1 340
12.3814 74.9272 1 341
92.5893 80.9994 1 342
17.9991 95.1356 1 343
18.8562 96.9427 1 343
20.28 44.3285 1 344
86.9923 22.9231 1 345
85.8973 24.5967 1 345
90.5239 10.8401 1 346
92.5021 11.1343 1 346
74.3255 98.6255 1 347
84.0003 58.3593 1 348
26.7247 35.9407 1 349
25.7929 34.171 1 349
28.3501 34.7753 1 349
35.7086 8.25222 1 350
37.7034 8.3958 1 350
94.814 5.27809 1 351
92.8368 4.97671 1 351
96.7714 5.68857 1 351
93.0295 2.98602 1 351
83.8734 87.521 1 352
53.4134 47.2149 1 353
51.9241 45.88 1 353
86.2752 62.4409 1 354
15.9308 86.448 1 355
15.2656 84.5618 1 355
34.0705 60.0922 1 356
39.9909 85.648 1 357
3.75359 67.2255 1 358
82.8314 21.9578 1 359
54.4493 9.86602 1 360
56.0131 11.1129 1 360
60.8233 71.8344 1 361
43.9443 19.5176 1 362
23.9522 5.98932 1 363
64.2555 19.4553 1 364
26.7251 39.101 1 365
81.856 83.8704 1 366
80.9699 85.6634 1 366
46.8697 52.7083 1 367
77.6844 42.1224 1 368
76.5023 40.5092 1 368
27.2343 49.9555 1 369
57.6918 53.4784 1 370
59.4471 52.5197 1 370
17.7888 73.2771 1 371
79.7555 55.9769 1 372
41.9298 68.5255 1 373
12.2591 62.1423 1 374
14.0157 61.1861 1 374
51.261 5.52574 1 375
94.4747 87.3954 1 376
44.6262 32.1255 1 377
42.3638 99.311 1 378
29.8367 51.0588 1 379
85.534 39.7592 1 380
68.8236 91.8515 1 381
70.357 93.1355 1 381
82.2139 51.7398 1 382
28.9194 62.6536 1 383
54.8778 44.1791 1 384
26.1948 51.9356 1 385
17.665 11.8607 1 386
33.9371 76.2361 1 387
8.40318 86.1904 1 388
88.7767 15.0386 1 389
89.3779 13.1311 1 389
37.5865 92.1723 1 390
36.7236 93.9765 1 390
94.4806 61.0163 1 391
15.8919 95.8029 1 392
14.0607 96.6071 1 392
93.4805 54.6898 1 393
67.5741 78.0483 1 394
82.9697 62.4317 1 395
84.2625 63.9577 1 395
85.9304 65.0613 1 395
10.5937 52.5565 1 396
12.5649 52.8949 1 396
85.9337 20.8153 1 397
55.9785 55.1426 1 398
37.73 35.3595 1 399
43.8253 9.45909 1 400
45.2437 10.8691 1 400
44.7055 7.66318 1 400
90.7318 69.0699 1 401
87.6679 67.167 1 401
88.7436 68.853 1 401
81.9502 38.5637 1 402
81.3629 28.8086 1 403
37.6728 72.0919 1 404
75.8501 2.67098 1 405
98.9234 99.858 1 406
0.239645 1.36381 1 406
63.2578 28.9592 1 407
63.1184 30.9543 1 407
5.30313 31.2021 1 408
4.68763 82.2947 1 409
56.7824 79.6229 1 410
54.9017 80.3031 1 410
37.289 75.2287 1 411
39.156 74.5116 1 411
69.7032 11.1037 1 412
24.455 2.05391 1 413
25.3906 3.82158 1 413
41.5504 94.4886 1 414
21.148 65.4246 1 415
23.1112 65.8065 1 415
80.8263 49.2558 1 416
78.9335 66.9278 1 417
62.7543 65.5523 1 418
48.7596 72.4988 1 419
51.5505 11.2417 1 420
6.50627 57.1827 1 421
58.6869 0.814793 1 422
13.7079 56.1157 1 423
63.1548 75.0812 1 424
61.1772 74.7826 1 424
50.0954 54.8767 1 425
21.1786 90.381 1 426
19.6783 91.7036 1 426
91.0552 57.5336 1 427
72.9201 11.3779 1 428
99.8604 30.8775 1 429
32.3553 71.2182 1 430
33.2247 69.417 1 430
69.4979 33.9057 1 431
35.9573 23.9199 1 432
36.0864 21.9241 1 432
90.2868 43.0653 1 433
16.913 31.8138 1 434
40.91 96.7992 1 435
72.3222 64.6528 1 436
58.7335 68.8208 1 437
48.9188 56.9218 1 438
50.8968 57.218 1 438
50.1421 59.0701 1 438
52.3717 55.8671 1 438
48.5356 60.2615 1 438
53.2604 39.1224 1 439
56.0753 3.09893 1 440
5.06309 16.9717 1 441
3.15828 16.3621 1 441
50.9241 64.7466 1 442
13.7853 65.7912 1 443
15.4923 66.8334 1 443
38.8435 68.9669 1 444
17.2872 78.7075 1 445
83.3147 98.37 1 446
31.0532 35.8903 1 447
61.596 53.8801 1 448
74.8817 54.959 1 449
72.9399 54.4803 1 449
26.4295 9.46844 1 450
24.7001 8.46389 1 450
73.6765 16.0317 1 451
94.1205 69.1483 1 452
84.2833 71.7034 1 453
79.0242 45.6904 1 454
21.232 86.1721 1 455
20.4999 88.0332 1 455
8.84348 90.3262 1 456
6.85513 90.5418 1 456
35.1436 73.9952 1 457
98.593 85.687 1 458
91.2736 50.0579 1 459
91.9531 46.0526 1 460
39.8597 14.313 1 461
46.9458 68.1085 1 462
4.72487 9.33135 1 463
56.4323 39.7165 1 464
56.0498 41.6796 1 464
14.8936 10.3473 1 465
23.9905 39.7606 1 466
24.2488 41.7439 1 466
50.5501 31.1359 1 467
46.6366 31.8275 1 467
48.5538 31.2582 1 467
42.5283 17.3668 1 468
31.2725 29.199 1 469
80.8622 42.1853 1 470
54.2697 52.701 1 471
89.4464 47.436 1 472
6.05227 21.614 1 473
71.4849 89.8482 1 474
93.3854 16.6259 1 475
63.7062 81.1062 1 476
64.0186 79.1308 1 476
78.9682 77.004 1 477
10.6839 14.4531 1 478
15.0445 81.6811 1 479
3.6504 19.3028 1 480
46.4707 36.7359 1 481
26.7712 43.0108 1 482
28.755 43.2645 1 482
30.2134 44.6331 1 482
69.199 53.1442 1 483
59.339 45.7641 1 484
9.04987 12.3509 1 485
65.637 41.1511 1 486
11.2977 4.94567 1 487
9.17351 55.2114 1 488
3.82261 5.71839 1 489
1.82882 5.87591 1 489
57.7587 67.0414 1 490
2.38722 99.5214 1 491
64.356 8.78142 1 492
67.3646 0.245724 1 493
13.3498 70.706 1 494
28.4614 4.56127 1 495
30.3371 3.86718 1 495
55.6435 23.1797 1 496
52.622 72.3692 1 497
80.3237 3.2132 1 498
91.6994 0.182286 1 499
80.0289 19.0322 1 500
32.2592 48.4839 1 501
60.758 82.8054 1 502
75.1156 30.2604 1 503
65.729 7.02746 1 504
33.4306 19.7831 1 505
54.6822 99.8079 1 506
27.0564 12.6802 1 507
93.7547 50.2341 1 508
50.4512 95.0778 1 509
73.0912 92.1535 1 510
74.3084 93.7404 1 510
67.6347 57.0994 1 511
13.3087 47.5136 1 512
0.169359 66.6936 1 513
55.9952 71.3938 1 514
15.2957 35.477 1 515
47.3354 91.5641 1 516
17.7719 23.9648 1 517
16.1976 22.7314 1 517
91.0378 92.4906 1 518
72.952 20.8621 1 519
72.3459 18.9561 1 519
21.2807 62.66 1 520
77.7052 62.8944 1 521
79.2916 61.6764 1 521
90.8955 40.0496 1 522
90.2217 38.1665 1 522
58.126 72.5957 1 523
88.7899 96.1553 1 524
30.5477 53.99 1 525
32.5159 54.3448 1 525
61.8248 35.4181 1 526
63.6619 34.6274 1 526
28.4232 26.198 1 527
15.3017 29.7834 1 528
99.6922 62.959 1 529
86.6772 81.63 1 530
90.9437 90.3704 1 531
34.309 86.0683 1 532
36.1613 86.8224 1 532
32.9508 84.6001 1 532
40.0478 43.3541 1 533
37.6232 11.8612 1 534
60.2117 6.4424 1 535
63.2518 15.7932 1 536
63.1295 17.7894 1 536
34.8996 92.5696 1 537
39.9994 33.2163 1 538
26.9825 29.4266 1 539
25.1398 28.6491 1 539
28.7602 30.343 1 539
44.0801 24.4394 1 540
42.1514 23.9101 1 540
43.6336 22.4899 1 540
11.7948 30.5421 1 541
74.1516 6.85407 1 542
75.3507 8.45478 1 542
94.227 84.6402 1 543
12.4402 72.7642 1 544
44.8256 39.5692 1 545
25.115 31.9202 1 546
37.3454 4.07478 1 547
68.352 23.7332 1 548
74.4085 37.4788 1 549
18.9942 46.4805 1 550
87.1465 88.2515 1 551
87.5896 90.2018 1 551
56.4618 61.2186 1 552
54.9608 62.5404 1 552
19.9443 83.0919 1 553
22.9487 54.8847 1 554
81.5753 79.1315 1 555
9.22682 66.7131 1 556
89.4454 83.8482 1 557
40.6129 52.1457 1 558
5.98768 3.82494 1 559
17.4878 21.0905 1 560
15.6306 89.5755 1 561
81.8333 68.6677 1 562
55.7663 47.9426 1 563
72.9587 95.9073 1 564
47.2761 13.6959 1 565
50.9194 88.3977 1 566
73.7947 25.3355 1 567
40.6536 36.8795 1 568
26.2461 54.0184 1 569
55.3422 88.1347 1 570
46.8641 2.50446 1 571
88.9361 53.229 1 572
47.5863 24.4187 1 573
49.5777 24.6044 1 573
96.1518 21.8918 1 574
97.8278 20.8004 1 574
20.3962 26.08 1 575
9.89802 74.4269 1 576
9.78485 76.4237 1 576
72.8162 84.6967 1 577
73.8236 51.1798 1 578
68.1683 43.6241 1 579
69.0094 45.4386 1 579
29.2327 47.7426 1 580
45.6011 81.7995 1 581
47.2565 82.9217 1 581
68.9539 80.4652 1 582
86.5107 84.2075 1 583
23.2789 46.1952 1 584
22.6192 37.6255 1 585
88.486 72.3978 1 586
92.5267 13.413 1 587
15.8152 27.3995 1 588
68.4783 19.2523 1 589
62.2525 99.9615 1 590
71.3579 47.6438 1 591
8.21299 2.30581 1 592
20.9602 7.29794 1 593
88.4104 39.2082 1 594
42.702 64.3883 1 595
12.5412 58.2813 1 596
11.6783 60.0856 1 596
24.2357 11.0038 1 597
12.4546 94.1094 1 598
12.8736 82.6701 1 599
6.19738 95.12 1 600
82.5663 31.5006 1 601
75.07 69.8758 1 602
73.6315 71.2653 1 602
44.6896 60.8609 1 603
43.2214 59.5027 1 603
85.3314 10.4574 1 604
87.09 9.50474 1 604
76.5305 52.0212 1 605
64.8697 21.984 1 606
93.4681 65.8255 1 607
17.5822 56.3805 1 608
31.6492 7.3157 1 609
91.0805 18.1342 1 610
89.1657 17.5566 1 610
10.8827 91.4207 1 611
30.1526 20.3146 1 612
98.6029 40.2744 1 613
81.2694 95.4684 1 614
76.7578 47.8397 1 615
74.9104 48.6058 1 615
23.644 73.3428 1 616
46.8398 98.87 1 617
9.47945 83.0712 1 618
20.0403 34.7644 1 619
6.54015 44.5636 1 620
56.4993 27.1418 1 621
25.8147 76.0402 1 622
15.6433 98.6225 1 623
14.2461 0.0534611 1 623
4.96196 0.938762 1 624
5.02274 69.5449 1 625
81.2778 99.3038 1 626
58.6976 98.7914 1 627
44.8789 71.4855 1 628
42.0158 28.2579 1 629
31.9906 12.5108 1 630
37.4904 58.0616 1 631
6.73034 74.9161 1 632
37.866 82.9666 1 633
36.6397 84.5466 1 633
22.5423 92.707 1 634
64.9416 24.0069 1 635
54.3929 77.3096 1 636
77.3203 79.0569 1 637
25.6332 47.8538 1 638
2.37372 74.5912 1 639
53.4598 50.7921 1 640
8.9851 18.9033 1 641
80.4466 22.413 1 642
34.6086 44.9712 1 643
4.13768 96.8459 1 644
63.3445 59.5635 1 645
45.166 54.5269 1 646
7.40016 28.874 1 647
84.4028 79.7788 1 648
81.2116 44.8617 1 649
94.6656 10.5873 1 650
93.9816 30.2694 1 651
77.8582 10.2927 1 652
45.4121 84.0539 1 653
10.5246 27.9255 1 654
31.4989 66.0732 1 655
40.6921 8.81777 1 656
74.2387 86.4173 1 657
13.8312 24.2661 1 658
96.6228 54.1189 1 659
95.7125 55.8997 1 659
48.4769 86.3784 1 660
36.8482 89.7593 1 661
77.6611 59.2169 1 662
67.9392 96.9081 1 663
85.6119 36.9056 1 664
77.4482 75.4137 1 665
98.3569 8.18112 1 666
88.4276 79.1948 1 667
75.1547 73.8499 1 668
74.4407 80.5023 1 669
75.1871 11.0214 1 670
18.9888 75.7988 1 671
29.7088 22.536 1 672
17.5874 2.80414 1 673
8.31944 96.5482 1 674
49.2678 38.3945 1 675
91.7809 97.9851 1 676
54.6681 74.2213 1 677
79.2986 11.7414 1 678
0.365999 69.6436 1 679
58.1754 3.79127 1 680
51.5785 76.7134 1 681
2.31291 2.37893 1 682
36.098 56.1471 1 683
35.0342 12.1952 1 684
23.2353 51.6293 1 685
40.7115 59.0004 1 686
45.0457 86.5307 1 687
64.4868 99.4881 1 688
82.3728 24.6835 1 689
86.2157 34.8292 1 690
4.10099 14.4118 1 691
88.5684 59.3839 1 692
91.784 83.3954 1 693
41.1917 2.25525 1 694
26.8791 99.8126 1 695
49.6931 69.2727 1 696
93.2913 24.0911 1 697
93.9565 90.5723 1 698
32.0918 15.3528 1 699
69.1801 70.4392 1 700
12.8788 12.3427 1 701
50.0456 8.60551 1 702
13.0826 43.1908 1 703
52.8231 14.6485 1 704
78.2226 69.9195 1 705
6.4492 66.7337 1 706
21.9145 10.5403 1 707
76.8772 83.0674 1 708
24.7083 57.2649 1 709
83.89 19.4224 1 710
96.0431 31.2043 1 711
40.6762 39.2135 1 712
38.738 27.4206 1 713
39.6539 99.6069 1 714
79.5135 90.915 1 715
33.4591 26.1411 1 716
87.8183 86.0204 1 717
78.646 38.2821 1 718
23.3173 18.2847 1 719
31.1219 82.7807 1 720
44.1057 96.5567 1 721
54.7745 20.9324 1 722
7.58634 46.9754 1 723
4.4202 91.7004 1 724
42.8419 62.1227 1 725
34.4233 51.7972 1 726
