18.0266 28.0639 1 1
71.1446 6.44761 1 2
63.0554 26.2984 1 3
58.0634 50.0175 1 4
48.411 47.9741 1 5
97.825 50.5305 1 6
0.717864 22.3104 1 7
16.3645 43.7888 1 8
61.5443 27.9496 1 9
24.3255 23.5854 1 10
23.2773 25.2887 1 10
6.71012 72.4858 1 11
0.338346 72.5072 1 12
98.4873 71.7498 1 12
86.8479 74.6903 1 13
58.2981 64.3627 1 14
59.7436 62.9805 1 14
27.1402 69.555 1 15
41.9679 72.5981 1 16
61.4257 57.3452 1 17
77.0489 17.6518 1 18
76.5641 19.5922 1 18
54.2865 67.5178 1 19
85.2422 76.7333 1 20
91.3366 28.5896 1 21
91.3489 26.5896 1 21
10.6807 41.3174 1 22
6.28711 85.3224 1 23
14.3729 15.6024 1 24
28.1806 65.6876 1 25
69.1554 66.0964 1 26
56.6862 36.2331 1 27
57.0646 90.1766 1 28
29.2875 99.498 1 29
7.33333 81.0536 1 30
52.2904 69.1205 1 31
63.4113 2.01615 1 32
99.2172 4.16921 1 33
32.4678 87.3956 1 34
25.3742 19.1518 1 35
92.6379 73.0705 1 36
89.4451 75.2947 1 36
90.7766 73.8024 1 36
99.6367 88.6764 1 37
10.9512 89.307 1 38
12.769 88.473 1 38
3.65301 79.6409 1 39
40.6995 78.7234 1 40
41.127 76.7697 1 40
68.2613 89.2579 1 41
66.7404 90.5567 1 41
65.6623 88.8721 1 41
33.7117 94.8359 1 42
85.7694 91.4626 1 43
72.5861 23.4979 1 44
16.9406 68.9435 1 45
77.9293 93.5535 1 46
48.5659 77.871 1 47
69.7402 21.2783 1 48
56.6527 76.5602 1 49
98.4873 47.0757 1 50
32.524 99.6262 1 51
50.594 36.605 1 52
59.3477 84.9537 1 53
19.7911 80.728 1 54
37.4496 45.7456 1 55
26.8098 93.1488 1 56
24.8951 93.7266 1 56
42.3433 53.6596 1 57
70.5095 60.5379 1 58
88.2171 2.54926 1 59
6.75549 26.2956 1 60
84.5683 6.52783 1 61
71.9677 68.0494 1 62
15.1664 46.5263 1 63
70.3362 55.1579 1 64
1.63302 8.75869 1 65
90.9433 87.1099 1 66
4.86942 11.9983 1 67
69.8592 57.7599 1 68
58.7944 10.4722 1 69
60.4468 9.34546 1 69
54.7582 31.4682 1 70
75.8366 67.3974 1 71
49.3512 45.6582 1 72
66.0763 70.8332 1 73
58.5038 38.9095 1 74
10.3981 20.6827 1 75
84.0438 3.6742 1 76
8.53984 30.3668 1 77
31.3229 26.4698 1 78
71.4409 72.6209 1 79
0.802665 26.1334 1 80
31.7581 96.675 1 81
59.22 24.0599 1 82
24.5041 78.2582 1 83
99.7188 17.0212 1 84
11.8594 97.8529 1 85
47.7321 8.50018 1 86
0.973267 57.838 1 87
1.24904 59.8189 1 87
41.2039 10.6177 1 88
4.21509 47.3188 1 89
9.11861 25.217 1 90
10.1932 23.5302 1 90
88.2669 55.9372 1 91
76.5761 27.9387 1 92
82.5653 81.6055 1 93
17.0025 52.1426 1 94
15.0821 51.5842 1 94
46.5606 45.0102 1 95
17.2308 18.8302 1 96
2.00848 63.8588 1 97
91.5712 78.0967 1 98
10.2365 94.1169 1 99
11.0804 95.9302 1 99
92.8332 37.1253 1 100
65.9249 94.0106 1 101
31.7993 62.5215 1 102
76.762 71.6816 1 103
7.41992 63.283 1 104
40.5271 18.7242 1 105
18.7193 40.8376 1 106
19.4416 16.1643 1 107
40.3278 5.83598 1 108
56.5617 97.6785 1 109
24.7496 21.2205 1 110
26.7432 21.3795 1 110
28.027 96.0997 1 111
20.9491 31.4489 1 112
28.9829 11.6516 1 113
88.9421 23.1846 1 114
59.629 31.7577 1 115
58.365 33.3076 1 115
80.7847 34.6199 1 116
98.0115 28.9027 1 117
48.2405 28.2608 1 118
19.8163 0.515286 1 119
2.21324 24.0662 1 120
17.6159 83.0017 1 121
22.2086 15.5631 1 122
55.4153 15.2594 1 123
65.5611 38.14 1 124
40.5097 47.1568 1 125
78.1828 33.0323 1 126
76.7532 5.08855 1 127
64.1971 72.6811 1 128
29.7305 80.9628 1 129
26.6617 16.946 1 130
70.3609 98.1944 1 131
67.9382 40.8156 1 132
43.7947 4.4554 1 133
64.2936 50.7745 1 134
88.482 35.8871 1 135
32.9455 38.9158 1 136
56.7224 19.7671 1 137
58.4803 18.8133 1 137
25.6705 90.1936 1 138
95.7599 62.8882 1 139
93.775 63.1334 1 139
79.6068 72.3224 1 140
79.7316 74.3185 1 140
0.0173474 38.3976 1 141
99.0093 36.6702 1 141
65.5578 3.34534 1 142
17.3057 14.7598 1 143
98.8476 12.2693 1 144
10.8102 0.536842 1 145
12.6103 1.4086 1 145
60.9839 66.9345 1 146
44.2674 50.9985 1 147
60.3721 77.0199 1 148
9.914 46.5819 1 149
10.0968 57.7712 1 150
0.858497 14.0176 1 151
37.8576 96.7668 1 152
79.464 25.2536 1 153
61.595 24.2003 1 154
35.3624 16.4704 1 155
37.3256 16.8523 1 155
17.8359 62.2431 1 156
66.0273 32.7176 1 157
45.1394 94.471 1 158
87.6519 45.0729 1 159
86.5106 46.7152 1 159
20.9187 73.2601 1 160
58.1386 15.408 1 161
67.4936 50.1782 1 162
11.3045 85.9813 1 163
1.59073 35.6926 1 164
22.1904 81.4419 1 165
67.0122 61.2042 1 166
79.028 5.25696 1 167
57.8535 93.4068 1 168
47.0907 88.7755 1 169
45.3165 89.6986 1 169
33.5771 22.1792 1 170
32.7574 24.0035 1 170
76.1492 87.6013 1 171
99.67 96.2658 1 172
0.998478 94.7708 1 172
22.9269 28.042 1 173
26.0666 64.3097 1 174
59.0993 41.5936 1 175
60.0086 43.3749 1 175
9.3731 35.5408 1 176
33.484 4.13234 1 177
83.5776 66.3752 1 178
14.4833 2.83935 1 179
93.5497 42.8576 1 180
51.8898 96.5533 1 181
35.6969 70.1935 1 182
22.8911 61.381 1 183
73.2783 3.67251 1 184
72.6863 1.76212 1 184
70.9717 0.732575 1 184
34.8015 99.3277 1 185
63.4001 47.0626 1 186
68.1481 9.6028 1 187
69.4365 8.0731 1 187
15.4745 72.4984 1 188
9.49356 7.19106 1 189
36.2182 43.4265 1 190
72.9999 75.7378 1 191
86.3151 29.0457 1 192
85.3325 30.7877 1 192
87.1829 27.2438 1 192
82.5378 55.899 1 193
3.53257 34.9573 1 194
94.2432 25.9642 1 195
68.3254 3.22188 1 196
68.2854 30.853 1 197
51.6818 80.8405 1 198
51.5016 82.8324 1 198
63.9722 95.1895 1 199
63.9903 93.1896 1 199
90.5751 33.7627 1 200
75.5928 35.4746 1 201
37.7243 39.5184 1 202
36.9711 37.6657 1 202
31.1438 73.9792 1 203
13.795 32.0064 1 204
67.5564 85.3697 1 205
67.0928 64.8539 1 206
66.6865 66.8122 1 206
94.7855 74.9776 1 207
24.7316 81.8064 1 208
52.4211 29.1583 1 209
78.4968 84.8008 1 210
93.1262 56.6471 1 211
44.3508 76.8157 1 212
44.0992 74.8316 1 212
82.7449 36.4546 1 213
92.4651 76.2706 1 214
18.2333 65.207 1 215
18.8353 67.1142 1 215
72.1042 27.6573 1 216
85.9935 49.8192 1 217
78.3078 53.6434 1 218
72.4453 78.0314 1 219
70.4551 77.8331 1 219
80.9434 88.4035 1 220
54.7038 91.6536 1 221
61.138 47.474 1 222
73.1101 45.3041 1 223
44.7061 42.9634 1 224
65.0472 85.1515 1 225
63.1102 85.6494 1 225
28.1273 79.298 1 226
26.7339 57.4497 1 227
26.9429 59.4387 1 227
28.8297 58.7755 1 227
44.3694 35.2828 1 228
86.6276 16.4357 1 229
92.1502 95.441 1 230
94.0596 96.0361 1 230
43.3079 55.6481 1 231
39.637 62.1512 1 232
63.2029 89.3144 1 233
45.8286 40.9244 1 234
75.0728 61.7901 1 235
56.5808 6.34228 1 236
26.1354 45.5189 1 237
24.466 44.4175 1 237
1.99591 41.9448 1 238
29.212 17.8213 1 239
96.8695 66.1756 1 240
80.6658 58.3527 1 241
66.4241 28.5135 1 242
59.2408 87.1979 1 243
61.1806 87.6847 1 243
4.64729 41.3258 1 244
37.6855 30.9847 1 245
35.7602 31.5263 1 245
80.6772 7.31105 1 246
96.714 38.6487 1 247
12.6843 21.1975 1 248
76.5261 23.8503 1 249
50.5758 0.632695 1 250
53.4862 89.8729 1 251
41.7672 87.4344 1 252
83.5992 46.2568 1 253
35.8689 33.9143 1 254
52.8712 18.4003 1 255
53.4086 35.7082 1 256
35.8793 49.7464 1 257
37.2154 48.2582 1 257
3.49359 57.0284 1 258
2.88621 55.1229 1 258
66.546 16.5297 1 259
95.1608 7.6161 1 260
12.7908 38.8669 1 261
97.2056 58.2648 1 262
2.18898 89.7603 1 263
98.3013 82.3093 1 264
45.4957 58.3929 1 265
10.4991 64.297 1 266
59.8221 55.5828 1 267
30.3792 68.7508 1 268
19.8582 50.8306 1 269
7.39896 32.6163 1 270
6.04566 34.0889 1 270
61.6565 50.2606 1 271
96.7098 98.7944 1 272
42.0761 84.6231 1 273
1.02789 76.5616 1 274
1.52642 78.4985 1 274
36.604 65.608 1 275
36.6583 0.932567 1 276
57.209 30.0675 1 277
89.5075 65.2763 1 278
27.4657 71.605 1 279
49.2628 34.1745 1 280
98.5786 44.6231 1 281
0.375076 43.744 1 281
9.38289 71.0965 1 282
94.7416 18.7202 1 283
83.3618 92.6311 1 284
82.5849 90.7881 1 284
22.0414 78.6491 1 285
21.5345 76.7144 1 285
11.9729 25.1523 1 286
96.1011 16.4224 1 287
96.2891 70.7096 1 288
96.7646 68.767 1 288
45.226 15.4296 1 289
81.3065 64.7128 1 290
89.9171 7.96892 1 291
89.0457 6.1687 1 291
91.9159 7.90029 1 291
30.5209 86.7575 1 292
49.9764 18.8808 1 293
10.3352 9.23654 1 294
66.7218 13.7073 1 295
36.518 79.6655 1 296
86.2791 70.3297 1 297
16.17 76.1655 1 298
62.5026 4.13173 1 299
44.1086 12.9926 1 300
39.7635 90.5869 1 301
2.52932 11.649 1 302
69.2399 14.2755 1 303
31.8534 33.2196 1 304
85.4327 94.6824 1 305
84.0866 96.1615 1 305
66.5885 53.8108 1 306
3.45845 60.971 1 307
7.50335 37.5295 1 308
70.5653 30.56 1 309
77.6742 21.4579 1 310
20.7561 4.7331 1 311
53.0816 64.6203 1 312
39.9234 71.0474 1 313
43.6593 2.11733 1 314
44.5423 0.322809 1 314
29.921 77.2281 1 315
48.2275 64.4673 1 316
7.61267 15.4647 1 317
72.8476 58.9883 1 318
56.5846 83.1711 1 319
33.6003 79.7462 1 320
28.3217 84.9117 1 321
87.2256 11.8286 1 322
77.2761 14.2115 1 323
78.2628 0.254888 1 324
30.7862 41.847 1 325
4.14676 76.4996 1 326
37.4538 14.2196 1 327
20.7644 60.1171 1 328
85.2585 67.7297 1 329
44.9285 26.963 1 330
16.6238 39.7625 1 331
15.76 41.5664 1 331
53.6252 58.6421 1 332
97.6141 60.8826 1 333
68.8969 74.8205 1 334
69.4229 63.0632 1 335
2.34689 71.6478 1 336
78.6775 86.9861 1 337
37.107 60.9788 1 338
69.3059 37.273 1 339
71.271 36.901 1 339
21.1748 69.9445 1 340
23.1412 97.9829 1 341
37.8823 52.4995 1 342
38.9425 21.9007 1 343
69.6523 95.3704 1 344
30.5534 92.5003 1 345
29.8393 94.3685 1 345
61.386 91.2382 1 346
91.097 60.8568 1 347
89.6433 62.2304 1 347
4.49768 53.2303 1 348
3.43407 51.5366 1 348
2.05483 86.5122 1 349
83.9696 26.6672 1 350
27.3875 7.19483 1 351
3.22047 32.7177 1 352
84.8347 1.58782 1 353
82.6007 13.5814 1 354
77.1579 97.6795 1 355
34.4426 62.4778 1 356
31.7471 9.84159 1 357
93.0901 21.5297 1 358
6.97923 60.3519 1 359
98.8572 93.0511 1 360
23.9567 88.6602 1 361
21.4537 56.6432 1 362
72.268 40.8308 1 363
72.2854 38.8308 1 363
11.2752 78.1976 1 364
80.2606 81.6163 1 365
9.78204 33.2162 1 366
16.3096 5.84973 1 367
36.896 63.1325 1 368
45.7869 64.3729 1 369
12.1955 75.5054 1 370
92.623 80.9981 1 371
18.2624 95.338 1 372
19.1194 97.1451 1 372
20.2461 44.3035 1 373
86.7019 23.1002 1 374
90.4286 10.6914 1 375
92.4068 10.9855 1 375
20.5215 17.9927 1 376
74.2655 99.1609 1 377
84.1962 58.3848 1 378
17.2976 7.80456 1 379
26.7174 36.1344 1 380
35.699 8.32484 1 381
94.7735 5.15219 1 382
92.7963 4.85082 1 382
83.74 87.4951 1 383
53.2114 47.3402 1 384
86.0192 62.6802 1 385
16.1316 86.603 1 386
15.4665 84.7168 1 386
34.2214 59.7885 1 387
40.2347 85.5512 1 388
3.60264 66.7869 1 389
82.9181 21.787 1 390
54.4749 10.0946 1 391
56.0386 11.3415 1 391
60.9062 71.4947 1 392
44.3187 19.8452 1 393
23.9582 5.78987 1 394
64.7963 19.5459 1 395
26.8851 38.9603 1 396
9.45877 80.326 1 397
8.10912 78.85 1 397
81.7165 84.0266 1 398
80.8304 85.8196 1 398
46.9187 52.5583 1 399
77.7329 42.1154 1 400
76.5508 40.5021 1 400
27.2742 49.6014 1 401
57.7947 53.3914 1 402
59.5499 52.4327 1 402
17.6177 73.1124 1 403
80.1178 55.7555 1 404
41.8787 68.5429 1 405
12.2316 62.0995 1 406
13.9883 61.1433 1 406
51.6236 5.22272 1 407
94.557 87.3952 1 408
44.1123 31.9679 1 409
42.0822 99.1588 1 410
29.6277 51.3425 1 411
85.556 39.56 1 412
94.5174 40.5944 1 413
68.6103 91.7423 1 414
82.734 51.4677 1 415
28.8265 62.6046 1 416
54.8261 44.0979 1 417
26.1464 52.5128 1 418
17.7643 12.0532 1 419
33.8366 76.7812 1 420
8.61056 86.761 1 421
88.9534 14.8819 1 422
37.972 92.237 1 423
94.7509 60.7538 1 424
15.7447 96.145 1 425
85.8938 25.2244 1 426
93.7764 54.5723 1 427
67.3618 77.5251 1 428
82.7509 62.3161 1 429
10.5814 52.6454 1 430
85.9042 20.7391 1 431
55.9809 55.0294 1 432
35.725 19.0748 1 433
86.1045 55.4979 1 434
38.0352 35.0297 1 435
43.831 9.59723 1 436
91.0118 69.2903 1 437
81.629 38.727 1 438
81.5749 28.3361 1 439
37.2936 71.9609 1 440
75.5956 3.09471 1 441
98.9498 99.7249 1 442
63.4474 29.0896 1 443
63.308 31.0847 1 443
5.41914 31.1511 1 444
4.43744 82.3308 1 445
56.8241 79.6386 1 446
36.8339 75.3493 1 447
69.6322 11.1986 1 448
84.3634 64.001 1 449
86.0313 65.1046 1 449
24.7024 1.87113 1 450
41.4983 94.7653 1 451
21.2053 65.1115 1 452
81.3161 49.3897 1 453
78.9871 66.9509 1 454
63.0173 65.3741 1 455
48.809 72.6217 1 456
51.321 11.2104 1 457
7.03065 57.378 1 458
58.5958 1.15154 1 459
57.7868 43.739 1 460
14.2183 55.8405 1 461
63.292 74.9679 1 462
61.3145 74.6692 1 462
49.8473 54.8648 1 463
21.2774 90.3057 1 464
90.2427 57.5016 1 465
54.261 83.195 1 466
73.0086 11.6887 1 467
0.0684819 30.899 1 468
32.1471 71.1125 1 469
69.2557 33.6839 1 470
35.9306 23.8433 1 471
36.0596 21.8475 1 471
89.9772 43.3117 1 472
16.9513 31.6749 1 473
40.2875 97.2121 1 474
72.6164 64.4069 1 475
59.0143 68.9974 1 476
48.8524 57.0573 1 477
50.8303 57.3534 1 477
53.0375 39.0215 1 478
85.1501 14.6174 1 479
55.8893 2.64994 1 480
5.0778 17.2041 1 481
50.7223 65.2068 1 482
13.6946 65.7158 1 483
28.5521 34.8994 1 484
98.8072 14.7514 1 485
38.8044 69.2053 1 486
17.0994 78.6223 1 487
83.7663 98.4248 1 488
31.215 35.5783 1 489
61.8195 53.6153 1 490
75.1586 54.9231 1 491
26.7487 9.63416 1 492
73.598 15.7975 1 493
94.1194 69.2334 1 494
84.0755 71.2342 1 495
94.0914 78.1209 1 496
79.0154 45.8518 1 497
21.4949 85.9118 1 498
8.74812 90.12 1 499
35.0713 74.1579 1 500
98.1793 85.1911 1 501
91.2249 49.8546 1 502
0.397479 1.38125 1 503
87.4393 67.1009 1 504
3.97937 39.2844 1 505
99.3073 77.7037 1 506
91.9664 46.6836 1 507
39.7011 14.09 1 508
47.3108 67.9064 1 509
15.7909 37.7225 1 510
17.7797 37.934 1 510
5.01385 9.14228 1 511
56.3381 39.6072 1 512
15.0159 10.5154 1 513
23.9003 39.8353 1 514
50.5724 31.0811 1 515
42.5116 17.0797 1 516
31.5249 29.1503 1 517
81.3985 41.8541 1 518
54.1152 52.9631 1 519
89.6232 47.1229 1 520
6.01597 21.9103 1 521
71.3813 90.1504 1 522
92.9664 16.7874 1 523
63.5887 81.5026 1 524
79.1443 77.3325 1 525
8.76803 39.7643 1 526
10.9273 14.8887 1 527
14.7711 81.5093 1 528
4.01328 19.3051 1 529
58.2604 47.745 1 530
46.6032 36.5852 1 531
26.7565 42.9655 1 532
28.7404 43.2191 1 532
30.1988 44.5877 1 532
69.5739 52.7166 1 533
89.1636 26.3222 1 534
59.1841 45.7993 1 535
8.99138 12.1291 1 536
96.8983 80.4335 1 537
6.59238 52.5577 1 538
6.18892 50.5988 1 538
65.4433 41.7814 1 539
11.7144 4.69853 1 540
9.4328 55.1531 1 541
3.75424 5.67347 1 542
1.76045 5.83099 1 542
57.6533 67.2215 1 543
2.73457 99.856 1 544
64.5063 8.90221 1 545
66.9242 0.108445 1 546
13.5423 70.691 1 547
28.3621 4.5521 1 548
30.2378 3.858 1 548
36.962 94.0715 1 549
33.0249 69.2606 1 550
55.6646 22.955 1 551
52.6634 72.4718 1 552
80.3711 3.1089 1 553
91.9205 0.744805 1 554
79.683 19.5059 1 555
32.3171 48.7418 1 556
60.8035 82.5256 1 557
75.5221 30.6598 1 558
65.6191 6.64791 1 559
33.1171 19.6229 1 560
54.6214 99.5545 1 561
27.1181 13.1733 1 562
12.487 36.6829 1 563
97.4231 2.7591 1 564
93.701 50.5049 1 565
72.7396 54.628 1 566
49.9801 94.7973 1 567
73.1161 92.1069 1 568
67.3099 56.8445 1 569
49.7118 79.7625 1 570
13.1523 47.6015 1 571
99.659 66.6271 1 572
56.0526 71.3244 1 573
15.2951 35.4713 1 574
47.4095 91.4602 1 575
17.7316 24.0355 1 576
16.1572 22.8021 1 576
90.7511 92.5521 1 577
72.8199 20.5554 1 578
11.8247 80.6583 1 579
21.153 62.4733 1 580
77.8016 62.6869 1 581
79.3879 61.4689 1 581
91.0466 39.9981 1 582
90.3729 38.115 1 582
58.5561 73.4555 1 583
0.608118 47.631 1 584
88.939 96.0277 1 585
30.7745 53.7383 1 586
95.7905 73.1579 1 587
0.449689 80.4147 1 588
61.5593 35.9546 1 589
15.4182 66.8511 1 590
28.5659 26.2649 1 591
15.2553 29.8938 1 592
72.1802 42.8441 1 593
99.473 62.8108 1 594
86.5773 81.4942 1 595
91.2112 90.1279 1 596
34.2924 86.1384 1 597
36.1448 86.8925 1 597
32.9343 84.6703 1 597
39.9458 43.5417 1 598
37.3284 11.5017 1 599
59.9218 6.74654 1 600
59.3684 35.461 1 601
57.7593 95.8383 1 602
63.4302 15.7582 1 603
34.8966 92.785 1 604
65.3139 83.1009 1 605
39.9985 33.0368 1 606
26.8754 29.5021 1 607
25.0327 28.7247 1 607
43.8443 92.8644 1 608
42.0546 91.9717 1 608
43.9398 24.3946 1 609
42.0111 23.8653 1 609
11.705 30.4122 1 610
74.561 6.7406 1 611
94.428 84.3897 1 612
12.1201 72.9354 1 613
44.9748 38.7632 1 614
25.1184 31.959 1 615
37.3769 3.88021 1 616
68.144 23.9499 1 617
74.0926 37.5325 1 618
85.2432 44.6791 1 619
19.5582 46.5333 1 620
87.1213 88.3703 1 621
87.5645 90.3206 1 621
44.2508 78.9233 1 622
56.5907 61.071 1 623
85.5174 53.4314 1 624
20.2285 83.1436 1 625
23.2329 54.555 1 626
81.1839 79.0928 1 627
9.11508 66.6258 1 628
89.7139 12.8742 1 629
89.3437 83.6365 1 630
40.5286 52.1834 1 631
6.37451 4.195 1 632
97.5901 96.4458 1 633
17.8401 21.2709 1 634
15.6751 89.4447 1 635
81.8428 68.8079 1 636
55.6864 47.7887 1 637
72.9471 95.9359 1 638
47.1317 13.5085 1 639
51.0898 88.8635 1 640
73.8661 26.0839 1 641
40.6942 36.7341 1 642
74.838 22.6092 1 643
26.5542 54.548 1 644
55.2052 87.9602 1 645
46.8864 2.59105 1 646
88.733 53.5122 1 647
47.4347 24.4649 1 648
96.0541 22.0039 1 649
97.73 20.9125 1 649
54.2977 93.7985 1 650
20.2457 26.0154 1 651
10.1014 74.2282 1 652
72.4981 84.663 1 653
73.8675 51.0937 1 654
68.1288 43.585 1 655
29.384 47.063 1 656
45.2127 81.6304 1 657
68.9173 80.3273 1 658
86.2211 84.6374 1 659
22.7544 46.6927 1 660
22.6532 37.4266 1 661
34.5568 40.6972 1 662
88.2904 72.3761 1 663
92.7107 13.5296 1 664
27.7935 76.9077 1 665
74.7092 13.8709 1 666
16.0983 26.8089 1 667
4.56327 71.8088 1 668
68.5967 18.7195 1 669
61.8915 99.6602 1 670
71.1039 47.7909 1 671
7.89516 2.29616 1 672
20.8582 7.3311 1 673
87.9883 38.7505 1 674
42.4337 64.5391 1 675
12.6189 58.1878 1 676
37.791 8.26698 1 677
48.3228 17.3205 1 678
24.2568 11.1108 1 679
12.7674 94.1657 1 680
64.2832 44.9356 1 681
12.6114 83.2514 1 682
74.4708 93.8272 1 683
6.01797 95.367 1 684
82.1685 31.6872 1 685
53.4744 33.3585 1 686
51.5877 34.0221 1 686
98.2032 18.4451 1 687
75.3249 69.6727 1 688
44.9993 60.7731 1 689
46.601 31.9342 1 690
48.5183 31.3649 1 690
84.9373 10.4894 1 691
94.5255 98.4276 1 692
76.4187 52.1101 1 693
64.912 22.0456 1 694
93.6654 66.313 1 695
48.3112 60.6985 1 696
17.9291 56.5109 1 697
86.9095 9.63787 1 698
47.4046 83.5073 1 699
31.4938 7.06435 1 700
91.0031 18.1648 1 701
89.0883 17.5872 1 701
10.8719 91.4067 1 702
29.9116 20.3149 1 703
13.062 52.9809 1 704
98.5599 40.5891 1 705
80.8392 95.1762 1 706
11.2746 60.0217 1 707
76.7553 48.102 1 708
74.9079 48.8682 1 708
23.3029 72.7401 1 709
46.6792 98.7947 1 710
9.84022 83.2167 1 711
19.9276 34.4336 1 712
6.11738 44.5619 1 713
52.5785 2.36858 1 714
56.4254 26.936 1 715
25.9356 75.6352 1 716
15.9487 98.6329 1 717
4.8815 0.685868 1 718
5.18799 69.6072 1 719
97.3856 88.7799 1 720
81.2299 98.8012 1 721
59.0036 98.5745 1 722
88.6444 69.0419 1 723
45.2778 71.3383 1 724
42.0275 28.4096 1 725
29.0095 30.1337 1 726
32.1638 12.6396 1 727
37.8056 58.2979 1 728
6.48536 74.666 1 729
37.904 83.0157 1 730
60.003 21.5773 1 731
47.7239 6.16661 1 732
91.0345 71.7847 1 733
63.7057 34.599 1 734
7.59395 8.26358 1 735
22.692 92.6007 1 736
64.6219 24.6167 1 737
42.5534 43.9653 1 738
25.0924 60.812 1 739
54.0157 77.6153 1 740
77.8538 79.1764 1 741
13.7869 96.9253 1 742
25.392 47.9748 1 743
2.50991 74.4165 1 744
24.2656 41.8494 1 745
53.333 50.6152 1 746
14.3174 0.0310616 1 747
9.44132 18.6202 1 748
79.9888 22.26 1 749
34.5301 45.4912 1 750
3.69799 96.7069 1 751
63.782 59.9971 1 752
32.9538 54.6979 1 753
45.1628 54.5426 1 754
30.1417 90.1287 1 755
29.0705 88.4397 1 755
7.31256 28.5334 1 756
75.7856 33.1733 1 757
99.0487 54.546 1 758
84.8834 79.9215 1 759
55.2681 96.0584 1 760
25.5151 4.06047 1 761
9.76447 76.5039 1 762
68.9783 45.4247 1 763
81.2761 44.4266 1 764
66.1354 34.788 1 765
94.9513 10.2257 1 766
93.8531 30.0288 1 767
77.5202 9.86089 1 768
45.2848 83.917 1 769
10.306 27.4687 1 770
35.2928 81.7475 1 771
31.5303 65.6773 1 772
40.5233 8.61178 1 773
63.9785 79.1935 1 774
73.7752 86.5208 1 775
14.0279 24.3943 1 776
96.6725 54.2757 1 777
95.7621 56.0565 1 777
81.8548 9.63798 1 778
23.7454 13.6034 1 779
48.0393 86.6807 1 780
37.1973 89.354 1 781
77.6239 59.1076 1 782
3.03042 16.5758 1 783
68.0765 97.3186 1 784
86.1688 36.8469 1 785
52.4829 55.9975 1 786
76.6325 64.9124 1 787
76.8702 75.4858 1 788
61.3912 33.4234 1 789
43.836 22.2808 1 790
97.9937 8.75974 1 791
83.6505 74.8615 1 792
88.0383 79.164 1 793
65.5306 11.85 1 794
75.3948 74.011 1 795
24.7113 8.3711 1 796
74.3258 80.6372 1 797
7.4399 83.2249 1 798
75.2913 11.3407 1 799
20.3193 88.0763 1 800
18.934 75.7103 1 801
69.4552 84.467 1 802
30.1599 23.1186 1 803
17.6934 2.95116 1 804
7.86331 96.5328 1 805
50.1101 59.2369 1 806
48.8368 38.4166 1 807
91.6711 97.7345 1 808
54.8897 74.6166 1 809
60.4974 19.1823 1 810
74.4743 77.5466 1 811
79.7552 11.9178 1 812
75.4939 9.04124 1 813
73.4342 71.3134 1 814
19.4579 91.722 1 815
13.2853 17.838 1 816
0.712908 70.1028 1 817
58.4594 3.94803 1 818
51.5693 76.554 1 819
2.50913 2.83384 1 820
36.351 56.4546 1 821
34.8025 12.1784 1 822
23.4404 51.7185 1 823
40.8336 58.7959 1 824
44.8759 86.5354 1 825
64.3851 99.7507 1 826
82.0309 24.5433 1 827
69.316 49.2168 1 828
86.2496 34.5144 1 829
4.11622 14.6352 1 830
88.1166 59.4088 1 831
91.9046 84.4064 1 832
40.6704 1.99404 1 833
66.247 48.4267 1 834
26.6881 99.7597 1 835
70.6135 93.1949 1 836
9.4999 48.7751 1 837
11.0054 50.0918 1 837
49.66 69.0617 1 838
93.6155 23.9961 1 839
93.4381 90.8712 1 840
32.1819 15.2026 1 841
69.0662 70.4853 1 842
12.4667 12.3482 1 843
49.8123 24.4108 1 844
49.9926 8.43556 1 845
92.917 2.64101 1 846
43.3533 59.2753 1 847
16.4135 63.9389 1 848
13.1436 43.3215 1 849
52.9004 14.7417 1 850
77.9824 69.4413 1 851
6.70827 66.5442 1 852
21.9351 10.6905 1 853
25.7834 34.3499 1 854
16.9781 60.3061 1 855
23.2758 65.9024 1 856
77.0763 82.8953 1 857
24.6398 57.4942 1 858
36.6725 84.6643 1 859
83.8612 19.3975 1 860
96.2559 31.6687 1 861
40.2124 39.4314 1 862
13.9851 5.24067 1 863
83.8078 29.086 1 864
54.6515 80.5261 1 865
44.927 7.36642 1 866
56.1631 41.8084 1 867
70.2067 4.33263 1 868
38.8573 27.3909 1 869
39.6456 99.8626 1 870
79.583 90.9489 1 871
33.9149 26.1849 1 872
72.145 18.6647 1 873
88.0782 86.3712 1 874
45.0835 11.2356 1 875
6.65229 90.5718 1 876
96.8254 27.0812 1 877
78.7396 38.2166 1 878
38.9874 74.3943 1 879
51.8343 45.5035 1 880
55.1103 62.9315 1 881
96.7529 5.57561 1 882
34.1022 34.9472 1 883
63.2794 17.7855 1 884
23.4564 18.2013 1 885
30.819 83.1859 1 886
2.72494 48.8193 1 887
44.0905 96.7105 1 888
54.6039 21.0712 1 889
98.6512 56.8135 1 890
7.1362 46.7141 1 891
4.74561 91.7917 1 892
42.6957 62.3842 1 893
73.2528 34.7476 1 894
34.653 51.463 1 895
