18.0847 28.193 1 1
71.2782 6.49439 1 2
63.1651 26.388 1 3
57.9218 50.0163 1 4
48.4788 47.8498 1 5
97.7528 50.6523 1 6
0.859416 22.3122 1 7
16.4972 43.7394 1 8
61.6714 27.8874 1 9
24.3234 23.6561 1 10
23.2751 25.3594 1 10
6.83399 72.4173 1 11
0.268892 72.4936 1 12
98.4179 71.7361 1 12
86.8255 74.8301 1 13
58.2912 64.4331 1 14
59.7367 63.0509 1 14
27.274 69.6012 1 15
27.4778 71.5908 1 15
41.9358 72.736 1 16
61.3434 57.4604 1 17
76.9959 17.6048 1 18
76.5112 19.5452 1 18
54.1999 67.6298 1 19
85.2618 76.5931 1 20
91.3371 28.5188 1 21
91.3494 26.5188 1 21
10.5413 41.342 1 22
6.42642 85.3476 1 23
14.4207 15.7356 1 24
28.3151 65.6433 1 25
69.183 65.9576 1 26
56.8034 36.1538 1 27
57.1973 90.2262 1 28
29.4276 99.5183 1 29
7.47414 81.0391 1 30
52.4203 69.0644 1 31
63.2928 2.09363 1 32
99.2729 4.03908 1 33
32.4001 87.442 1 34
30.5209 86.7575 1 34
25.5156 19.1591 1 35
92.6701 73.105 1 36
89.4773 75.3292 1 36
90.8089 73.8369 1 36
91.026 71.8487 1 36
99.4957 88.6884 1 37
97.4967 88.7523 1 37
10.965 89.2376 1 38
12.7828 88.4036 1 38
3.52082 79.5902 1 39
40.6287 78.7251 1 40
41.0563 76.7714 1 40
68.2468 89.3028 1 41
66.7259 90.6016 1 41
65.6479 88.9171 1 41
33.7143 94.6943 1 42
85.6956 91.5834 1 43
72.4452 23.5124 1 44
17.014 68.8225 1 45
77.9561 93.4145 1 46
48.6545 77.7606 1 47
69.6122 21.2176 1 48
56.527 76.6254 1 49
98.4434 46.9411 1 50
32.3849 99.6002 1 51
50.4737 36.5303 1 52
59.4326 84.8404 1 53
19.6517 80.7038 1 54
37.4788 45.6071 1 55
26.7655 93.0936 1 56
24.8508 93.6715 1 56
42.3564 53.8006 1 57
70.6293 60.6133 1 58
88.2954 2.66719 1 59
6.61934 26.3343 1 60
84.5375 6.38965 1 61
72.012 67.915 1 62
15.2823 46.6076 1 63
70.2852 55.0259 1 64
1.66171 8.62006 1 65
91.0722 87.0514 1 66
4.92559 12.1282 1 67
69.9949 57.8005 1 68
58.7676 10.4067 1 69
60.42 9.27994 1 69
54.8988 31.4852 1 70
75.7444 67.29 1 71
49.4923 45.6462 1 72
66.1928 70.9136 1 73
58.5123 38.7682 1 74
10.4195 20.8226 1 75
84.1738 3.61819 1 76
8.62536 30.4796 1 77
31.197 26.5345 1 78
71.321 72.5455 1 79
0.665331 26.0991 1 80
31.8016 96.8097 1 81
59.1258 23.9542 1 82
24.5132 78.1169 1 83
99.6504 17.0647 1 84
98.2032 18.4451 1 84
11.8236 97.787 1 85
10.2365 94.1169 1 85
11.0804 95.9302 1 85
47.867 8.4571 1 86
0.928853 57.8932 1 87
1.20462 59.874 1 87
41.1593 10.7521 1 88
4.08095 47.3492 1 89
2.72494 48.8193 1 89
9.16942 25.1677 1 90
10.244 23.481 1 90
88.4062 55.9623 1 91
76.7171 27.9265 1 92
82.439 81.6696 1 93
17.0572 52.1875 1 94
15.1367 51.6292 1 94
46.6815 44.9366 1 95
17.1967 18.9676 1 96
2.11866 63.9477 1 97
91.5653 78.2382 1 98
92.9633 37.1811 1 99
65.8301 93.9738 1 100
63.9722 95.1895 1 100
63.9903 93.1896 1 100
31.9274 62.5818 1 101
76.8368 71.8018 1 102
7.47076 63.1509 1 103
40.3947 18.6741 1 104
18.7876 40.9616 1 105
19.5496 16.0728 1 106
40.4692 5.84214 1 107
56.6656 97.5824 1 108
24.8196 21.2099 1 109
26.8132 21.3689 1 109
27.9035 96.0305 1 110
21.0481 31.55 1 111
28.8592 11.5828 1 112
89.0715 23.2421 1 113
59.5954 31.82 1 114
58.3314 33.3699 1 114
80.8276 34.7548 1 115
97.8967 28.8198 1 116
48.1761 28.1347 1 117
19.9341 0.436776 1 118
2.14177 23.944 1 119
17.5528 82.875 1 120
22.1571 15.4312 1 121
55.4567 15.3948 1 122
65.6487 38.2512 1 123
40.5885 47.2744 1 124
78.3226 33.0548 1 125
76.8117 5.21747 1 126
64.1904 72.5397 1 127
29.6127 81.0412 1 128
26.6335 16.8073 1 129
70.3837 98.0547 1 130
68.0306 40.9229 1 131
43.8232 4.31673 1 132
64.1552 50.8044 1 133
88.576 35.993 1 134
33.0866 38.9271 1 135
56.656 19.7424 1 136
58.414 18.7886 1 136
25.745 90.0733 1 137
95.719 62.9459 1 138
93.7341 63.1912 1 138
79.629 72.3896 1 139
79.7537 74.3857 1 139
99.9872 38.4616 1 140
98.9791 36.7342 1 140
65.54 3.2049 1 141
17.4236 14.6813 1 142
98.9049 12.3988 1 143
10.8329 0.469777 1 144
12.6329 1.34154 1 144
60.8449 66.9079 1 145
44.126 50.9921 1 146
60.4761 76.9238 1 147
9.79397 46.657 1 148
10.0355 57.6436 1 149
0.721182 13.9831 1 150
37.999 96.7742 1 151
79.5481 25.1397 1 152
61.4552 24.2223 1 153
35.3757 16.5399 1 154
37.3389 16.9218 1 154
17.9063 62.1202 1 155
66.1688 32.7208 1 156
45.2481 94.3802 1 157
87.6895 45.0129 1 158
86.5481 46.6552 1 158
21.0482 73.3174 1 159
58.0508 15.5191 1 160
67.3568 50.1417 1 161
11.4405 86.0207 1 162
1.5761 35.5518 1 163
22.0543 81.4812 1 164
66.952 61.3323 1 165
79.0935 5.38246 1 166
57.8513 93.2653 1 167
47.0588 88.7124 1 168
45.2845 89.6355 1 168
33.5701 22.2497 1 169
32.7504 24.074 1 169
76.1677 87.7417 1 170
99.6357 96.2038 1 171
0.964212 94.7088 1 171
22.9002 28.181 1 172
26.1192 64.4411 1 173
59.0286 41.5975 1 174
59.9379 43.3789 1 174
9.23155 35.5386 1 175
33.344 4.11128 1 176
83.719 66.3685 1 177
14.3822 2.93839 1 178
93.6817 42.9086 1 179
51.8792 96.6945 1 180
35.7632 70.0685 1 181
22.8786 61.24 1 182
73.2864 3.71899 1 183
72.6945 1.8086 1 183
70.9798 0.779054 1 183
34.9342 99.3769 1 184
63.2613 47.035 1 185
68.1986 9.55322 1 186
69.487 8.02352 1 186
15.3549 72.4226 1 187
9.37273 7.26481 1 188
7.6176 8.22373 1 188
36.3 43.5421 1 189
73.1061 75.6442 1 190
86.2822 29.0796 1 191
85.2996 30.8215 1 191
87.15 27.2776 1 191
82.4089 55.8406 1 192
3.5236 34.816 1 193
94.3755 26.0146 1 194
68.3799 3.35253 1 195
68.4267 30.8448 1 196
51.7504 80.8581 1 197
51.5702 82.8499 1 197
90.5622 33.6217 1 198
75.4642 35.5338 1 199
37.7252 39.4477 1 200
36.9719 37.5949 1 200
31.1954 74.111 1 201
13.8354 32.1421 1 202
67.6261 85.2759 1 203
69.4552 84.467 1 203
67.1633 64.8608 1 204
66.757 66.8191 1 204
94.8309 74.9127 1 205
95.7905 73.1579 1 205
24.5914 81.7866 1 206
52.4924 29.2806 1 207
78.3719 84.8673 1 208
93.1703 56.7816 1 209
44.4216 76.8147 1 210
44.17 74.8306 1 210
82.7957 36.3225 1 211
92.3602 76.3656 1 212
18.2153 65.2754 1 213
18.8173 67.1827 1 213
72.2452 27.67 1 214
85.9323 49.9468 1 215
78.3418 53.7808 1 216
72.5138 78.0138 1 217
70.5237 77.8155 1 217
80.8762 88.5281 1 218
54.6915 91.5125 1 219
53.5977 89.8381 1 219
61.015 47.4039 1 220
72.9888 45.2312 1 221
44.574 42.9124 1 222
65.0366 85.2215 1 223
63.0996 85.7194 1 223
28.1449 79.1575 1 224
26.7719 57.4776 1 225
26.9809 59.4667 1 225
28.8678 58.8035 1 225
44.4966 35.345 1 226
86.5488 16.318 1 227
92.1392 95.5109 1 228
94.0486 96.106 1 228
43.284 55.7876 1 229
39.5133 62.22 1 230
63.0617 89.3249 1 231
45.9622 40.9711 1 232
74.9988 61.9108 1 233
56.4459 6.2995 1 234
26.0706 45.4904 1 235
24.4012 44.389 1 235
2.06248 41.8199 1 236
29.2127 17.6797 1 237
96.7769 66.0685 1 238
80.5586 58.2602 1 239
66.5099 28.4009 1 240
59.2494 87.1277 1 241
61.1892 87.6144 1 241
4.50746 41.3479 1 242
37.615 30.9913 1 243
35.6898 31.533 1 243
80.7238 7.44473 1 244
96.6188 38.5439 1 245
12.6708 21.3384 1 246
76.5728 23.984 1 247
50.7155 0.655428 1 248
41.7672 87.4344 1 249
83.4581 46.2449 1 250
35.8441 33.9645 1 251
34.1022 34.9472 1 251
52.7787 18.5075 1 252
53.5321 35.7775 1 253
35.917 49.6866 1 254
37.2531 48.1983 1 254
3.43164 56.9942 1 255
2.82426 55.0886 1 255
66.5659 16.6698 1 256
95.2613 7.51641 1 257
12.7406 38.7345 1 258
97.2574 58.3965 1 259
2.31027 89.8333 1 260
98.1625 82.2813 1 261
45.6368 58.3807 1 262
10.4814 64.1566 1 263
59.841 55.4425 1 264
30.4958 68.6705 1 265
19.9889 50.885 1 266
7.46102 32.5822 1 267
6.10772 34.0548 1 267
61.7814 50.3273 1 268
96.5776 98.7436 1 269
94.6038 98.4213 1 269
42.1704 84.5175 1 270
1.02426 76.4909 1 271
1.52279 78.4278 1 271
36.4748 65.6659 1 272
36.5579 0.832838 1 273
57.0678 30.0771 1 274
89.3794 65.3365 1 275
49.2628 34.1745 1 276
98.6352 44.6656 1 277
0.431655 43.7866 1 277
9.50787 71.163 1 278
94.8238 18.605 1 279
83.4293 92.6099 1 280
82.6525 90.7669 1 280
22.1082 78.6257 1 281
21.6012 76.691 1 281
11.8679 25.0574 1 282
96.1673 16.5476 1 283
96.2881 70.7804 1 284
96.7636 68.8377 1 284
45.3166 15.3208 1 285
81.4416 64.6704 1 286
89.8703 7.9624 1 287
88.999 6.16219 1 287
91.8692 7.89377 1 287
50.1088 18.8306 1 288
10.1941 9.24845 1 289
66.854 13.7577 1 290
36.6572 79.6911 1 291
86.2813 70.1882 1 292
16.2129 76.0306 1 293
62.6437 4.14408 1 294
44.083 13.1318 1 295
39.6875 90.7063 1 296
2.66814 11.6767 1 297
69.3787 14.3032 1 298
31.9774 33.2879 1 299
85.3852 94.63 1 300
84.039 96.1091 1 300
66.4497 53.8388 1 301
3.31705 60.9777 1 302
7.46999 37.3919 1 303
70.7062 30.5738 1 304
77.6184 21.3278 1 305
20.8976 4.7311 1 306
53.0729 64.479 1 307
39.9544 71.1855 1 308
43.7067 2.1699 1 309
44.5897 0.375377 1 309
30.0614 77.2102 1 310
48.31 64.5824 1 311
7.74865 15.4253 1 312
72.9381 59.0971 1 313
56.7153 83.2256 1 314
33.5076 79.6392 1 315
28.2609 85.0395 1 316
87.3671 11.8266 1 317
77.2579 14.0711 1 318
78.3999 0.290372 1 319
30.927 41.8321 1 320
4.06034 76.6117 1 321
37.4737 14.0794 1 322
20.7023 60.2443 1 323
85.2148 67.8644 1 324
45.013 27.0765 1 325
16.6923 39.7801 1 326
15.8285 41.5839 1 326
53.705 58.5252 1 327
97.5174 60.7792 1 328
68.8634 74.9581 1 329
69.4973 63.1837 1 330
2.38903 71.783 1 331
78.538 87.0099 1 332
37.0778 60.8403 1 333
69.3541 37.3249 1 334
71.3192 36.9528 1 334
21.3019 70.0069 1 335
23.1801 98.119 1 336
37.9904 52.5909 1 337
38.8015 21.8891 1 338
69.7922 95.3486 1 339
30.5043 92.5513 1 340
29.7901 94.4195 1 340
61.2836 91.336 1 341
91.0262 60.8563 1 342
89.5725 62.2299 1 342
4.55926 53.2652 1 343
3.49566 51.5715 1 343
2.10693 86.3806 1 344
84.0412 26.5451 1 345
27.4632 7.31445 1 346
3.26244 32.5825 1 347
84.9087 1.46709 1 348
82.6325 13.4435 1 349
77.0498 97.7708 1 350
34.5841 62.4827 1 351
31.7468 9.98315 1 352
93.134 21.3952 1 353
6.98567 60.2105 1 354
98.7535 93.1473 1 355
23.962 88.5187 1 356
21.3791 56.7634 1 357
72.2581 40.8456 1 358
72.2755 38.8457 1 358
72.1802 42.8441 1 358
11.26 78.3384 1 359
80.3404 81.4994 1 360
9.68303 33.115 1 361
16.199 5.93807 1 362
36.7558 63.1133 1 363
45.6626 64.3052 1 364
12.1289 75.6303 1 365
92.7638 80.9838 1 366
18.2248 95.2781 1 367
19.0818 97.0851 1 367
20.2145 44.1655 1 368
86.718 23.2408 1 369
90.4624 10.7536 1 370
92.4406 11.0477 1 370
20.5167 17.8513 1 371
74.3435 99.0428 1 372
84.0619 58.4297 1 373
17.2591 7.66833 1 374
26.7151 36.1196 1 375
25.7834 34.3499 1 375
35.6421 8.19521 1 376
94.7955 5.16512 1 377
92.8183 4.86375 1 377
96.7529 5.57561 1 377
83.8687 87.436 1 378
53.1262 47.2271 1 379
86.1293 62.5912 1 380
16.0611 86.6088 1 381
15.3959 84.7227 1 381
34.1611 59.6604 1 382
40.1528 85.4358 1 383
3.71104 66.8779 1 384
82.8506 21.9114 1 385
54.5428 10.0746 1 386
56.1065 11.3215 1 386
61.0465 71.5135 1 387
44.2425 19.9645 1 388
24.0964 5.8203 1 389
64.9339 19.579 1 390
26.7935 38.8523 1 391
9.39134 80.3475 1 392
8.0417 78.8716 1 392
81.7643 83.9744 1 393
80.8782 85.7674 1 393
46.7926 52.6224 1 394
77.7474 42.0461 1 395
76.5654 40.4329 1 395
27.2034 49.7239 1 396
57.8118 53.4601 1 397
59.5671 52.5014 1 397
17.733 73.1946 1 398
79.9933 55.8227 1 399
42.0189 68.5233 1 400
12.2926 62.1355 1 401
14.0492 61.1793 1 401
51.4853 5.19252 1 402
94.4164 87.4122 1 403
44.2488 32.0053 1 404
41.943 99.1847 1 405
29.6808 51.2112 1 406
85.6075 39.6919 1 407
94.4948 40.7341 1 408
68.7518 91.7375 1 409
82.7798 51.6016 1 410
28.8075 62.4644 1 411
54.8873 43.9703 1 412
26.2441 52.4104 1 413
17.6679 11.9496 1 414
33.8469 76.64 1 415
8.575 86.624 1 416
88.8356 14.8034 1 417
37.8394 92.1875 1 418
36.9765 93.9918 1 418
94.646 60.8489 1 419
15.7141 96.0068 1 420
85.825 25.1007 1 421
93.8065 54.7106 1 422
67.2229 77.4976 1 423
82.8464 62.4206 1 424
10.5902 52.5041 1 425
85.7638 20.7576 1 426
56.12 55.0033 1 427
35.6212 18.9786 1 428
86.2299 55.4323 1 429
37.9273 35.1214 1 430
43.7219 9.68747 1 431
90.8842 69.3515 1 432
81.5143 38.6441 1 433
81.4988 28.4554 1 434
37.2896 71.8194 1 435
75.5059 2.98513 1 436
99.0482 99.8266 1 437
63.3878 29.0514 1 438
63.2483 31.0465 1 438
5.27788 31.1604 1 439
4.43081 82.1894 1 440
56.9327 79.5477 1 441
36.7626 75.227 1 442
69.7354 11.1017 1 443
84.3712 64.0713 1 444
86.0391 65.175 1 444
24.6294 1.99241 1 445
41.5796 94.8812 1 446
21.0662 65.0853 1 447
81.1788 49.355 1 448
79.0592 67.0727 1 449
62.9021 65.2918 1 450
48.8929 72.7358 1 451
51.2987 11.3502 1 452
7.1616 57.4318 1 453
58.7232 1.21346 1 454
57.8302 43.6042 1 455
14.0785 55.8627 1 456
63.2241 74.9482 1 457
61.2465 74.6495 1 457
49.8964 54.9975 1 458
21.1491 90.2459 1 459
90.31 57.3771 1 460
54.3976 83.232 1 461
72.9373 11.5663 1 462
99.9508 30.9777 1 463
32.1556 71.0618 1 464
33.0249 69.2606 1 464
69.397 33.6932 1 465
35.9339 23.914 1 466
36.063 21.9182 1 466
90.1185 43.3211 1 467
16.8516 31.5744 1 468
40.4192 97.1601 1 469
72.5145 64.3087 1 470
59.1546 68.9785 1 471
48.8749 56.9902 1 472
50.8528 57.2863 1 472
50.0982 59.1384 1 472
53.1652 39.0825 1 473
85.0107 14.6421 1 474
55.9272 2.51353 1 475
5.02531 17.0727 1 476
50.8414 65.1302 1 477
13.7112 65.8089 1 478
15.4182 66.8511 1 478
28.415 34.8641 1 479
98.7412 14.6262 1 480
38.9309 69.2689 1 481
17.2066 78.7148 1 482
83.626 98.4436 1 483
31.0795 35.6192 1 484
61.9376 53.5373 1 485
75.0693 54.8133 1 486
26.8863 9.60057 1 487
73.6665 15.9214 1 488
94.2597 69.2145 1 489
84.2158 71.2527 1 490
94.1078 78.2615 1 491
78.9656 45.7193 1 492
21.3904 85.8163 1 493
8.70994 90.2563 1 494
6.72159 90.4719 1 494
34.9344 74.1218 1 495
98.2771 85.2934 1 496
91.2927 49.9789 1 497
0.534688 1.41609 1 498
87.5701 67.155 1 499
4.08318 39.3806 1 500
99.418 77.7919 1 501
91.9911 46.5442 1 502
39.8298 14.1489 1 503
47.1741 67.8695 1 504
15.7945 37.7932 1 505
17.7833 38.0047 1 505
5.08953 9.02264 1 506
56.2621 39.4878 1 507
14.98 10.3784 1 508
24.0074 39.8662 1 509
24.2656 41.8494 1 509
50.7126 31.0611 1 510
42.6521 17.0621 1 511
31.4103 29.2334 1 512
81.3667 41.7162 1 513
54.2567 52.9606 1 514
89.7621 47.1503 1 515
6.14907 21.9585 1 516
71.275 90.0569 1 517
93.007 16.923 1 518
63.5925 81.3611 1 519
79.0461 77.4345 1 520
8.8006 39.902 1 521
11.0263 14.7875 1 522
14.6856 81.6221 1 523
4.15016 19.269 1 524
58.3335 47.8662 1 525
46.6497 36.7189 1 526
26.803 42.9734 1 527
28.7869 43.2271 1 527
30.2453 44.5957 1 527
69.6544 52.8331 1 528
89.0348 26.381 1 529
59.2346 45.9316 1 530
9.0652 12.2499 1 531
96.9973 80.5347 1 532
6.61013 52.6262 1 533
6.20667 50.6673 1 533
65.5804 41.7461 1 534
11.5731 4.70737 1 535
9.39195 55.0175 1 536
3.78359 5.73787 1 537
1.7898 5.8954 1 537
57.5322 67.1482 1 538
2.71035 99.7165 1 539
64.5677 9.02978 1 540
66.9711 99.9749 1 541
13.4771 70.5654 1 542
28.3884 4.6178 1 543
30.2641 3.92371 1 543
55.6646 22.955 1 544
52.5867 72.3528 1 545
80.4 2.97033 1 546
91.9202 0.603243 1 547
79.8245 19.5013 1 548
32.4253 48.833 1 549
60.6823 82.5987 1 550
75.4102 30.5732 1 551
65.4887 6.70318 1 552
33.2584 19.6145 1 553
54.5472 99.6751 1 554
27.0486 13.0499 1 555
12.3668 36.7578 1 556
97.2902 2.71018 1 557
93.8339 50.5538 1 558
72.8794 54.6059 1 559
49.9625 94.9378 1 560
73.1637 92.2402 1 561
74.381 93.8271 1 561
67.3189 56.9857 1 562
49.6005 79.6751 1 563
13.162 47.7427 1 564
99.6998 66.7627 1 565
55.9153 71.3588 1 566
15.2331 35.5986 1 567
47.4845 91.5803 1 568
17.6801 23.987 1 569
16.1057 22.7535 1 569
90.8263 92.672 1 570
72.8096 20.6966 1 571
72.2035 18.7907 1 571
11.9609 80.6971 1 572
21.2294 62.5924 1 573
77.7328 62.6703 1 574
79.3191 61.4523 1 574
90.988 39.9585 1 575
90.3142 38.0754 1 575
58.5539 73.3139 1 576
0.517619 47.7398 1 577
88.9036 95.8906 1 578
30.6372 53.7727 1 579
0.45842 80.2734 1 580
61.5456 35.8137 1 581
28.5085 26.1355 1 582
15.3487 29.7875 1 583
99.5946 62.7383 1 584
86.7012 81.5626 1 585
91.0825 90.187 1 586
34.3 86.0918 1 587
36.1523 86.8459 1 587
32.9418 84.6237 1 587
39.9117 43.4043 1 588
37.4133 11.615 1 589
59.9955 6.62572 1 590
59.2478 35.3869 1 591
57.7426 95.6977 1 592
63.4016 15.7892 1 593
63.2794 17.7855 1 593
34.7943 92.6873 1 594
65.455 83.1127 1 595
40.0912 33.1437 1 596
26.8154 29.4645 1 597
24.9727 28.6871 1 597
43.7735 92.8639 1 598
41.9838 91.9712 1 598
43.9937 24.4405 1 599
42.065 23.9112 1 599
11.829 30.3439 1 600
74.6637 6.83801 1 601
94.485 84.5192 1 602
12.1036 72.7948 1 603
44.8765 38.865 1 604
25.193 31.8387 1 605
37.439 4.00739 1 606
68.2432 24.051 1 607
74.1534 37.4046 1 608
85.3418 44.5776 1 609
19.4167 46.53 1 610
87.1917 88.3782 1 611
87.6348 90.3284 1 611
44.1635 78.8118 1 612
56.5083 60.9559 1 613
85.6236 53.3377 1 614
20.1644 83.0174 1 615
23.1379 54.45 1 616
81.2299 78.9589 1 617
9.10272 66.7668 1 618
89.5731 12.8597 1 619
89.3835 83.7724 1 620
40.6699 52.1919 1 621
6.3699 4.05351 1 622
97.4696 96.3715 1 623
17.7179 21.1992 1 624
15.5975 89.5631 1 625
81.7923 68.6757 1 626
55.6159 47.666 1 627
72.8071 95.9575 1 628
47.2256 13.6144 1 629
51.2311 88.8557 1 630
73.865 25.9423 1 631
40.7857 36.8421 1 632
74.8796 22.4739 1 633
26.5798 54.6872 1 634
55.1501 88.0907 1 635
47.0279 2.5945 1 636
88.8734 53.4945 1 637
47.4813 24.5986 1 638
95.9862 22.0238 1 639
97.6621 20.9324 1 639
54.1731 93.7314 1 640
20.3853 26.039 1 641
9.9883 74.3134 1 642
72.5116 84.5221 1 643
73.8276 51.2295 1 644
68.1372 43.6102 1 645
68.9783 45.4247 1 645
29.4407 46.9333 1 646
45.0771 81.5898 1 647
68.9436 80.1882 1 648
86.3621 84.6252 1 649
22.7105 46.5582 1 650
22.6611 37.568 1 651
34.6568 40.7974 1 652
88.4109 72.4504 1 653
92.5791 13.5819 1 654
27.872 76.79 1 655
74.6005 13.9616 1 656
15.9734 26.7422 1 657
4.68429 71.8822 1 658
68.5053 18.8276 1 659
62.0056 99.744 1 660
71.2244 47.7166 1 661
7.93648 2.43156 1 662
20.9809 7.26044 1 663
88.0578 38.6272 1 664
42.5447 64.4512 1 665
12.5005 58.1102 1 666
37.8625 8.38918 1 667
48.2415 17.4364 1 668
24.2029 10.9799 1 669
12.9088 94.1586 1 670
64.3361 45.0669 1 671
12.502 83.1616 1 672
6.01797 95.367 1 673
82.3026 31.6418 1 674
53.4873 33.2889 1 675
51.6006 33.9525 1 675
75.2337 69.7811 1 676
44.8831 60.6922 1 677
43.415 59.3341 1 677
46.601 31.8634 1 678
48.5182 31.2941 1 678
85.0513 10.4054 1 679
76.4187 52.1101 1 680
64.8005 22.1328 1 681
93.6962 66.1748 1 682
48.3931 60.583 1 683
17.9807 56.6427 1 684
86.9213 9.4968 1 685
47.5332 83.5664 1 686
31.356 7.09685 1 687
90.9686 18.1029 1 688
89.0538 17.5254 1 688
11.0134 91.4027 1 689
29.9866 20.1948 1 690
12.9833 52.8633 1 691
98.4218 40.6204 1 692
80.7351 95.2721 1 693
11.4147 60.0018 1 694
76.8144 48.141 1 695
74.967 48.9071 1 695
23.3765 72.861 1 696
46.5391 98.7747 1 697
9.72676 83.3013 1 698
20.0375 34.5227 1 699
6.24849 44.5085 1 700
52.5337 2.50286 1 701
56.3557 27.0592 1 702
25.8537 75.5197 1 703
15.8433 98.7274 1 704
4.73999 0.689464 1 705
5.09194 69.5032 1 706
81.2299 98.8012 1 707
58.8801 98.6436 1 708
88.7446 68.942 1 709
45.1932 71.2247 1 710
42.1237 28.3058 1 711
28.9563 30.2649 1 712
32.0435 12.7143 1 713
37.6673 58.2675 1 714
6.55675 74.7883 1 715
37.8988 83.0844 1 716
36.6725 84.6643 1 716
60.0561 21.7085 1 717
47.6305 6.27306 1 718
63.7057 34.599 1 719
22.692 92.6007 1 720
64.5304 24.5087 1 721
42.4519 44.064 1 722
25.2221 60.8686 1 723
54.083 77.4908 1 724
77.7971 79.0466 1 725
13.8503 96.7988 1 726
25.2513 47.9596 1 727
2.38761 74.4878 1 728
53.471 50.5836 1 729
14.333 0.171766 1 730
9.32072 18.5461 1 731
80.0092 22.4 1 732
34.6319 45.3928 1 733
3.78606 96.8177 1 734
63.766 59.8564 1 735
32.9119 54.5627 1 736
45.2946 54.5943 1 737
30.0794 90.0951 1 738
29.0083 88.4061 1 738
7.28016 28.6712 1 739
75.7771 33.3146 1 740
99.0262 54.4063 1 741
84.8429 80.0571 1 742
55.3983 96.0029 1 743
25.5067 3.91916 1 744
9.87761 76.4188 1 745
81.3374 44.5541 1 746
66.1095 34.9272 1 747
94.954 10.3672 1 748
93.8678 30.1696 1 749
77.6526 9.8108 1 750
45.2847 84.0586 1 751
10.2553 27.6008 1 752
35.3854 81.8546 1 753
31.3901 65.6968 1 754
40.4092 8.52797 1 755
64.0438 79.0679 1 756
73.6837 86.6288 1 757
14.0884 24.2663 1 758
96.6248 54.2234 1 759
95.7144 56.0042 1 759
81.9814 9.57465 1 760
23.7046 13.7389 1 761
48.1487 86.5908 1 762
37.1645 89.4917 1 763
77.5619 58.9804 1 764
3.11844 16.465 1 765
67.94 97.2813 1 766
86.0314 36.8811 1 767
52.395 55.8865 1 768
76.595 65.0489 1 769
77.01 75.4632 1 770
61.3182 33.3022 1 771
43.73 22.3746 1 772
97.9099 8.64563 1 773
83.7521 74.7629 1 774
88.1648 79.2275 1 775
65.6034 11.7286 1 776
75.3284 73.886 1 777
24.571 8.38975 1 778
74.3612 80.5001 1 779
7.30078 83.2511 1 780
75.2406 11.2085 1 781
20.4607 88.0834 1 782
19.0489 75.6276 1 783
30.0866 22.9976 1 784
17.6935 3.09272 1 785
8.00049 96.4978 1 786
48.8368 38.4166 1 787
91.5306 97.752 1 788
54.7662 74.5474 1 789
60.6095 19.0959 1 790
74.6065 77.496 1 791
79.7379 11.7773 1 792
75.625 8.98782 1 793
73.5453 71.4011 1 794
19.4492 91.8633 1 795
13.3934 17.7465 1 796
0.668229 69.9685 1 797
58.3938 3.82255 1 798
51.673 76.6504 1 799
2.36829 2.84816 1 800
36.2613 56.5642 1 801
34.9433 12.1933 1 802
23.4495 51.8598 1 803
40.7031 58.8507 1 804
44.7855 86.6443 1 805
64.458 99.6294 1 806
82.0426 24.6844 1 807
69.1747 49.2077 1 808
86.3565 34.6072 1 809
3.97504 14.6456 1 810
88.2415 59.4754 1 811
91.8956 84.2651 1 812
40.7179 2.12741 1 813
66.1291 48.505 1 814
26.825 99.7237 1 815
70.5334 93.0782 1 816
9.56195 48.8092 1 817
11.0674 50.1258 1 817
49.7889 69.1203 1 818
93.5421 23.8751 1 819
93.4722 91.0086 1 820
32.1096 15.3244 1 821
69.1927 70.4218 1 822
12.6061 12.3729 1 823
49.6723 24.39 1 824
49.9034 8.54549 1 825
93.0026 2.52823 1 826
16.4135 63.9389 1 827
13.1179 43.4607 1 828
52.9682 14.6174 1 829
78.1046 69.3698 1 830
6.8466 66.5141 1 831
22.0368 10.5919 1 832
16.8406 60.3398 1 833
23.411 65.8604 1 834
77.1211 83.0296 1 835
24.7169 57.3755 1 836
83.9782 19.3177 1 837
96.3299 31.548 1 838
40.3382 39.4962 1 839
14.1169 5.2924 1 840
83.9403 29.0363 1 841
54.7892 80.4932 1 842
44.9239 7.50794 1 843
56.0301 41.7601 1 844
70.2278 4.19266 1 845
38.7222 27.3487 1 846
39.5847 99.7348 1 847
79.5675 90.8082 1 848
33.8577 26.3143 1 849
88.0782 86.3712 1 850
45.209 11.1701 1 851
96.8254 27.0812 1 852
78.7064 38.3542 1 853
39.1273 74.4164 1 854
51.8386 45.645 1 855
54.9941 62.8507 1 856
23.3684 18.0904 1 857
30.907 83.2968 1 858
44.0889 96.569 1 859
54.633 20.9326 1 860
98.7355 56.6998 1 861
7.03828 46.6119 1 862
4.65835 91.9031 1 863
42.8354 62.361 1 864
73.3193 34.8725 1 865
34.5236 51.5204 1 866
