18.0099 28.0727 1 1
71.3716 6.60071 1 2
63.2341 26.5116 1 3
58.0525 49.9617 1 4
48.4472 47.7118 1 5
97.8337 50.5361 1 6
0.882156 22.3905 1 7
2.14177 23.944 1 7
16.5891 43.6316 1 8
61.5934 27.7694 1 9
24.3842 23.6199 1 10
23.3359 25.3232 1 10
6.90771 72.2964 1 11
0.210373 72.4538 1 12
98.3594 71.6963 1 12
86.9393 74.9142 1 13
58.2218 64.4193 1 14
59.6673 63.0371 1 14
27.2368 69.6614 1 15
27.4405 71.651 1 15
41.7951 72.7512 1 16
61.4808 57.4944 1 17
77.0016 17.6754 1 18
76.5168 19.6157 1 18
54.2115 67.4887 1 19
85.1656 76.4893 1 20
91.3225 28.588 1 21
91.3349 26.5881 1 21
10.6397 41.2403 1 22
6.52417 85.2452 1 23
14.4138 15.877 1 24
28.1823 65.6923 1 25
69.2075 65.8181 1 26
56.8875 36.0399 1 27
57.0762 90.1528 1 28
29.2899 99.4853 1 29
7.48057 80.9383 1 30
9.39134 80.3475 1 30
8.0417 78.8716 1 30
52.4239 69.2059 1 31
63.3624 2.21694 1 32
99.165 4.1307 1 33
32.3388 87.4775 1 34
30.4596 86.793 1 34
25.3859 19.2159 1 35
92.639 73.0881 1 36
89.4462 75.3123 1 36
90.7777 73.82 1 36
90.9949 71.8318 1 36
99.4249 88.6905 1 37
97.4259 88.7543 1 37
11.0264 89.2024 1 38
12.8442 88.3684 1 38
3.38704 79.6365 1 39
40.6493 78.7929 1 40
41.0769 76.8391 1 40
68.2222 89.2625 1 41
66.7014 90.5613 1 41
65.6233 88.8768 1 41
33.635 94.8116 1 42
85.6117 91.4694 1 43
72.3085 23.4759 1 44
17.1135 68.9232 1 45
78.0562 93.5146 1 46
48.7856 77.7071 1 47
69.5491 21.3444 1 48
56.6636 76.6626 1 49
98.399 47.0755 1 50
32.4776 99.4932 1 51
50.3884 36.6433 1 52
59.2929 84.8174 1 53
19.7424 80.5951 1 54
37.5942 45.5252 1 55
26.7803 93.1628 1 56
24.8656 93.7407 1 56
42.443 53.9125 1 57
43.261 55.7376 1 57
70.5719 60.7427 1 58
88.4075 2.75362 1 59
6.48754 26.386 1 60
84.5889 6.25772 1 61
72.0188 68.0564 1 62
15.4217 46.6319 1 63
70.2804 55.1674 1 64
1.71057 8.4872 1 65
90.9441 86.9912 1 66
4.97624 12.2604 1 67
69.9415 57.9316 1 68
58.742 10.3406 1 69
60.3945 9.21394 1 69
54.7631 31.4446 1 70
75.6147 67.3467 1 71
49.365 45.7082 1 72
66.0518 70.9012 1 73
58.6498 38.7347 1 74
10.4013 20.963 1 75
84.2861 3.53204 1 76
8.68546 30.6078 1 77
31.3237 26.5977 1 78
71.1922 72.4868 1 79
0.586663 26.2168 1 80
31.9409 96.8349 1 81
59.1508 24.0935 1 82
24.3831 78.1726 1 83
99.6927 17.1215 1 84
98.2454 18.5019 1 84
11.7814 97.766 1 85
10.1943 94.0959 1 85
11.0381 95.9092 1 85
47.8943 8.3182 1 86
47.6231 6.33666 1 86
0.939931 57.9631 1 87
1.2157 59.944 1 87
41.2534 10.8579 1 88
4.01103 47.3602 1 89
2.65502 48.8304 1 89
9.14029 25.1032 1 90
10.2149 23.4164 1 90
88.3024 56.0586 1 91
76.7566 27.7906 1 92
82.4292 81.8108 1 93
17.0376 52.1195 1 94
15.1171 51.5612 1 94
46.5408 44.9517 1 95
17.0696 19.0298 1 96
2.08243 63.8108 1 97
91.6388 78.231 1 98
92.3602 76.3656 1 98
93.0228 37.3095 1 99
65.7843 93.9626 1 100
63.9264 95.1783 1 100
63.9444 93.1784 1 100
31.8013 62.6462 1 101
76.7097 71.864 1 102
7.34339 63.2126 1 103
40.5209 18.7383 1 104
18.8686 40.8454 1 105
19.6286 16.0592 1 106
20.5167 17.8513 1 106
40.4678 5.70059 1 107
56.66 97.5547 1 108
55.3983 96.0029 1 108
24.7568 21.1772 1 109
26.7504 21.3363 1 109
28.0342 96.0847 1 110
21.1865 31.58 1 111
28.8321 11.4439 1 112
89.1799 23.3332 1 113
59.6659 31.8135 1 114
58.4019 33.3634 1 114
80.7616 34.88 1 115
97.8891 28.7749 1 116
96.8254 27.0812 1 116
48.2332 28.2642 1 117
20.0456 0.523972 1 118
17.4113 82.8708 1 119
22.124 15.2936 1 120
55.3751 15.5105 1 121
65.6275 38.3912 1 122
40.5479 47.1388 1 123
78.4401 32.9758 1 124
76.6703 5.21041 1 125
64.1449 72.4056 1 126
29.7462 80.9943 1 127
26.7018 16.9313 1 128
70.3224 97.9271 1 129
68.1223 41.0307 1 130
43.8618 4.45294 1 131
64.2708 50.8862 1 132
88.7142 35.9623 1 133
33.0408 39.061 1 134
56.7129 19.7846 1 135
58.4708 18.8308 1 135
25.6206 90.0058 1 136
95.7031 63.0149 1 137
93.7182 63.2602 1 137
79.6734 72.4447 1 138
79.7981 74.4409 1 138
0.0161422 38.5262 1 139
99.0081 36.7988 1 139
65.6447 3.10961 1 140
17.3885 14.8185 1 141
99.0281 12.329 1 142
10.7679 0.441675 1 143
12.5679 1.31343 1 143
60.9294 67.0214 1 144
44.2304 50.8965 1 145
60.3347 76.9166 1 146
9.7074 46.769 1 147
9.89448 57.6316 1 148
0.647039 14.0198 1 149
98.7412 14.6262 1 149
38.095 96.8783 1 150
79.6323 25.026 1 151
61.4393 24.0817 1 152
35.4376 16.5055 1 153
37.4008 16.8874 1 153
17.9712 62.246 1 154
66.0368 32.772 1 155
45.2482 94.2386 1 156
43.7955 92.864 1 156
42.0057 91.9714 1 156
87.674 44.9438 1 157
86.5327 46.5861 1 157
21.1687 73.3916 1 158
57.9404 15.4304 1 159
67.4059 50.141 1 160
69.1747 49.2077 1 160
66.2243 48.5273 1 160
11.5645 86.089 1 161
1.61984 35.4289 1 162
3.5236 34.816 1 162
22.1875 81.4331 1 163
66.934 61.1919 1 164
79.0492 5.51689 1 165
57.9236 93.1436 1 166
47.1273 88.7301 1 167
45.3531 89.6532 1 167
33.5198 22.1998 1 168
32.7002 24.0242 1 168
76.0783 87.6319 1 169
99.6444 96.2741 1 170
0.972923 94.7791 1 170
23.0368 28.1441 1 171
26.1989 64.5581 1 172
59.0561 41.5323 1 173
59.9654 43.3136 1 173
9.0977 35.4925 1 174
33.3287 3.97055 1 175
83.7385 66.5087 1 176
14.5213 2.96463 1 177
93.8224 42.8922 1 178
51.8419 96.8311 1 179
35.6688 69.9629 1 180
22.9263 61.1067 1 181
73.3195 3.68533 1 182
72.7275 1.77493 1 182
71.0129 0.745389 1 182
34.8358 99.4786 1 183
63.1974 46.9087 1 184
68.249 9.60287 1 185
69.5374 8.07317 1 185
15.3391 72.5633 1 186
9.40041 7.19967 1 187
7.64528 8.15859 1 187
36.4036 43.6385 1 188
73.1701 75.5179 1 189
86.242 29.0548 1 190
85.2594 30.7968 1 190
87.1098 27.2529 1 190
88.9061 26.3734 1 190
82.3681 55.705 1 191
94.4344 26.1433 1 192
68.4201 3.33706 1 193
70.2278 4.19266 1 193
68.5515 30.7778 1 194
51.6854 80.8301 1 195
51.5052 82.8219 1 195
90.6361 33.501 1 196
75.4587 35.3924 1 197
37.6855 39.389 1 198
36.9322 37.5363 1 198
31.1488 74.2447 1 199
13.7166 32.0652 1 200
67.5574 85.2588 1 201
69.3866 84.4499 1 201
67.2197 64.818 1 202
66.8134 66.7763 1 202
94.8368 74.8421 1 203
95.7964 73.0873 1 203
24.7141 81.716 1 204
52.6227 29.336 1 205
78.3282 85.002 1 206
93.262 56.8895 1 207
44.4829 76.8375 1 208
44.2313 74.8533 1 208
44.1635 78.8118 1 208
82.6805 36.2402 1 209
18.2859 65.2712 1 210
18.8879 67.1784 1 210
72.385 27.648 1 211
86.0721 49.9247 1 212
78.4068 53.6551 1 213
72.5096 78.0844 1 214
70.5195 77.8861 1 214
80.822 88.6589 1 215
54.6998 91.5828 1 216
53.6061 89.9084 1 216
61.1355 47.4782 1 217
72.8876 45.3303 1 218
44.4575 42.9928 1 219
65.0443 85.2918 1 220
63.1073 85.7897 1 220
28.2025 79.0282 1 221
26.8126 57.5016 1 222
27.0215 59.4906 1 222
28.9084 58.8275 1 222
44.5856 35.2349 1 223
86.5396 16.1768 1 224
92.2092 95.5216 1 225
94.1186 96.1168 1 225
39.5133 62.22 1 226
63.2021 89.3432 1 227
45.8399 41.0423 1 228
75.084 62.0239 1 229
56.5736 6.23833 1 230
26.0024 45.5095 1 231
24.333 44.408 1 231
2.19114 41.8789 1 232
29.0743 17.6499 1 233
96.6554 66.1413 1 234
80.4321 58.1968 1 235
66.3837 28.3368 1 236
59.2654 87.1966 1 237
61.2052 87.6834 1 237
4.48196 41.3405 1 238
4.08318 39.3806 1 238
37.5769 31.051 1 239
35.6517 31.5926 1 239
80.6037 7.51952 1 240
96.4894 38.6013 1 241
12.781 21.4272 1 242
76.4372 24.0249 1 243
50.6304 0.768565 1 244
41.6429 87.3667 1 245
83.373 46.1319 1 246
35.7792 33.9363 1 247
34.0373 34.919 1 247
52.799 18.3674 1 248
53.6633 35.7243 1 249
35.8463 49.6896 1 250
37.1824 48.2014 1 250
3.41131 56.9264 1 251
2.80393 55.0209 1 251
66.705 16.6958 1 252
95.3837 7.44526 1 253
12.7678 38.7172 1 254
12.3668 36.7578 1 254
97.3842 58.3335 1 255
2.17796 89.8836 1 256
98.0241 82.3111 1 257
97.0419 80.5689 1 257
45.6205 58.5214 1 258
10.3502 64.1036 1 259
59.7937 55.5759 1 260
30.6026 68.7633 1 261
19.8605 50.9448 1 262
7.48323 32.6494 1 263
6.12993 34.1221 1 263
61.8296 50.4604 1 264
96.5568 98.676 1 265
94.5829 98.3536 1 265
42.3113 84.5312 1 266
1.09407 76.5026 1 267
1.5926 78.4395 1 267
36.6071 65.7163 1 268
36.6735 0.751209 1 269
57.0715 30.2186 1 270
89.5184 65.3633 1 271
49.1678 34.0696 1 272
98.6144 44.598 1 273
0.410838 43.7189 1 273
9.53168 71.3026 1 274
94.6859 18.6369 1 275
83.494 92.5811 1 276
82.7171 90.7382 1 276
22.0494 78.5863 1 277
21.5425 76.6516 1 277
11.7323 25.098 1 278
96.1786 16.6887 1 279
96.2522 70.7194 1 280
96.7277 68.7767 1 280
45.2064 15.4097 1 281
81.3124 64.6125 1 282
89.8245 7.97344 1 283
88.9531 6.17322 1 283
91.8233 7.9048 1 283
49.994 18.7478 1 284
10.0579 9.20978 1 285
66.7816 13.6361 1 286
36.7909 79.6444 1 287
86.4196 70.1581 1 288
16.0716 76.0395 1 289
62.7848 4.13255 1 290
44.1916 13.2226 1 291
39.5535 90.7518 1 292
2.7878 11.7523 1 293
69.2938 14.4165 1 294
32.1108 33.3352 1 295
85.4282 94.5737 1 296
84.082 96.0528 1 296
66.3152 53.7945 1 297
3.29513 60.8379 1 298
7.41649 37.2609 1 299
70.7262 30.7139 1 300
77.7316 21.2427 1 301
20.9076 4.58988 1 302
53.0787 64.3376 1 303
39.8222 71.2363 1 304
43.6817 2.10367 1 305
44.5648 0.309154 1 305
29.9867 77.3304 1 306
48.4039 64.6883 1 307
7.88063 15.4765 1 308
72.8995 58.9609 1 309
56.8349 83.1499 1 310
33.3725 79.5971 1 311
28.1932 84.9152 1 312
87.3071 11.9548 1 313
77.1629 14.176 1 314
78.4972 0.187534 1 315
30.9219 41.6906 1 316
4.19254 76.561 1 317
37.3373 14.0417 1 318
20.8192 60.3241 1 319
85.3033 67.9749 1 320
44.8799 27.0285 1 321
16.6926 39.7093 1 322
15.8288 41.5131 1 322
53.6332 58.6472 1 323
97.5182 60.6376 1 324
68.988 75.0254 1 325
69.3562 63.1953 1 326
2.49389 71.8781 1 327
78.4585 87.1271 1 328
37.0385 60.9762 1 329
69.4156 37.3599 1 330
71.3807 36.9879 1 330
21.2054 70.1105 1 331
23.2072 97.98 1 332
37.8673 52.6608 1 333
38.9201 21.8119 1 334
69.7457 95.2149 1 335
30.5399 92.4902 1 336
29.8258 94.3583 1 336
61.4233 91.3131 1 337
91.0741 60.9085 1 338
89.6204 62.2821 1 338
4.60787 53.2138 1 339
3.54426 51.52 1 339
1.99251 86.464 1 340
83.9073 26.5908 1 341
27.3249 7.28398 1 342
3.37755 32.5001 1 343
84.8781 1.60531 1 344
82.7266 13.5492 1 345
77.1914 97.7714 1 346
34.4624 62.4105 1 347
31.6319 10.0658 1 348
93.0275 21.4884 1 349
7.11541 60.2671 1 350
98.6229 93.2022 1 351
24.1006 88.5475 1 352
21.3594 56.6233 1 353
72.2823 40.8861 1 354
72.2997 38.8862 1 354
72.2045 42.8846 1 354
11.3767 78.4185 1 355
80.2555 81.6127 1 356
9.72136 32.9787 1 357
16.0818 6.01748 1 358
36.7761 62.9732 1 359
45.6241 64.4414 1 360
12.1144 75.4894 1 361
92.6948 80.8602 1 362
18.2295 95.2074 1 363
19.0866 97.0145 1 363
20.1201 44.06 1 364
86.8335 23.1589 1 365
90.5179 10.7975 1 366
92.4961 11.0917 1 366
74.4821 99.014 1 367
84.2034 58.4256 1 368
17.2984 7.80432 1 369
26.7474 36.0566 1 370
25.8156 34.2869 1 370
28.3728 34.8912 1 370
35.5017 8.17736 1 371
94.7713 5.20564 1 372
92.7941 4.90427 1 372
96.7287 5.61613 1 372
83.9559 87.5475 1 373
53.2478 47.2996 1 374
86.2585 62.5333 1 375
16.0367 86.5424 1 376
15.3716 84.6562 1 376
34.1479 59.8014 1 377
40.0956 85.3063 1 378
3.8521 66.8898 1 379
82.7092 21.9038 1 380
54.5424 10.0038 1 381
56.1061 11.2507 1 381
60.9248 71.5859 1 382
44.1595 19.8498 1 383
23.9666 5.87689 1 384
64.8339 19.6791 1 385
26.8901 38.7489 1 386
81.8297 84.0014 1 387
80.9437 85.7944 1 387
46.671 52.55 1 388
77.7656 41.9777 1 389
76.5835 40.3645 1 389
27.0665 49.7601 1 390
57.7423 53.4737 1 391
59.4976 52.515 1 391
17.6035 73.2518 1 392
80.063 55.9459 1 393
41.9128 68.617 1 394
12.3101 62.204 1 395
14.0667 61.2479 1 395
51.3551 5.24802 1 396
94.315 87.3135 1 397
44.2711 31.8655 1 398
42.0802 99.2195 1 399
29.6876 51.3526 1 400
85.7194 39.6051 1 401
94.4845 40.8753 1 402
68.8424 91.8462 1 403
82.6388 51.6136 1 404
28.776 62.3264 1 405
54.7542 43.9222 1 406
26.2172 52.2714 1 407
17.6051 12.0764 1 408
33.9555 76.5491 1 409
8.58034 86.7655 1 410
88.8973 14.9307 1 411
37.7891 92.1378 1 412
36.9261 93.942 1 412
94.7871 60.838 1 413
15.8497 95.9662 1 414
85.8356 24.9595 1 415
93.695 54.6234 1 416
67.3629 77.5183 1 417
82.9537 62.3281 1 418
10.6626 52.6258 1 419
85.9054 20.7576 1 420
56.2402 54.9285 1 421
35.4802 18.9661 1 422
86.1395 55.5412 1 423
38.0198 35.2285 1 424
43.7906 9.76004 1 425
45.209 11.1701 1 425
90.8138 69.2286 1 426
81.6056 38.7523 1 427
81.3597 28.4293 1 428
37.3715 71.9349 1 429
75.6092 2.88827 1 430
99.0551 99.6852 1 431
63.4487 29.0154 1 432
63.3093 31.0105 1 432
5.23045 31.027 1 433
4.57203 82.1993 1 434
56.9008 79.4098 1 435
36.8796 75.3067 1 436
69.5962 11.1272 1 437
84.338 64.0088 1 438
86.0059 65.1125 1 438
24.5187 2.08071 1 439
25.4543 3.84838 1 439
41.5777 94.7397 1 440
21.077 65.2265 1 441
81.1025 49.4743 1 442
79.1568 66.9702 1 443
62.9086 65.4333 1 444
48.8193 72.8567 1 445
51.2907 11.2088 1 446
7.02012 57.4367 1 447
58.5821 1.20107 1 448
57.8709 43.4687 1 449
14.0401 55.999 1 450
63.2919 74.9683 1 451
61.3143 74.6696 1 451
49.9325 54.8606 1 452
21.0464 90.3433 1 453
90.4439 57.3312 1 454
54.3134 83.1181 1 455
72.8792 11.6954 1 456
99.8762 30.8574 1 457
32.1486 71.1322 1 458
33.0179 69.331 1 458
69.3744 33.8329 1 459
35.934 23.8433 1 460
36.063 21.8474 1 460
90.0037 43.2382 1 461
16.7616 31.6837 1 462
40.5465 97.0982 1 463
72.4039 64.3971 1 464
59.0709 68.8643 1 465
48.9091 56.9577 1 466
50.8871 57.2538 1 466
50.1324 59.106 1 466
52.362 55.903 1 466
53.1199 39.2166 1 467
85.1096 14.7434 1 468
55.7856 2.51667 1 469
5.02326 17.0746 1 470
3.11844 16.465 1 470
50.911 65.0069 1 471
13.7744 65.777 1 472
15.4814 66.8192 1 472
38.9309 69.2689 1 473
17.1115 78.61 1 474
83.7214 98.339 1 475
30.9483 35.6724 1 476
61.8425 53.4324 1 477
74.9949 54.9337 1 478
26.7778 9.69157 1 479
73.5833 15.8068 1 480
94.4012 69.2158 1 481
84.3066 71.3613 1 482
94.0806 78.4004 1 483
79.0991 45.6724 1 484
21.3902 85.9579 1 485
8.7592 90.3071 1 486
6.77085 90.5227 1 486
35.0645 74.1777 1 487
98.3477 85.4161 1 488
91.4326 50 1 489
0.409871 1.48288 1 490
87.6689 67.2559 1 491
88.7446 68.942 1 491
99.3109 77.8844 1 492
92.0442 46.4129 1 493
39.9661 14.1105 1 494
47.2256 68.0014 1 495
15.8411 37.7399 1 496
17.8299 37.9514 1 496
5.00305 9.13471 1 497
56.3552 39.5944 1 498
15.0396 10.25 1 499
24.076 39.8836 1 500
24.3342 41.8669 1 500
50.6855 31.2001 1 501
42.6739 17.202 1 502
31.3012 29.1431 1 503
81.2259 41.7016 1 504
54.3952 52.9312 1 505
89.6213 47.1355 1 506
6.09308 21.8285 1 507
71.3056 89.9187 1 508
93.0201 16.7821 1 509
63.5167 81.2416 1 510
79.0431 77.293 1 511
8.82284 40.0418 1 512
10.9819 14.6531 1 513
14.8271 81.6186 1 514
4.01805 19.2181 1 515
58.2384 47.7613 1 516
46.5199 36.6625 1 517
26.8342 43.0088 1 518
28.8181 43.2625 1 518
30.2765 44.6311 1 518
69.5172 52.8681 1 519
59.2346 45.9316 1 520
9.20614 12.2632 1 521
6.61013 52.6262 1 522
6.20667 50.6673 1 522
65.7069 41.6825 1 523
11.4342 4.67999 1 524
9.35396 55.1539 1 525
3.85343 5.74937 1 526
1.85965 5.9069 1 526
57.5691 67.0115 1 527
2.65608 99.5858 1 528
64.6512 9.14414 1 529
67.0969 0.0398507 1 530
13.5172 70.7011 1 531
28.3619 4.55217 1 532
30.2376 3.85807 1 532
55.5938 23.0776 1 533
52.5418 72.487 1 534
80.5192 3.0468 1 535
91.8558 0.477183 1 536
79.9041 19.3842 1 537
32.501 48.7134 1 538
60.816 82.6453 1 539
75.4958 30.686 1 540
65.5209 6.84104 1 541
33.211 19.4811 1 542
54.6278 99.7915 1 543
27.1213 12.9285 1 544
97.3776 2.82152 1 545
93.9595 50.4886 1 546
72.9205 54.4704 1 547
50.0898 94.9997 1 548
73.1619 92.1694 1 549
74.3792 93.7564 1 549
67.4449 57.0502 1 550
49.6578 79.8045 1 551
13.1445 47.8832 1 552
99.707 66.9041 1 553
56.0219 71.452 1 554
15.107 35.6629 1 555
47.4204 91.4541 1 556
17.7292 23.936 1 557
16.1549 22.7025 1 557
90.8263 92.5304 1 558
72.8402 20.7604 1 559
72.2342 18.8545 1 559
11.8476 80.782 1 560
21.3399 62.6809 1 561
77.6679 62.642 1 562
79.2542 61.424 1 562
90.9411 40.0115 1 563
90.2674 38.1284 1 563
58.4233 73.2593 1 564
0.558997 47.6044 1 565
89.0251 95.9631 1 566
30.778 53.788 1 567
0.547942 80.3831 1 568
61.6725 35.751 1 569
28.3674 26.1247 1 570
15.3567 29.9288 1 571
99.7017 62.8309 1 572
86.5727 81.5033 1 573
90.9859 90.0836 1 574
34.2669 86.0582 1 575
36.1192 86.8123 1 575
32.9087 84.5901 1 575
40.0489 43.4392 1 576
37.5194 11.7086 1 577
60.0914 6.72989 1 578
59.2889 35.2514 1 579
57.8159 95.8188 1 580
63.4195 15.7207 1 581
63.2973 17.717 1 581
34.6535 92.7023 1 582
65.3787 83.2319 1 583
39.9498 33.1506 1 584
26.8829 29.4433 1 585
25.0402 28.6659 1 585
43.9937 24.4405 1 586
42.065 23.9112 1 586
11.8978 30.4677 1 587
74.5274 6.8001 1 588
94.403 84.4038 1 589
12.2296 72.8594 1 590
44.7877 38.9753 1 591
25.2358 31.9736 1 592
37.3619 3.88868 1 593
68.2425 24.1925 1 594
74.2425 37.2946 1 595
85.3344 44.7189 1 596
19.3642 46.6615 1 597
87.1614 88.3142 1 598
87.6045 90.2645 1 598
56.5465 61.0922 1 599
85.7617 53.3689 1 600
20.0262 82.9867 1 601
23.0289 54.3596 1 602
81.36 78.9029 1 603
9.06028 66.9019 1 604
89.586 12.7187 1 605
89.2713 83.6861 1 606
40.7238 52.061 1 607
6.29307 3.93461 1 608
97.611 96.3784 1 609
17.7449 21.3382 1 610
15.5997 89.4216 1 611
81.9011 68.7662 1 612
55.6875 47.7881 1 613
72.7342 96.0788 1 614
47.3587 13.5662 1 615
51.2252 88.7143 1 616
74.0035 25.9127 1 617
40.7723 36.983 1 618
75.0163 22.4372 1 619
26.5898 54.546 1 620
55.1251 88.23 1 621
47.0277 2.73606 1 622
88.7355 53.5264 1 623
47.4705 24.4575 1 624
96.0219 22.0849 1 625
97.6979 20.9935 1 625
54.2171 93.5968 1 626
20.3897 25.8975 1 627
9.99077 74.422 1 628
9.87761 76.4188 1 628
72.6361 84.4546 1 629
73.7695 51.3586 1 630
68.0664 43.6106 1 631
68.9076 45.4251 1 631
29.386 47.0639 1 632
45.1119 81.4526 1 633
69.0233 80.0712 1 634
86.4936 84.5726 1 635
22.8446 46.5127 1 636
22.5448 37.4873 1 637
34.5156 40.807 1 638
88.3841 72.3114 1 639
92.4589 13.6567 1 640
27.789 76.9046 1 641
74.7388 13.9917 1 642
16.1046 26.7955 1 643
4.5478 71.8447 1 644
68.5202 18.9684 1 645
62.1466 99.7561 1 646
71.3521 47.6555 1 647
8.05413 2.35283 1 648
20.8629 7.33867 1 649
87.9267 38.6804 1 650
42.6843 64.428 1 651
12.3696 58.164 1 652
11.5067 59.9683 1 652
37.723 8.36464 1 653
48.3318 17.5455 1 654
24.3444 10.9827 1 655
12.87 94.2948 1 656
64.4776 45.0712 1 657
12.4892 83.0206 1 658
6.05299 95.2298 1 659
82.4315 31.5832 1 660
53.4878 33.3597 1 661
51.6011 34.0233 1 661
75.1317 69.683 1 662
44.9209 60.7521 1 663
43.4528 59.3939 1 663
46.6459 31.8087 1 664
48.5631 31.2394 1 664
85.1628 10.4494 1 665
86.9213 9.4968 1 665
76.4328 52.251 1 666
64.6951 22.0383 1 667
93.8029 66.0817 1 668
48.464 60.4605 1 669
17.8867 56.5369 1 670
47.4636 83.4432 1 671
31.4765 7.02251 1 672
90.9864 18.1714 1 673
89.0716 17.5939 1 673
11.1214 91.4942 1 674
29.9061 20.3113 1 675
13.1085 52.7971 1 676
98.563 40.61 1 677
80.8748 95.2946 1 678
76.8144 48.141 1 679
74.967 48.9071 1 679
23.3865 73.0022 1 680
46.6683 98.7169 1 681
9.59065 83.3403 1 682
20.1607 34.4529 1 683
6.38711 44.5372 1 684
52.4345 2.40188 1 685
56.4972 27.0536 1 686
25.7418 75.6064 1 687
15.7302 98.7408 1 688
14.333 0.171766 1 688
4.81793 0.807636 1 689
4.96256 69.5606 1 690
81.3483 98.7236 1 691
58.7386 98.6473 1 692
45.312 71.1477 1 693
42.1256 28.1642 1 694
28.9549 30.1234 1 695
32.1739 12.6592 1 696
37.6151 58.3991 1 697
6.61561 74.917 1 698
37.9673 83.0666 1 699
36.741 84.6465 1 699
59.9721 21.8225 1 700
63.7057 34.599 1 701
22.5703 92.5283 1 702
64.4643 24.3835 1 703
42.3492 44.1614 1 704
25.2466 60.7292 1 705
54.2045 77.5634 1 706
77.9002 79.1436 1 707
13.9111 96.6709 1 708
25.3928 47.9594 1 709
2.49114 74.5843 1 710
53.5561 50.4706 1 711
9.20058 18.6209 1 712
80.1138 22.4955 1 713
34.5928 45.2568 1 714
3.91952 96.7705 1 715
63.8673 59.7575 1 716
32.9871 54.4428 1 717
45.3546 54.7225 1 718
30.0419 90.0351 1 719
28.9707 88.3461 1 719
7.13946 28.6869 1 720
75.8936 33.395 1 721
98.9399 54.5186 1 722
84.9327 79.9476 1 723
81.3374 44.5541 1 724
66.1618 34.7957 1 725
94.8412 10.2816 1 726
94.0051 30.2041 1 727
77.6958 9.94561 1 728
45.3432 84.1875 1 729
10.3007 27.4668 1 730
35.2589 81.7912 1 731
31.4496 65.8252 1 732
40.4628 8.39694 1 733
64.1007 78.9383 1 734
73.7597 86.5094 1 735
13.9644 24.198 1 736
96.6608 54.1624 1 737
95.7505 55.9432 1 737
81.8405 9.56143 1 738
23.838 13.7862 1 739
48.2658 86.6702 1 740
37.1117 89.3604 1 741
77.5204 59.1157 1 742
67.9609 97.1413 1 743
85.8935 36.8489 1 744
76.595 65.0489 1 745
77.1061 75.5671 1 746
61.3984 33.4188 1 747
43.6085 22.4473 1 748
97.9882 8.52771 1 749
83.6153 74.7265 1 750
88.2109 79.3614 1 751
65.7414 11.6971 1 752
75.1936 73.8428 1 753
24.7038 8.43882 1 754
74.4311 80.6232 1 755
7.24419 83.1213 1 756
75.2927 11.0768 1 757
20.5541 87.977 1 758
18.9531 75.5234 1 759
29.9566 22.9415 1 760
17.636 2.96336 1 761
8.11559 96.4154 1 762
48.7864 38.5488 1 763
91.5736 97.8868 1 764
54.729 74.4108 1 765
60.4901 19.1719 1 766
74.5847 77.3561 1 767
79.7301 11.9187 1 768
75.4892 8.94785 1 769
73.671 71.3359 1 770
19.5827 91.8161 1 771
13.2754 17.8247 1 772
0.802447 69.9235 1 773
58.4479 3.95337 1 774
51.6574 76.7911 1 775
2.34113 2.70922 1 776
36.3185 56.4347 1 777
35.0536 12.282 1 778
23.5907 51.8698 1 779
40.6584 58.985 1 780
44.9237 86.6136 1 781
64.4779 99.4892 1 782
82.0341 24.5431 1 783
86.4278 34.4849 1 784
3.89513 14.5288 1 785
88.2829 59.6108 1 786
91.8846 84.124 1 787
40.821 2.03039 1 788
26.825 99.7237 1 789
70.4081 93.1442 1 790
9.49408 48.7891 1 791
10.9996 50.1057 1 791
49.7935 69.2618 1 792
93.4009 23.8855 1 793
93.5801 90.917 1 794
32.0518 15.1951 1 795
69.1101 70.5368 1 796
12.7081 12.471 1 797
49.6316 24.5256 1 798
50.0358 8.59561 1 799
92.9989 2.66975 1 800
16.414 64.0805 1 801
12.9848 43.5091 1 802
53.0228 14.4868 1 803
78.0671 69.5063 1 804
6.88033 66.6516 1 805
21.9775 10.7205 1 806
16.9618 60.2667 1 807
23.2817 65.8025 1 808
77.2169 83.1338 1 809
24.5803 57.3384 1 810
83.9073 19.1952 1 811
96.1883 31.5476 1 812
40.3614 39.3565 1 813
14.1978 5.17627 1 814
83.9982 29.1655 1 815
54.8941 80.3982 1 816
44.9452 7.64789 1 817
56.0121 41.9005 1 818
38.6364 27.4613 1 819
39.7107 99.6703 1 820
79.611 90.9429 1 821
33.8937 26.1774 1 822
88.1407 86.4982 1 823
78.7524 38.2203 1 824
39.0081 74.4928 1 825
51.6993 45.6197 1 826
55.0016 62.7093 1 827
23.4133 17.9562 1 828
30.848 83.1681 1 829
44.1966 96.6608 1 830
54.6925 20.8042 1 831
98.8288 56.5933 1 832
7.17926 46.599 1 833
4.63031 91.7644 1 834
42.8911 62.2309 1 835
73.363 35.0072 1 836
34.4368 51.6322 1 837
