18.1431 28.1207 1 1
71.3712 6.45915 1 2
63.1791 26.5506 1 3
61.5934 27.7694 1 3
58.1503 49.8594 1 4
58.2959 47.8647 1 4
48.5852 47.6805 1 5
97.7034 50.4809 1 6
0.907812 22.3246 1 7
2.16743 23.8781 1 7
16.4671 43.5597 1 8
24.4521 23.6399 1 9
23.4038 25.3432 1 9
6.9001 72.4378 1 10
0.182389 72.5188 1 11
98.3314 71.7613 1 11
87.0804 74.9026 1 12
58.2921 64.4275 1 13
59.7376 63.0453 1 13
27.1689 69.6814 1 14
27.3726 71.671 1 14
41.7741 72.6112 1 15
61.5181 57.3578 1 16
76.9635 17.7351 1 17
76.4788 19.6754 1 17
77.7249 21.2397 1 17
54.0999 67.4015 1 18
85.0367 76.4306 1 19
91.3865 28.5577 1 20
91.3988 26.5578 1 20
10.5068 41.1916 1 21
8.84135 40.0842 1 21
6.47059 85.3762 1 22
14.2833 15.932 1 23
28.1632 65.552 1 24
69.3425 65.8605 1 25
56.969 36.1556 1 26
56.9569 90.0765 1 27
29.4237 99.4391 1 28
7.43695 80.9202 1 29
9.34772 80.3295 1 29
7.99808 78.8536 1 29
52.2988 69.1396 1 30
63.3615 2.21752 1 31
62.7848 4.13255 1 31
99.1673 3.98916 1 32
32.3971 87.4373 1 33
30.5179 86.7528 1 33
25.4889 19.313 1 34
24.7525 21.1725 1 34
26.7462 21.3316 1 34
92.6262 73.1211 1 35
89.4334 75.3453 1 35
90.765 73.853 1 35
90.9822 71.8648 1 35
99.3552 88.6785 1 36
97.3562 88.7423 1 36
11.0191 89.132 1 37
12.8369 88.298 1 37
3.35208 79.4993 1 38
40.6871 78.8527 1 39
41.1146 76.899 1 39
68.2305 89.2161 1 40
66.7097 90.5149 1 40
65.6316 88.8303 1 40
33.4947 94.793 1 41
85.4894 91.3982 1 42
72.2388 23.5991 1 43
16.9923 68.9963 1 44
77.9316 93.5818 1 45
48.6986 77.8188 1 46
69.4099 21.3697 1 47
56.8008 76.6976 1 48
98.416 47.2161 1 49
32.4153 99.6204 1 50
50.4364 36.7765 1 51
59.4314 84.8469 1 52
19.7753 80.7328 1 53
37.5096 45.6387 1 54
26.8508 93.1569 1 55
24.9361 93.7348 1 55
42.5088 53.8864 1 56
43.3268 55.7115 1 56
70.6591 60.6312 1 57
88.3115 2.64955 1 58
6.62186 26.4307 1 59
84.5605 6.39642 1 60
72.1232 68.152 1 61
15.5576 46.5921 1 62
70.3851 55.072 1 63
1.58367 8.42445 1 64
90.8894 87.1217 1 65
4.83754 12.2888 1 66
70.0831 57.9323 1 67
58.6736 10.3587 1 68
60.326 9.23195 1 68
54.8516 31.5551 1 69
75.685 67.2239 1 70
49.2652 45.6078 1 71
65.9681 71.0154 1 72
58.5149 38.692 1 73
10.2954 21.0569 1 74
84.2991 3.51967 1 75
84.8781 1.60531 1 75
8.74729 30.7351 1 76
31.3038 26.7379 1 77
71.2861 72.3809 1 78
0.605487 26.0765 1 79
32.0582 96.9142 1 80
59.0172 24.1404 1 81
24.3516 78.0345 1 82
99.6911 17.0507 1 83
98.2439 18.4311 1 83
11.7613 97.7233 1 84
10.1742 94.0532 1 84
11.018 95.8665 1 84
47.8246 8.30614 1 85
47.5534 6.32461 1 85
0.900625 58.0219 1 86
1.1764 60.0028 1 86
41.1157 10.8251 1 87
4.07965 47.3429 1 88
2.72364 48.813 1 88
9.20947 25.0883 1 89
10.2841 23.4015 1 89
88.2137 55.9483 1 90
76.795 27.9268 1 91
82.3139 81.893 1 92
17.0308 52.0491 1 93
15.1103 51.4908 1 93
46.5455 45.0932 1 94
17.1607 18.9215 1 95
2.21763 63.8528 1 96
91.6744 78.1698 1 97
92.3957 76.3044 1 97
93.0509 37.1708 1 98
65.7994 94.0073 1 99
63.9415 95.223 1 99
63.9595 93.2231 1 99
31.9198 62.7235 1 100
76.8296 71.7888 1 101
7.37769 63.0753 1 102
40.3932 18.7994 1 103
19.0075 40.8185 1 104
19.6769 16.0075 1 105
20.565 17.7995 1 105
40.3263 5.6993 1 106
56.6845 97.4884 1 107
55.4228 95.9365 1 107
57.8154 95.8388 1 107
28.0342 96.0847 1 108
21.0541 31.6301 1 109
28.9367 11.3485 1 110
89.2355 23.2029 1 111
59.6025 31.7821 1 112
58.3384 33.332 1 112
80.6751 34.9922 1 113
97.9309 28.7178 1 114
96.8673 27.0241 1 114
48.3098 28.1451 1 115
19.9043 0.515107 1 116
17.5081 82.7675 1 117
22.2604 15.2559 1 118
55.2964 15.6281 1 119
65.6063 38.2512 1 120
40.4215 47.075 1 121
78.2989 32.9659 1 122
76.8118 5.21112 1 123
64.0209 72.474 1 124
29.768 80.8544 1 125
26.6608 16.7958 1 126
70.3642 98.0623 1 127
68.2548 40.9808 1 128
43.8734 4.59403 1 129
64.2423 50.7476 1 130
88.6678 36.096 1 131
33.119 38.943 1 132
56.6522 19.7481 1 133
58.4101 18.7943 1 133
25.6361 89.8651 1 134
95.6399 63.0467 1 135
93.655 63.2919 1 135
79.7334 72.4823 1 136
79.8581 74.4784 1 136
99.9749 38.4687 1 137
98.9668 36.7413 1 137
65.7725 3.04875 1 138
17.5129 14.886 1 139
98.9257 12.2312 1 140
10.7697 0.512433 1 141
12.5697 1.38419 1 141
60.7879 67.0232 1 142
44.3391 50.9872 1 143
60.4323 77.0191 1 144
9.82945 46.6973 1 145
9.77732 57.7111 1 146
0.576999 14.0096 1 147
98.6711 14.6159 1 147
38.234 96.8518 1 148
79.6711 25.1622 1 149
61.3657 23.9607 1 150
35.3699 16.4849 1 151
37.3331 16.8668 1 151
17.8536 62.1672 1 152
66.0503 32.631 1 153
45.245 94.2857 1 154
43.7923 92.9111 1 154
42.0025 92.0184 1 154
87.7142 45.0021 1 155
86.5728 46.6444 1 155
21.0396 73.4497 1 156
57.996 15.3002 1 157
67.422 50.1854 1 158
69.1909 49.252 1 158
66.2405 48.5717 1 158
11.6511 85.9769 1 159
1.65545 35.4901 1 160
3.55921 34.8772 1 160
22.3022 81.5161 1 161
66.8807 61.0607 1 162
78.9942 5.38642 1 163
57.9047 93.0033 1 164
47.085 88.6733 1 165
45.3108 89.5964 1 165
33.528 22.1295 1 166
32.7083 23.9538 1 166
76.2177 87.6072 1 167
99.6501 96.2035 1 168
0.978633 94.7085 1 168
97.6545 96.3352 1 168
23.057 28.004 1 169
26.0942 64.4629 1 170
59.0211 41.4707 1 171
59.9304 43.2521 1 171
57.9422 43.4695 1 171
9.04668 35.6246 1 172
33.2893 4.10651 1 173
83.72 66.649 1 174
14.527 2.82319 1 175
93.8786 43.0221 1 176
51.8683 96.692 1 177
35.5984 69.8402 1 178
22.9733 61.2402 1 179
73.354 3.65312 1 180
72.762 1.74272 1 180
71.0474 0.713179 1 180
34.6955 99.498 1 181
63.1863 46.7675 1 182
64.4315 45.2025 1 182
68.2715 9.53577 1 183
69.56 8.00607 1 183
15.2567 72.6784 1 184
9.33359 7.17633 1 185
7.57846 8.13524 1 185
36.2641 43.6147 1 186
73.0358 75.4732 1 187
86.275 29.0678 1 188
85.2923 30.8098 1 188
87.1427 27.2659 1 188
88.939 26.3864 1 188
82.4591 55.8135 1 189
94.5284 26.0374 1 190
68.3926 3.40228 1 191
70.2003 4.25788 1 191
68.4207 30.7237 1 192
51.6477 80.89 1 193
51.4675 82.8818 1 193
90.5635 33.3794 1 194
75.3366 35.331 1 195
73.363 35.0072 1 195
75.9223 33.4187 1 195
37.6154 39.3795 1 196
36.8621 37.5268 1 196
31.2902 74.2502 1 197
13.8334 32.1451 1 198
67.6059 85.2072 1 199
69.435 84.3984 1 199
67.2291 64.8882 1 200
66.8228 66.8465 1 200
94.7672 74.8293 1 201
95.7268 73.0745 1 201
24.703 81.8571 1 202
52.5234 29.235 1 203
78.1866 85.0012 1 204
93.1501 56.9762 1 205
44.5285 76.8253 1 206
44.2769 74.8412 1 206
44.2091 78.7996 1 206
82.6052 36.36 1 207
18.2846 65.3419 1 208
18.8866 67.2492 1 208
72.2814 27.7445 1 209
86.0368 49.7876 1 210
78.5484 53.6572 1 211
72.5321 78.0173 1 212
70.542 77.819 1 212
80.7548 88.5343 1 213
54.7565 91.5404 1 214
53.6627 89.866 1 214
61.1436 47.3368 1 215
72.9895 45.4286 1 216
44.5904 43.0418 1 217
65.1023 85.2512 1 218
63.1653 85.7491 1 218
28.3434 79.0418 1 219
26.8495 57.5309 1 220
27.0585 59.52 1 220
28.9454 58.8568 1 220
44.6596 35.3556 1 221
86.5735 16.1061 1 222
85.1096 14.7434 1 222
92.2498 95.4637 1 223
94.1592 96.0588 1 223
39.6505 62.2548 1 224
63.2951 89.4499 1 225
45.7128 41.1047 1 226
75.2157 61.9722 1 227
56.6754 6.14001 1 228
25.9742 45.4446 1 229
24.3048 44.3431 1 229
2.09625 41.984 1 230
29.007 17.7744 1 231
96.5515 66.2374 1 232
80.3288 58.2936 1 233
66.4191 28.1997 1 234
59.2318 87.2589 1 235
61.1717 87.7457 1 235
4.44569 41.4013 1 236
4.04692 39.4414 1 236
37.5189 31.0105 1 237
35.5936 31.5521 1 237
80.7436 7.54093 1 238
96.5224 38.739 1 239
12.6475 21.4741 1 240
76.4874 24.1573 1 241
50.5441 0.880758 1 242
41.6204 87.2269 1 243
83.5134 46.1494 1 244
35.7335 33.8823 1 245
33.9916 34.865 1 245
52.9063 18.2751 1 246
53.5315 35.776 1 247
35.8979 49.6411 1 248
37.234 48.1529 1 248
3.47261 56.9618 1 249
2.86523 55.0562 1 249
66.5687 16.7339 1 250
95.2872 7.34173 1 251
12.7122 38.6734 1 252
12.3113 36.714 1 252
97.334 58.2012 1 253
2.31506 89.9189 1 254
98.0943 82.3018 1 255
97.112 80.5597 1 255
45.6636 58.3865 1 256
10.4087 63.9747 1 257
59.7404 55.4447 1 258
30.4792 68.694 1 259
19.799 50.8173 1 260
7.54752 32.679 1 261
6.19422 34.1517 1 261
61.7068 50.3899 1 262
96.5513 98.7465 1 263
94.5774 98.4242 1 263
42.4522 84.5455 1 264
1.02332 76.5047 1 265
1.52185 78.4416 1 265
36.62 65.5753 1 266
36.5338 0.728665 1 267
57.1627 30.1104 1 268
89.6572 65.3356 1 269
49.232 34.1958 1 270
98.6358 44.6655 1 271
0.432246 43.7864 1 271
9.44042 71.1944 1 272
94.5584 18.5754 1 273
83.4273 92.6049 1 274
82.6505 90.7619 1 274
22.1103 78.5501 1 275
21.6033 76.6154 1 275
11.8206 25.2087 1 276
96.1019 16.8077 1 277
96.2164 70.6583 1 278
96.6919 68.7157 1 278
45.3265 15.4845 1 279
81.1874 64.6789 1 280
89.8018 8.01483 1 281
88.9305 6.21461 1 281
91.8006 7.94619 1 281
49.9605 18.7063 1 282
48.3318 17.5455 1 282
9.91786 9.18939 1 283
66.6417 13.6579 1 284
36.7311 79.7727 1 285
86.3281 70.05 1 286
16.1268 76.1699 1 287
44.2321 13.0869 1 288
39.6329 90.869 1 289
2.72784 11.6241 1 290
69.4348 14.4035 1 291
32.1844 33.2142 1 292
85.3579 94.5825 1 293
84.0117 96.0616 1 293
66.3359 53.6544 1 294
3.35694 60.7105 1 295
7.27493 37.262 1 296
70.6191 30.6214 1 297
20.9076 4.58988 1 298
52.9375 64.3266 1 299
39.787 71.0992 1 300
43.6221 2.06554 1 301
44.5051 0.271025 1 301
30.1277 77.3428 1 302
48.3359 64.5641 1 303
7.9692 15.5869 1 304
72.8413 59.09 1 305
56.7355 83.049 1 306
33.3414 79.459 1 307
28.0534 84.8931 1 308
87.2082 12.0561 1 309
77.0385 14.1084 1 310
78.4628 0.324869 1 311
31.0437 41.7627 1 312
4.17452 76.4206 1 313
37.4335 14.1456 1 314
20.9595 60.343 1 315
85.4372 68.0211 1 316
44.9284 27.1615 1 317
16.731 39.7688 1 318
15.8672 41.5726 1 318
53.4921 58.658 1 319
97.6107 60.7448 1 320
68.8618 74.9611 1 321
69.2783 63.077 1 322
2.41063 71.7636 1 323
78.535 87.2462 1 324
37.0077 60.8381 1 325
69.4209 37.4305 1 326
71.386 37.0584 1 326
21.3421 70.1473 1 327
23.212 97.8385 1 328
37.9746 52.7532 1 329
38.8408 21.9291 1 330
69.6927 95.0837 1 331
30.4797 92.453 1 332
29.7656 94.3212 1 332
61.5421 91.3901 1 333
91.0458 60.9734 1 334
89.5921 62.347 1 334
4.67652 53.1965 1 335
3.61292 51.5028 1 335
6.59554 52.6332 1 335
6.19209 50.6743 1 335
2.12128 86.4052 1 336
83.793 26.5072 1 337
27.2244 7.38368 1 338
3.45108 32.6211 1 339
82.5996 13.4868 1 340
77.0574 97.7258 1 341
34.5504 62.2996 1 342
31.6642 9.92798 1 343
93.032 21.6299 1 344
7.04045 60.147 1 345
98.6731 93.3346 1 346
24.1343 88.41 1 347
21.2921 56.7478 1 348
72.3135 40.9216 1 349
72.3309 38.9216 1 349
72.2356 42.9201 1 349
11.3499 78.5575 1 350
80.305 81.7454 1 351
9.62281 32.8771 1 352
16.001 6.04137 1 353
14.1978 5.17627 1 353
36.6356 62.99 1 354
45.6769 64.5728 1 355
12.1601 75.3555 1 356
92.725 80.9985 1 357
18.1603 95.2224 1 358
19.0174 97.0294 1 358
20.2536 44.1071 1 359
86.9242 23.0502 1 360
90.4593 10.7578 1 361
92.4375 11.052 1 361
74.5625 99.1305 1 362
84.0769 58.489 1 363
17.2516 7.67071 1 364
26.7473 36.0094 1 365
25.8156 34.2397 1 365
28.3727 34.844 1 365
35.52 8.03698 1 366
94.8147 5.22406 1 367
92.8376 4.92268 1 367
96.7721 5.63454 1 367
83.8212 87.591 1 368
53.2484 47.4412 1 369
86.146 62.6193 1 370
16.0371 86.4716 1 371
15.372 84.5855 1 371
34.1686 59.9414 1 372
40.0284 85.1817 1 373
3.7166 66.9308 1 374
82.6644 21.7695 1 375
54.5093 9.94126 1 376
56.073 11.1881 1 376
60.818 71.4929 1 377
44.2477 19.7391 1 378
24.0921 5.94249 1 379
64.7581 19.5596 1 380
26.768 38.8205 1 381
81.8353 83.9308 1 382
80.9493 85.7238 1 382
46.7747 52.4536 1 383
77.7044 41.9421 1 384
76.5223 40.3289 1 384
27.1972 49.7058 1 385
57.6723 53.4632 1 386
59.4276 52.5045 1 386
17.5587 73.1175 1 387
79.956 56.0385 1 388
42.0407 68.5563 1 389
12.3189 62.2743 1 390
14.0755 61.3181 1 390
51.4664 5.33551 1 391
94.4185 87.4101 1 392
44.3993 31.8056 1 393
42.1544 99.34 1 394
29.7563 51.2288 1 395
85.6131 39.5117 1 396
94.4109 40.9962 1 397
68.8748 91.8602 1 398
70.4081 93.1442 1 398
82.6079 51.4755 1 399
28.865 62.4364 1 400
54.8191 44.048 1 401
26.2319 52.1306 1 402
17.4753 12.0199 1 403
34.0958 76.5303 1 404
8.66961 86.6556 1 405
88.7936 15.027 1 406
37.7697 92.2058 1 407
36.9067 94.0101 1 407
94.8136 60.977 1 408
15.7756 95.8455 1 409
13.9444 96.6497 1 409
85.9437 24.8682 1 410
93.5552 54.6454 1 411
67.4489 77.6308 1 412
82.9067 62.4617 1 413
10.5942 52.7497 1 414
85.8025 20.6604 1 415
56.0987 54.9327 1 416
35.5369 18.8364 1 417
86.1956 55.4113 1 418
38.1065 35.3404 1 419
43.7476 9.70375 1 420
45.166 11.1138 1 420
90.7328 69.1588 1 421
87.6689 67.2559 1 421
88.7446 68.942 1 421
81.7263 38.8261 1 422
81.2524 28.5216 1 423
37.513 71.9297 1 424
75.6063 2.74673 1 425
98.9159 99.7111 1 426
63.378 29.0166 1 427
63.2385 31.0118 1 427
5.17859 30.8953 1 428
4.61318 82.3347 1 429
56.9191 79.5502 1 430
37.0019 75.2353 1 431
69.6857 11.0176 1 432
84.3543 64.0777 1 433
86.0222 65.1813 1 433
24.5597 2.1384 1 434
25.4953 3.90607 1 434
41.6809 94.6429 1 435
21.0305 65.0928 1 436
81.0171 49.3613 1 437
79.0166 66.9508 1 438
62.946 65.5698 1 439
48.9568 72.823 1 440
51.2948 11.3503 1 441
6.87858 57.4341 1 442
58.6764 1.30666 1 443
14.0401 55.999 1 444
63.3093 75.0369 1 445
61.3317 74.7382 1 445
49.9654 54.9983 1 446
21.1089 90.4704 1 447
19.6086 91.7929 1 447
90.4428 57.1896 1 448
54.3229 82.9769 1 449
72.9035 11.556 1 450
99.7406 30.8984 1 451
32.2072 71.1719 1 452
33.0765 69.3708 1 452
69.2561 33.7552 1 453
36.0022 23.8621 1 454
36.1312 21.8663 1 454
90.1169 43.1531 1 455
16.6432 31.7613 1 456
40.6539 97.1903 1 457
72.2634 64.4145 1 458
58.9549 68.9456 1 459
48.9347 56.9332 1 460
50.9127 57.2293 1 460
50.158 59.0815 1 460
52.3875 55.8785 1 460
53.0787 39.3521 1 461
55.8137 2.65543 1 462
5.07513 17.1228 1 463
3.17032 16.5131 1 463
50.9343 65.1465 1 464
13.8185 65.8324 1 465
15.5255 66.8746 1 465
38.932 69.1273 1 466
17.0979 78.4691 1 467
83.6805 98.4746 1 468
31.054 35.5782 1 469
61.7209 53.505 1 470
74.8624 54.9491 1 471
72.9205 54.4704 1 471
26.7933 9.55086 1 472
73.686 15.7093 1 473
94.2665 69.2593 1 474
84.2314 71.4813 1 475
94.0351 78.5345 1 476
79.1136 45.5316 1 477
21.3769 86.0988 1 478
20.6447 87.96 1 478
8.75975 90.2363 1 479
6.7714 90.4519 1 479
35.2033 74.2055 1 480
98.2974 85.5485 1 481
91.5283 50.1043 1 482
0.362237 1.34957 1 483
99.3569 77.7505 1 484
91.9116 46.3634 1 485
39.9864 14.2506 1 486
47.0841 68.0056 1 487
15.83 37.8098 1 488
17.8188 38.0213 1 488
4.87567 9.19649 1 489
56.2584 39.4912 1 490
15.1406 10.3492 1 491
24.1459 39.8721 1 492
24.4041 41.8554 1 492
50.6751 31.0589 1 493
42.5527 17.2751 1 494
31.2948 29.0017 1 495
81.2256 41.8432 1 496
54.3773 52.7908 1 497
89.4872 47.1805 1 498
5.97663 21.748 1 499
71.3946 89.8087 1 500
92.8785 16.7789 1 501
63.4 81.3218 1 502
79.1846 77.2908 1 503
10.9819 14.6531 1 504
14.9563 81.6765 1 505
4.06929 19.3501 1 506
46.5199 36.6625 1 507
26.7916 43.0292 1 508
28.7755 43.2828 1 508
30.2339 44.6514 1 508
69.6227 52.7737 1 509
59.3735 45.9041 1 510
9.11856 12.152 1 511
65.7069 41.6825 1 512
11.5476 4.76476 1 513
9.37568 55.014 1 514
3.7983 5.70498 1 515
1.80452 5.86251 1 515
57.5851 66.8708 1 516
2.74448 99.6963 1 517
64.5785 9.02264 1 518
66.9716 0.105638 1 519
13.6579 70.6855 1 520
28.3494 4.62183 1 521
30.2251 3.92773 1 521
55.683 23.1876 1 522
52.5758 72.3496 1 523
80.3776 3.04784 1 524
91.7164 0.452617 1 525
80.0035 19.2834 1 526
32.4012 48.613 1 527
60.8129 82.5038 1 528
75.3913 30.5904 1 529
65.6621 6.85144 1 530
33.3517 19.4967 1 531
54.6986 99.914 1 532
27.1643 12.7936 1 533
97.3256 2.68988 1 534
94.0984 50.4614 1 535
50.1163 94.8607 1 536
73.1055 92.2121 1 537
74.3227 93.799 1 537
67.4254 57.1904 1 538
49.7107 79.9358 1 539
13.0389 47.7889 1 540
99.8482 66.8938 1 541
56.1269 71.3571 1 542
14.9986 35.7539 1 543
47.5021 91.3386 1 544
17.6862 23.8798 1 545
16.1118 22.6463 1 545
90.6968 92.4732 1 546
72.9078 20.7815 1 547
72.3018 18.8756 1 547
11.7148 80.7329 1 548
21.2885 62.8128 1 549
77.634 62.7042 1 550
79.2204 61.4862 1 550
91.0013 40.0488 1 551
90.3276 38.1657 1 551
58.3756 73.126 1 552
0.586996 47.7432 1 553
88.8845 95.9467 1 554
30.8014 53.9276 1 555
0.6349 80.4948 1 556
61.7344 35.6236 1 557
28.3394 26.2635 1 558
15.3238 29.7911 1 559
99.7414 62.695 1 560
86.7106 81.5355 1 561
91.0194 89.9461 1 562
34.2218 86.0721 1 563
36.0741 86.8262 1 563
32.8636 84.604 1 563
40.1014 43.3077 1 564
37.6518 11.7588 1 565
59.9513 6.70937 1 566
59.4304 35.2566 1 567
63.4195 15.7207 1 568
63.2973 17.717 1 568
34.6124 92.5668 1 569
65.5139 83.1901 1 570
40.0441 33.2562 1 571
26.9362 29.3967 1 572
25.0935 28.6192 1 572
44.0538 24.4778 1 573
42.1251 23.9486 1 573
43.6072 22.5283 1 573
11.7586 30.4418 1 574
74.4806 6.93372 1 575
94.466 84.277 1 576
12.2198 72.7182 1 577
44.7623 39.1146 1 578
25.1066 31.9157 1 579
37.5022 3.9077 1 580
68.3787 24.154 1 581
74.3113 37.4183 1 582
85.4518 44.7979 1 583
19.225 46.6358 1 584
87.2246 88.346 1 585
87.6678 90.2962 1 585
56.6823 61.0521 1 586
85.903 53.3598 1 587
20.1115 83.0996 1 588
22.936 54.4664 1 589
81.5015 78.9074 1 590
9.11167 66.77 1 591
89.5307 12.8491 1 592
89.1298 83.6823 1 593
40.8268 52.158 1 594
6.23246 3.80668 1 595
17.7449 21.3382 1 596
15.4624 89.4559 1 597
81.9446 68.6315 1 598
55.5461 47.7824 1 599
72.5949 96.0541 1 600
47.4059 13.6996 1 601
51.1381 88.6026 1 602
73.8934 25.8236 1 603
40.8975 37.0491 1 604
75.074 22.5665 1 605
26.4632 54.4828 1 606
55.1904 88.3556 1 607
46.8866 2.7468 1 608
88.8769 53.5193 1 609
47.5955 24.391 1 610
49.5869 24.5767 1 610
96.0904 22.103 1 611
97.7663 21.0116 1 611
54.3557 93.568 1 612
20.5313 25.8958 1 613
9.93585 74.3774 1 614
9.82269 76.3742 1 614
72.5348 84.5535 1 615
73.9016 51.3078 1 616
68.0057 43.5742 1 617
68.8468 45.3887 1 617
29.3403 47.1978 1 618
45.2086 81.556 1 619
69.16 80.0345 1 620
86.4524 84.4372 1 621
22.986 46.5185 1 622
22.4211 37.4185 1 623
34.5226 40.6657 1 624
88.3267 72.4408 1 625
92.3301 13.5979 1 626
27.9298 76.8898 1 627
74.8679 14.0498 1 628
16.0227 26.9109 1 629
4.6509 71.9417 1 630
68.5616 18.833 1 631
62.0078 99.7284 1 632
71.4877 47.6962 1 633
8.15963 2.25844 1 634
20.8279 7.47584 1 635
88.0177 38.7888 1 636
42.702 64.2875 1 637
12.44 58.157 1 638
11.5771 59.9613 1 638
37.6083 8.28177 1 639
24.4144 10.8597 1 640
12.7343 94.3353 1 641
12.4892 83.0206 1 642
6.19336 95.2115 1 643
82.4072 31.4437 1 644
53.5565 33.3767 1 645
51.6698 34.0403 1 645
75.2091 69.8015 1 646
44.8548 60.7775 1 647
43.3867 59.4193 1 647
46.6942 31.7569 1 648
48.6114 31.1876 1 648
85.0921 10.4455 1 649
86.8507 9.49288 1 649
76.5662 52.2035 1 650
64.8366 22.0383 1 651
93.6721 66.1358 1 652
48.605 60.4726 1 653
17.7465 56.5173 1 654
47.3273 83.405 1 655
31.3558 7.09656 1 656
91.0321 18.2255 1 657
89.1173 17.6479 1 657
11.2608 91.519 1 658
30.0158 20.4008 1 659
12.9677 52.7821 1 660
98.5903 40.4711 1 661
81.0146 95.3169 1 662
76.7885 48.0751 1 663
74.941 48.8412 1 663
23.4649 73.1201 1 664
46.5341 98.7618 1 665
9.64008 83.2076 1 666
20.0332 34.3914 1 667
6.36334 44.6768 1 668
52.3259 2.31098 1 669
56.4134 26.9395 1 670
25.6526 75.4965 1 671
15.7247 98.6702 1 672
14.3274 0.101201 1 672
4.70704 0.719643 1 673
5.1035 69.5739 1 674
81.3132 98.8607 1 675
58.6052 98.5998 1 676
45.1713 71.1317 1 677
42.0464 28.2816 1 678
28.8135 30.1172 1 679
32.1606 12.8002 1 680
37.7563 58.409 1 681
6.72421 74.8262 1 682
38.0349 83.0454 1 683
36.8085 84.6253 1 683
60.1002 21.8826 1 684
63.8454 34.5758 1 685
22.4351 92.4864 1 686
64.6051 24.399 1 687
42.4643 44.079 1 688
25.326 60.6119 1 689
54.12 77.4498 1 690
77.7587 79.1404 1 691
25.3928 47.9594 1 692
2.4723 74.444 1 693
53.4237 50.4206 1 694
9.07776 18.6913 1 695
80.0814 22.6333 1 696
34.5194 45.3778 1 697
4.04457 96.8369 1 698
63.7303 59.793 1 699
32.8918 54.5475 1 700
45.2532 54.8212 1 701
30.0588 90.1038 1 702
28.9876 88.4148 1 702
7.06359 28.5674 1 703
98.9399 54.5186 1 704
84.853 79.8306 1 705
81.4309 44.6605 1 706
66.2017 34.9315 1 707
94.7137 10.2201 1 708
94.1374 30.1537 1 709
77.7552 10.0741 1 710
45.2023 84.2004 1 711
10.2658 27.604 1 712
35.1173 81.7904 1 713
31.3707 65.9427 1 714
40.402 8.52479 1 715
64.2422 78.9412 1 716
73.8095 86.3769 1 717
14.103 24.2266 1 718
96.5931 54.1417 1 719
95.6828 55.9225 1 719
81.9129 9.68309 1 720
23.7117 13.7222 1 721
48.2274 86.534 1 722
37.1394 89.4992 1 723
77.4133 59.2083 1 724
67.8433 97.2202 1 725
85.7575 36.8882 1 726
76.5322 65.1757 1 727
77.2023 75.4633 1 728
61.2745 33.4873 1 729
97.9882 8.52771 1 730
83.7416 74.7905 1 731
88.1673 79.2267 1 732
65.69 11.5652 1 733
75.1988 73.9843 1 734
24.8446 8.42448 1 735
74.2947 80.6611 1 736
7.15985 83.0076 1 737
75.2319 10.949 1 738
18.9531 75.5234 1 739
29.9047 22.8098 1 740
17.7774 2.95693 1 741
8.22031 96.5107 1 742
48.9029 38.6293 1 743
91.5212 98.0183 1 744
54.6159 74.3256 1 745
60.57 19.055 1 746
74.444 77.3406 1 747
79.6039 11.9828 1 748
75.6151 8.88306 1 749
73.6975 71.1969 1 750
13.2754 17.8247 1 751
0.662629 69.9013 1 752
58.3302 4.032 1 753
51.5186 76.7634 1 754
2.27424 2.83398 1 755
36.1836 56.4776 1 756
34.9142 12.2571 1 757
23.6662 51.9896 1 758
40.521 59.0192 1 759
44.8209 86.5163 1 760
64.6006 99.5597 1 761
81.9776 24.6729 1 762
86.3699 34.6141 1 763
3.9972 14.4307 1 764
88.4141 59.5578 1 765
91.9429 83.995 1 766
40.9357 2.11331 1 767
26.962 99.6882 1 768
9.52692 48.7264 1 769
11.0324 50.043 1 769
49.6593 69.307 1 770
93.5423 23.8782 1 771
93.6565 90.7978 1 772
31.9196 15.1446 1 773
68.9792 70.5908 1 774
12.8438 12.5113 1 775
50.0358 8.59561 1 776
93.0956 2.56638 1 777
16.5441 64.1364 1 778
13.0688 43.3951 1 779
52.9473 14.6065 1 780
78.0657 69.6478 1 781
6.77217 66.743 1 782
22.0273 10.588 1 783
17.0063 60.1324 1 784
23.1457 65.8416 1 785
77.1589 83.0047 1 786
24.7204 57.3182 1 787
83.7658 19.1945 1 788
96.0991 31.4377 1 789
40.3049 39.4864 1 790
84.1031 29.0705 1 791
54.8844 80.5394 1 792
44.805 7.6674 1 793
55.8714 41.8848 1 794
38.7657 27.4036 1 795
39.8504 99.6473 1 796
79.5747 91.0797 1 797
33.806 26.0663 1 798
88.0481 86.3912 1 799
78.8873 38.1772 1 800
39.1247 74.4125 1 801
51.7905 45.728 1 802
55.1101 62.6184 1 803
23.4695 17.8263 1 804
30.9849 83.1321 1 805
44.1675 96.5222 1 806
54.6231 20.9276 1 807
98.6971 56.6453 1 808
7.26123 46.7144 1 809
4.75753 91.8265 1 810
42.8213 62.1077 1 811
34.3561 51.7485 1 812
