18.0105 28.1703 1 1
71.5025 6.51196 1 2
63.1577 26.6181 1 3
61.572 27.8368 1 3
58.2119 49.8246 1 4
58.3575 47.8299 1 4
48.5884 47.822 1 5
97.5761 50.4188 1 6
0.962758 22.2799 1 7
2.22238 23.8334 1 7
16.5058 43.6959 1 8
24.3916 23.6766 1 9
23.3433 25.3799 1 9
6.89504 72.2963 1 10
0.156057 72.5845 1 11
98.305 71.827 1 11
86.9865 75.0085 1 12
58.2213 64.4299 1 13
59.6668 63.0477 1 13
27.2251 69.7243 1 14
27.4289 71.7139 1 14
41.897 72.5409 1 15
61.3838 57.3132 1 16
77.0101 17.7274 1 17
76.5253 19.6677 1 17
77.7715 21.232 1 17
53.9832 67.4817 1 18
85.1782 76.4253 1 19
91.4572 28.5611 1 20
91.4695 26.5612 1 20
10.4405 41.1668 1 21
8.77503 40.0594 1 21
6.59626 85.3111 1 22
14.2507 15.7942 1 23
28.1583 65.4105 1 24
69.3826 65.7248 1 25
56.8287 36.1743 1 26
56.8656 90.1846 1 27
29.3723 99.3072 1 28
7.38994 80.9162 1 29
9.30071 80.3255 1 29
7.95107 78.8495 1 29
7.21007 82.9081 1 29
52.3623 69.0131 1 30
63.4021 2.15953 1 31
62.8253 4.07456 1 31
99.0913 3.86973 1 32
32.3382 87.3981 1 33
30.459 86.7135 1 33
25.4806 19.2666 1 34
24.7442 21.1261 1 34
26.7378 21.2851 1 34
92.5913 73.1266 1 35
89.3985 75.3508 1 35
90.73 73.8585 1 35
90.9472 71.8704 1 35
99.4206 88.6514 1 36
97.4216 88.7152 1 36
11.0375 89.2003 1 37
12.8553 88.3663 1 37
3.216 79.5383 1 38
40.7242 78.913 1 39
41.1517 76.9592 1 39
68.207 89.1752 1 40
66.6861 90.474 1 40
65.6081 88.7894 1 40
33.5081 94.6521 1 41
85.6167 91.3363 1 42
72.1482 23.4903 1 43
17.0924 68.8962 1 44
78.0258 93.4761 1 45
48.607 77.7109 1 46
69.5503 21.3521 1 47
56.8612 76.5696 1 48
98.5318 47.1347 1 49
32.3388 99.5012 1 50
50.5649 36.7171 1 51
59.4586 84.9858 1 52
19.855 80.8498 1 53
37.643 45.6863 1 54
26.7874 93.1884 1 55
24.8727 93.7663 1 55
42.5057 53.9571 1 56
43.3237 55.7822 1 56
70.6242 60.494 1 57
88.3709 2.77805 1 58
6.75431 26.3807 1 59
84.6854 6.32982 1 60
71.9893 68.1979 1 61
15.6424 46.7055 1 62
70.3181 54.9473 1 63
1.44501 8.39592 1 64
90.7839 87.2162 1 65
4.93718 12.1882 1 66
70.0125 58.055 1 67
58.6308 10.3023 1 68
60.2832 9.17557 1 68
54.9866 31.5124 1 69
75.6871 67.0823 1 70
76.4906 65.2508 1 70
49.1292 45.6471 1 71
66.0727 70.92 1 72
58.6482 38.7396 1 73
10.3417 20.9231 1 74
84.366 3.49649 1 75
84.945 1.58213 1 75
8.79508 30.8684 1 76
31.4446 26.723 1 77
71.3524 72.2558 1 78
0.525026 26.193 1 79
32.1614 97.0111 1 80
59.072 24.0098 1 81
24.4863 78.0779 1 82
99.7216 16.9868 1 83
98.2743 18.3672 1 83
11.7838 97.7647 1 84
10.1968 94.0947 1 84
11.0406 95.9079 1 84
47.7551 8.31994 1 85
47.484 6.33841 1 85
0.835523 57.9941 1 86
1.11129 59.975 1 86
41.2463 10.7705 1 87
4.06661 47.2733 1 88
2.71059 48.7434 1 88
9.16921 25.03 1 89
10.2438 23.3433 1 89
88.349 55.9069 1 90
76.9061 28.0146 1 91
82.4213 81.8008 1 92
80.4235 81.7089 1 92
17.0729 52.106 1 93
15.1524 51.5476 1 93
46.4629 44.9782 1 94
17.2056 18.7872 1 95
2.24885 63.7147 1 96
91.6503 78.2364 1 97
92.3716 76.371 1 97
93.0319 37.0305 1 98
65.7752 94.0478 1 99
63.9173 95.2636 1 99
63.9354 93.2636 1 99
31.7787 62.7126 1 100
76.6884 71.7985 1 101
7.29349 62.9615 1 102
40.2772 18.8806 1 103
19.1443 40.7818 1 104
19.6089 15.9878 1 105
20.497 17.7798 1 105
40.4678 5.70192 1 106
56.7036 97.5315 1 107
55.4419 95.9797 1 107
57.8345 95.8819 1 107
27.9071 96.0225 1 108
20.9287 31.5644 1 109
28.8705 11.2233 1 110
89.1122 23.1333 1 111
59.6655 31.7499 1 112
58.4015 33.2998 1 112
80.8161 34.9789 1 113
97.8626 28.6993 1 114
96.7989 27.0056 1 114
48.2208 28.2552 1 115
19.785 0.591256 1 116
17.4079 82.6675 1 117
22.2906 15.1296 1 118
23.7117 13.7222 1 118
55.2407 15.7583 1 119
65.4823 38.3196 1 120
40.5292 46.9831 1 121
78.2259 33.0872 1 122
76.9126 5.31053 1 123
78.9124 5.34032 1 123
64.0971 72.3546 1 124
29.6265 80.8524 1 125
26.6997 16.6597 1 126
70.3971 98.2 1 127
68.3521 41.0837 1 128
44.0089 4.635 1 129
64.297 50.8781 1 130
88.7955 36.1571 1 131
32.9957 38.8735 1 132
56.7202 19.7678 1 133
58.4781 18.814 1 133
60.469 19.005 1 133
25.7598 89.9339 1 134
95.5803 63.0849 1 135
93.5954 63.3301 1 135
79.6965 72.4219 1 136
79.8212 74.418 1 136
99.9898 38.3995 1 137
98.9818 36.6721 1 137
65.7963 2.90921 1 138
17.5478 15.0232 1 139
98.9569 12.0931 1 140
10.8322 0.47911 1 141
12.6322 1.35087 1 141
60.7341 66.8922 1 142
44.2766 50.8602 1 143
60.5127 76.9027 1 144
9.69029 46.7233 1 145
9.84197 57.5851 1 146
0.63212 13.9652 1 147
98.7262 14.5715 1 147
38.3754 96.8587 1 148
79.5866 25.0486 1 149
61.488 24.032 1 150
35.3759 16.5554 1 151
37.3391 16.9373 1 151
17.8829 62.0287 1 152
17.037 60.2164 1 152
65.9454 32.5359 1 153
45.2462 94.2386 1 154
43.7934 92.8639 1 154
42.0037 91.9713 1 154
87.7083 44.9315 1 155
86.567 46.5739 1 155
21.1765 73.4136 1 156
57.9599 15.1633 1 157
67.3768 50.1718 1 158
69.1457 49.2385 1 158
66.1952 48.5582 1 158
11.7841 85.9285 1 159
1.60935 35.5438 1 160
3.51311 34.9309 1 160
22.1769 81.4503 1 161
66.935 60.93 1 162
57.9047 93.0033 1 163
47.1542 88.6883 1 164
45.38 89.6114 1 164
33.5978 22.1177 1 165
32.7781 23.942 1 165
76.3247 87.6999 1 166
99.6958 96.1916 1 167
1.02428 94.6966 1 167
97.7001 96.3232 1 167
22.9197 28.0386 1 168
25.9615 64.4135 1 169
59.0293 41.5172 1 170
59.9385 43.2986 1 170
57.9504 43.516 1 170
9.18009 35.5772 1 171
33.2299 3.97801 1 172
83.8537 66.6024 1 173
14.63 2.72601 1 174
93.9202 43.1574 1 175
51.9851 96.7719 1 176
35.709 69.7518 1 177
23.0513 61.1221 1 178
73.3141 3.62786 1 179
72.7222 1.71746 1 179
71.0075 0.687919 1 179
34.5569 99.4694 1 180
63.1595 46.833 1 181
64.4047 45.268 1 181
61.2459 47.4147 1 181
68.203 9.51808 1 182
69.4914 7.98838 1 182
15.1159 72.6633 1 183
9.38314 7.22687 1 184
7.62801 8.18579 1 184
9.8306 9.17617 1 184
36.132 43.5638 1 185
73.1492 75.5579 1 186
86.2425 29.0538 1 187
85.2598 30.7957 1 187
87.1102 27.2518 1 187
88.9065 26.3724 1 187
82.6001 55.8262 1 188
94.6682 26.015 1 189
68.3762 3.33342 1 190
70.184 4.18902 1 190
68.3582 30.8507 1 191
51.6087 80.8309 1 192
51.4285 82.8228 1 192
90.4223 33.3894 1 193
75.3442 35.2845 1 194
73.3706 34.9606 1 194
75.9299 33.3721 1 194
37.5485 39.3563 1 195
36.7952 37.5036 1 195
31.4228 74.2005 1 196
13.7513 32.0298 1 197
67.5762 85.143 1 198
69.4053 84.3341 1 198
67.2955 64.8636 1 199
66.8891 66.8219 1 199
94.697 74.8385 1 200
95.6566 73.0837 1 200
24.6708 81.995 1 201
52.3916 29.2867 1 202
78.0552 85.0539 1 203
93.2682 56.8982 1 204
44.5735 76.8397 1 205
44.3219 74.8556 1 205
44.254 78.8141 1 205
82.7269 36.2877 1 206
18.2166 65.3222 1 207
18.8186 67.2294 1 207
72.1912 27.8536 1 208
86.1767 49.8094 1 209
78.4158 53.7069 1 210
72.4624 78.0299 1 211
70.4723 77.8316 1 211
80.669 88.6468 1 212
54.7821 91.6064 1 213
53.6884 89.932 1 213
54.4066 93.5708 1 213
72.9895 45.4286 1 214
44.4491 43.0511 1 215
65.0699 85.1883 1 216
63.1329 85.6862 1 216
28.2988 78.9075 1 217
27.9079 76.946 1 217
26.8591 57.5771 1 218
27.0681 59.5662 1 218
28.9549 58.903 1 218
25.356 60.6 1 218
44.5362 35.4251 1 219
86.5189 16.061 1 220
85.0551 14.6983 1 220
92.3104 95.4271 1 221
94.2198 96.0223 1 221
39.55 62.1551 1 222
63.1755 89.5257 1 223
45.7715 41.2335 1 224
75.3282 61.8862 1 225
56.5753 6.24008 1 226
25.9078 45.4201 1 227
24.2384 44.3187 1 227
2.21755 41.911 1 228
28.8679 17.7482 1 229
96.5298 66.0975 1 230
80.3948 58.1683 1 231
66.4603 28.0643 1 232
59.2628 87.1953 1 233
61.2027 87.682 1 233
4.45601 41.4713 1 234
4.05724 39.5115 1 234
37.5895 31.0157 1 235
35.6642 31.5574 1 235
80.8843 7.55672 1 236
96.6486 38.803 1 237
12.6571 21.6153 1 238
76.4769 24.0161 1 239
75.0859 22.579 1 239
50.4989 1.01494 1 240
41.6243 87.0854 1 241
83.4792 46.0121 1 242
35.789 33.9261 1 243
34.0471 34.9088 1 243
53.0048 18.1734 1 244
53.5697 35.6397 1 245
35.8314 49.6168 1 246
37.1675 48.1286 1 246
3.47087 57.0325 1 247
2.86349 55.127 1 247
66.6068 16.8703 1 248
95.4085 7.41471 1 249
12.6423 38.6624 1 250
12.2414 36.703 1 250
97.3524 58.1257 1 251
98.6971 56.6453 1 251
2.1787 89.9569 1 252
98.1572 82.3343 1 253
97.1749 80.5921 1 253
45.7125 58.5194 1 254
10.3598 63.8418 1 255
59.7736 55.3071 1 256
30.3637 68.6121 1 257
19.9311 50.7664 1 258
7.47807 32.6927 1 259
6.12477 34.1653 1 259
61.847 50.3699 1 260
96.5302 98.8141 1 261
94.5563 98.4917 1 261
42.329 84.4757 1 262
0.960957 76.5382 1 263
1.45949 78.4751 1 263
99.363 77.741 1 263
36.7516 65.6273 1 264
36.5943 0.856654 1 265
57.0213 30.1038 1 266
89.5235 65.3821 1 267
49.3411 34.286 1 268
98.6564 44.5977 1 269
0.452855 43.7187 1 269
9.38171 71.3232 1 270
94.6953 18.6115 1 271
83.4799 92.5574 1 272
82.703 90.7145 1 272
22.1336 78.4833 1 273
21.6267 76.5486 1 273
11.7213 25.3097 1 274
96.2358 16.7618 1 275
96.2258 70.7285 1 276
96.7013 68.7858 1 276
45.3482 15.6244 1 277
81.2338 64.8127 1 278
89.8349 7.98119 1 279
88.9636 6.18097 1 279
91.8337 7.91256 1 279
50.0145 18.6606 1 280
48.3859 17.4998 1 280
66.6417 13.6579 1 281
36.7358 79.9142 1 282
86.3646 69.9133 1 283
85.4352 68.1423 1 283
16.1088 76.0295 1 284
44.1029 13.1449 1 285
39.6072 90.7298 1 286
2.594 11.578 1 287
69.5693 14.4477 1 288
32.0803 33.3102 1 289
85.2886 94.5684 1 290
83.9424 96.0475 1 290
66.4775 53.6526 1 291
3.28196 60.5904 1 292
7.33577 37.1342 1 293
70.6789 30.4931 1 294
20.8769 4.45168 1 295
52.8536 64.2126 1 296
39.9169 71.1556 1 297
43.635 2.13514 1 298
44.518 0.340617 1 298
30.2117 77.2289 1 299
48.2571 64.6817 1 300
7.9689 15.7285 1 301
72.716 59.0242 1 302
56.6466 83.1592 1 303
33.4038 79.5861 1 304
28.0541 85.0347 1 305
87.3288 11.9819 1 306
77.1239 14.2213 1 307
78.4692 0.466286 1 308
31.0924 41.8956 1 309
4.03309 76.4267 1 310
37.5225 14.0355 1 311
21.0854 60.4079 1 312
44.9284 27.1615 1 313
16.7985 39.7476 1 314
15.9347 41.5514 1 314
53.491 58.7996 1 315
97.4813 60.8022 1 316
68.7417 75.036 1 317
69.4199 63.0796 1 318
2.48809 71.8821 1 319
78.5756 87.3818 1 320
37.0962 60.9485 1 321
69.3693 37.3821 1 322
71.3344 37.01 1 322
21.2014 70.1631 1 323
23.3198 97.9303 1 324
37.833 52.7556 1 325
38.9339 22.0357 1 326
69.5635 95.1416 1 327
30.5062 92.3874 1 328
29.7921 94.2556 1 328
61.452 91.4993 1 329
91.1085 61.0064 1 330
89.6548 62.38 1 330
4.71107 53.1889 1 331
3.64747 51.4951 1 331
6.63009 52.6255 1 331
6.22664 50.6666 1 331
2.11863 86.2636 1 332
83.8877 26.6124 1 333
27.233 7.24238 1 334
3.42615 32.7604 1 335
82.5055 13.5926 1 336
76.9455 97.8125 1 337
34.6769 62.3632 1 338
36.5746 62.9947 1 338
31.7633 10.0291 1 339
93.1218 21.7393 1 340
7.14723 60.24 1 341
98.7623 93.4444 1 342
24.1333 88.5516 1 343
21.245 56.8813 1 344
72.2843 40.9587 1 345
72.3017 38.9587 1 345
72.2065 42.9572 1 345
11.4785 78.6166 1 346
9.62281 32.8771 1 347
16.049 5.98932 1 348
14.2458 5.12422 1 348
17.2219 7.60932 1 348
45.6769 64.5728 1 349
12.1146 75.2214 1 350
92.819 80.8925 1 351
18.0904 95.2115 1 352
18.9474 97.0186 1 352
20.1178 44.1473 1 353
87.0177 22.9439 1 354
90.4969 10.8178 1 355
92.4752 11.1119 1 355
74.4824 99.0138 1 356
84.079 58.3475 1 357
26.7473 36.0094 1 358
25.8156 34.2397 1 358
28.3727 34.844 1 358
35.4955 8.17642 1 359
37.4904 8.32 1 359
94.7868 5.26211 1 360
92.8097 4.96073 1 360
96.7442 5.6726 1 360
83.7748 87.4573 1 361
53.1684 47.3244 1 362
86.2238 62.501 1 363
16.0513 86.4023 1 364
15.3861 84.5161 1 364
34.3087 59.9217 1 365
39.9163 85.268 1 366
3.75783 67.0662 1 367
82.7322 21.8937 1 368
54.5065 10.012 1 369
56.0702 11.2589 1 369
60.7935 71.6323 1 370
44.1072 19.7556 1 371
24.1217 5.80406 1 372
64.6185 19.536 1 373
26.9093 38.8116 1 374
81.8996 83.9012 1 375
81.0136 85.6942 1 375
46.7116 52.5803 1 376
77.6581 41.8886 1 377
76.476 40.2754 1 377
27.076 49.7788 1 378
57.6016 53.4608 1 379
59.3569 52.5021 1 379
17.5419 72.9769 1 380
79.815 56.0512 1 381
41.9128 68.6171 1 382
12.3315 62.2046 1 383
14.0881 61.2485 1 383
51.3611 5.24084 1 384
94.5594 87.4236 1 385
44.386 31.6647 1 386
42.2948 99.3221 1 387
29.8915 51.2706 1 388
85.574 39.6477 1 389
94.2781 41.0454 1 390
68.8517 91.7933 1 391
70.3851 93.0773 1 391
82.4678 51.4555 1 392
28.9361 62.5588 1 393
54.6776 44.0476 1 394
26.1582 52.0097 1 395
17.4035 11.8979 1 396
34.0292 76.4054 1 397
8.56894 86.5561 1 398
88.8738 15.1436 1 399
37.7483 92.1383 1 400
36.8854 93.9426 1 400
94.6799 60.9304 1 401
15.8149 95.9045 1 402
13.9837 96.7087 1 402
85.8759 24.7439 1 403
93.4168 54.6753 1 404
67.3328 77.7119 1 405
83.0478 62.4501 1 406
10.5098 52.636 1 407
85.8963 20.7664 1 408
56.085 55.0736 1 409
35.4897 18.703 1 410
86.1446 55.3451 1 411
85.903 53.3598 1 411
38.0356 35.463 1 412
43.7139 9.64154 1 413
45.1323 11.0516 1 413
90.7449 69.2044 1 414
87.6809 67.3015 1 414
88.7567 68.9876 1 414
81.5969 38.7689 1 415
81.2067 28.3876 1 416
37.614 71.8305 1 417
75.5668 2.88265 1 418
98.8885 99.85 1 419
63.4452 28.9946 1 420
63.3058 30.9897 1 420
5.19294 30.7545 1 421
4.65306 82.1989 1 422
56.9571 79.6866 1 423
37.1366 75.279 1 424
69.7265 11.1532 1 425
84.2835 64.0802 1 426
85.9515 65.1839 1 426
24.6066 2.19148 1 427
25.5422 3.95915 1 427
41.7174 94.7797 1 428
21.1686 65.0615 1 429
81.1507 49.3145 1 430
79.1572 66.9348 1 431
62.8296 65.4893 1 432
48.9213 72.6859 1 433
51.426 11.2972 1 434
6.74543 57.4822 1 435
58.6154 1.17894 1 436
14.0771 56.1356 1 437
63.2391 75.0459 1 438
61.2615 74.7472 1 438
50.09 54.9311 1 439
21.0916 90.4017 1 440
19.5913 91.7243 1 440
90.5639 57.263 1 441
54.4325 82.8873 1 442
72.9191 11.4153 1 443
99.6989 31.0336 1 444
32.2723 71.1996 1 445
33.1417 69.3984 1 445
69.3927 33.7922 1 446
35.9414 23.8984 1 447
36.0704 21.9025 1 447
90.251 43.1985 1 448
16.6135 31.8997 1 449
40.6486 97.0488 1 450
72.1694 64.5203 1 451
58.8396 68.8635 1 452
48.9113 56.9598 1 453
50.8892 57.2559 1 453
50.1345 59.108 1 453
52.3641 55.9051 1 453
53.1524 39.2312 1 454
55.7503 2.782 1 455
5.13782 17.0899 1 456
3.233 16.4802 1 456
50.9236 65.0054 1 457
13.7807 65.8922 1 458
15.4877 66.9344 1 458
38.8697 69.0002 1 459
17.1328 78.3319 1 460
83.5992 98.5904 1 461
30.9265 35.6398 1 462
61.7558 53.6422 1 463
74.7916 54.9488 1 464
72.8497 54.4701 1 464
26.6763 9.63052 1 465
73.7192 15.8469 1 466
94.2029 69.1328 1 467
84.3237 71.5886 1 468
93.909 78.4702 1 469
78.9891 45.599 1 470
21.327 86.1491 1 471
20.5949 88.0103 1 471
8.69764 90.2024 1 472
6.7093 90.4179 1 472
35.1439 74.077 1 473
98.4353 85.5162 1 474
91.4768 50.2362 1 475
0.310944 1.48151 1 476
91.9116 46.3634 1 477
40.1166 14.3062 1 478
47.0737 67.8644 1 479
15.8698 37.7513 1 480
17.8586 37.9628 1 480
5.01126 9.23717 1 481
56.2559 39.6327 1 482
15.0886 10.4808 1 483
24.2028 39.8301 1 484
24.4611 41.8134 1 484
50.6077 31.0653 1 485
46.6942 31.7569 1 485
48.6114 31.1876 1 485
42.4112 17.2708 1 486
31.2918 28.8602 1 487
81.0885 41.8784 1 488
54.4678 52.682 1 489
89.3659 47.2537 1 490
5.92106 21.6178 1 491
71.5267 89.7577 1 492
92.9716 16.6722 1 493
63.5272 81.2596 1 494
79.2088 77.1513 1 495
10.8412 14.6689 1 496
14.9879 81.5385 1 497
3.92774 19.3485 1 498
46.3794 36.6802 1 499
26.8388 43.0311 1 500
28.8226 43.2848 1 500
30.281 44.6534 1 500
69.4821 52.7906 1 501
59.2989 45.7838 1 502
9.11219 12.2934 1 503
65.6321 41.5623 1 504
11.4066 4.75226 1 505
9.24299 55.0634 1 506
3.72789 5.71217 1 507
1.7341 5.8697 1 507
57.4436 66.8661 1 508
2.69651 99.8295 1 509
64.4584 9.09762 1 510
66.9899 99.9653 1 511
13.5189 70.7123 1 512
28.401 4.57339 1 513
30.2767 3.8793 1 513
55.6263 23.0578 1 514
52.4359 72.3711 1 515
80.4349 3.17729 1 516
91.6458 0.329918 1 517
79.8753 19.3434 1 518
32.2789 48.5417 1 519
60.6713 82.5041 1 520
75.2719 30.5143 1 521
65.6979 6.98839 1 522
33.2584 19.6032 1 523
54.5613 99.9485 1 524
27.0333 12.8474 1 525
97.4504 2.62303 1 526
93.9569 50.4627 1 527
50.2572 94.8472 1 528
73.1761 92.2172 1 529
74.3933 93.8041 1 529
67.4378 57.0494 1 530
49.5793 79.8831 1 531
13.18 47.7768 1 532
99.7589 66.7839 1 533
55.9925 71.4016 1 534
15.1303 35.702 1 535
47.6437 91.3388 1 536
17.7017 23.9488 1 537
16.1273 22.7154 1 537
90.7953 92.5749 1 538
72.9357 20.7165 1 539
72.3296 18.8105 1 539
11.8401 80.7987 1 540
21.1884 62.9129 1 541
77.7046 62.7095 1 542
79.2909 61.4915 1 542
91.0223 39.9811 1 543
90.3485 38.098 1 543
58.2619 73.0416 1 544
0.445622 47.7359 1 545
88.8898 96.0881 1 546
30.7745 53.7886 1 547
0.750324 80.5768 1 548
61.6678 35.4987 1 549
28.2334 26.3573 1 550
15.2473 29.9103 1 551
99.861 62.7707 1 552
86.6815 81.674 1 553
90.9629 90.0758 1 554
34.2661 86.056 1 555
36.1185 86.8102 1 555
32.908 84.5879 1 555
39.9725 43.249 1 556
37.5303 11.6861 1 557
60.0927 6.70172 1 558
59.5029 35.135 1 559
63.3493 15.7116 1 560
63.2271 17.7079 1 560
34.7113 92.4655 1 561
65.6278 83.1061 1 562
40.0517 33.3975 1 563
26.9675 29.3332 1 564
25.1248 28.5557 1 564
44.0071 24.4845 1 565
42.0784 23.9552 1 565
43.5605 22.535 1 565
11.6629 30.3375 1 566
74.3405 6.95433 1 567
94.387 84.3945 1 568
12.2828 72.5914 1 569
44.8976 39.1563 1 570
25.2321 31.9813 1 571
37.3928 3.8178 1 572
68.2413 24.188 1 573
74.187 37.3506 1 574
85.3612 44.9067 1 575
19.0936 46.583 1 576
87.2217 88.2752 1 577
87.6648 90.2255 1 577
56.6111 61.1744 1 578
20.0512 83.2277 1 579
23.0728 54.5028 1 580
81.4624 78.7713 1 581
9.22245 66.6818 1 582
89.4489 12.9646 1 583
89.2238 83.7882 1 584
40.7023 52.0907 1 585
6.22336 3.66541 1 586
17.751 21.1968 1 587
15.372 89.5648 1 588
81.9658 68.7714 1 589
55.4626 47.8967 1 590
72.6426 96.1873 1 591
47.2651 13.6847 1 592
51.0023 88.5627 1 593
73.9134 25.6835 1 594
40.8255 36.9273 1 595
26.4632 54.4828 1 596
55.0881 88.2578 1 597
46.7462 2.72853 1 598
88.9908 53.4351 1 599
47.5871 24.3208 1 600
49.5785 24.5065 1 600
96.1377 22.0504 1 601
97.8137 20.959 1 601
20.5313 25.8958 1 602
9.86556 74.369 1 603
9.7524 76.3658 1 603
72.6696 84.5967 1 604
73.9374 51.1708 1 605
68.0067 43.5034 1 606
68.8479 45.3179 1 606
29.3318 47.3391 1 607
45.279 81.6788 1 608
69.0581 80.1328 1 609
86.3268 84.3719 1 610
23.0647 46.4008 1 611
22.5607 37.3951 1 612
34.3854 40.6308 1 613
88.3419 72.3001 1 614
92.4614 13.545 1 615
74.8679 14.0498 1 616
15.9181 27.0063 1 617
4.54145 72.0314 1 618
68.4238 18.8654 1 619
62.1493 99.7236 1 620
71.3609 47.759 1 621
8.29437 2.21502 1 622
20.7016 7.53983 1 623
87.9884 38.9273 1 624
42.5998 64.1896 1 625
12.4889 58.2081 1 626
11.626 60.0124 1 626
24.4144 10.8597 1 627
12.871 94.3722 1 628
12.6306 83.0123 1 629
6.25973 95.3365 1 630
82.3265 31.3274 1 631
53.5427 33.4461 1 632
51.656 34.1097 1 632
75.136 69.8074 1 633
73.6975 71.1969 1 633
44.8498 60.8481 1 634
43.3817 59.4899 1 634
85.1249 10.5083 1 635
86.8834 9.55562 1 635
76.5501 52.0628 1 636
64.9486 21.9517 1 637
93.6216 66.2681 1 638
48.4697 60.5142 1 639
17.8832 56.5539 1 640
47.3545 83.266 1 641
31.4223 6.97158 1 642
90.9619 18.2349 1 643
89.0472 17.6573 1 643
11.2312 91.3805 1 644
30.0543 20.537 1 645
12.8843 52.8965 1 646
98.6412 40.339 1 647
81.1435 95.3755 1 648
76.7504 48.0155 1 649
74.9029 48.7816 1 649
23.5463 73.0042 1 650
46.6755 98.756 1 651
9.70435 83.0815 1 652
19.9025 34.446 1 653
6.39176 44.5381 1 654
52.1852 2.29602 1 655
56.5406 27.0016 1 656
25.7931 75.5133 1 657
15.6825 98.6135 1 658
14.2852 0.0444072 1 658
4.84277 0.759851 1 659
5.0241 69.4567 1 660
81.1792 98.8149 1 661
58.5201 98.7129 1 662
45.2962 71.1983 1 663
41.9368 28.192 1 664
28.7648 30.2501 1 665
32.1399 12.6601 1 666
37.6282 58.3487 1 667
6.6408 74.9406 1 668
37.9655 83.0313 1 669
36.7392 84.6113 1 669
60.1044 22.0241 1 670
63.7043 34.5867 1 671
22.3438 92.3783 1 672
64.6238 24.2587 1 673
42.461 43.9375 1 674
54.12 77.4498 1 675
77.6171 79.1401 1 676
25.4735 47.8431 1 677
2.34318 74.502 1 678
53.5585 50.3774 1 679
8.94027 18.6576 1 680
80.2112 22.5767 1 681
34.6139 45.2725 1 682
4.13183 96.9484 1 683
63.5946 59.7525 1 684
32.7511 54.5633 1 685
45.2837 54.683 1 686
30.0951 90.0431 1 687
29.024 88.3541 1 687
7.1818 28.6453 1 688
99.0244 54.6322 1 689
84.715 79.7994 1 690
81.3554 44.5407 1 691
66.3063 35.0269 1 692
94.6628 10.3521 1 693
94.109 30.2924 1 694
77.8661 10.1621 1 695
45.3322 84.1443 1 696
10.3211 27.7343 1 697
35.0837 81.6529 1 698
31.4533 65.8278 1 699
40.4717 8.64798 1 700
64.1259 79.0219 1 701
73.8532 86.5115 1 702
13.972 24.2802 1 703
96.571 54.0745 1 704
95.6606 55.8553 1 704
82.0534 9.66623 1 705
48.3005 86.4127 1 706
37.2724 89.5477 1 707
77.5481 59.1648 1 708
67.8334 97.079 1 709
85.8363 37.0058 1 710
77.2023 75.4633 1 711
61.1507 33.4187 1 712
98.1295 8.53572 1 713
83.6487 74.6836 1 714
88.2847 79.1475 1 715
65.8268 11.6017 1 716
75.3367 74.0164 1 717
24.8306 8.56535 1 718
74.3993 80.7565 1 719
75.2319 10.949 1 720
18.9319 75.6634 1 721
29.838 22.685 1 722
17.9039 2.89348 1 723
8.36163 96.519 1 724
48.9451 38.7644 1 725
91.5593 98.1547 1 726
54.7526 74.289 1 727
74.444 77.3406 1 728
79.4721 11.9313 1 729
75.541 8.7624 1 730
13.3853 17.7356 1 731
0.527057 69.8606 1 732
58.1964 4.07824 1 733
51.4002 76.6857 1 734
2.24939 2.69462 1 735
36.1529 56.3394 1 736
34.798 12.1763 1 737
23.5381 51.9293 1 738
40.6606 59.0428 1 739
44.9499 86.4581 1 740
64.4715 99.5018 1 741
82.1101 24.7228 1 742
86.4668 34.7172 1 743
4.13551 14.4005 1 744
88.449 59.4206 1 745
91.8391 83.8988 1 746
41.0069 2.23564 1 747
26.8212 99.6742 1 748
9.57876 48.7746 1 749
11.0842 50.0912 1 749
49.8001 69.2922 1 750
93.4386 23.7818 1 751
93.7979 90.7894 1 752
32.0441 15.0772 1 753
69.0835 70.495 1 754
12.7347 12.6014 1 755
49.958 8.4773 1 756
93.0797 2.70704 1 757
16.5076 64.2732 1 758
12.9327 43.3559 1 759
52.8478 14.7073 1 760
78.0394 69.7869 1 761
6.8242 66.6113 1 762
22.0575 10.7263 1 763
23.1457 65.8416 1 764
77.0253 82.9577 1 765
24.818 57.4207 1 766
83.866 19.0946 1 767
96.1202 31.2978 1 768
40.4461 39.4764 1 769
84.2316 29.0112 1 770
54.9525 80.4153 1 771
44.9462 7.65694 1 772
55.894 41.745 1 773
38.7897 27.2641 1 774
39.7823 99.5231 1 775
79.7162 91.0827 1 776
33.6695 26.0288 1 777
87.9226 86.3257 1 778
78.7909 38.2809 1 779
39.0724 74.5441 1 780
51.743 45.8613 1 781
54.9748 62.5765 1 782
23.3687 17.9256 1 783
31.0573 83.2538 1 784
44.0509 96.6025 1 785
54.5304 20.8206 1 786
7.26458 46.5729 1 787
4.66396 91.7202 1 788
42.759 61.9806 1 789
34.4964 51.7671 1 790
