18.0263 28.0296 1 1
71.4935 6.65323 1 2
63.0874 26.6261 1 3
61.5017 27.8449 1 3
58.2521 49.7663 1 4
58.3977 47.7716 1 4
48.5443 47.9565 1 5
97.653 50.3 1 6
0.976731 22.3493 1 7
2.23635 23.9028 1 7
16.4934 43.5548 1 8
24.4421 23.7262 1 9
23.3939 25.4295 1 9
7.03571 72.3122 1 10
0.122318 72.5223 1 11
98.2713 71.7648 1 11
86.9908 74.867 1 12
58.1887 64.4927 1 13
59.6342 63.1105 1 13
27.2852 69.7619 1 14
27.4889 71.7515 1 14
41.9181 72.4009 1 15
61.4284 57.4476 1 16
77.0212 17.6815 1 17
76.5365 19.6219 1 17
77.7826 21.1862 1 17
53.9317 67.3498 1 18
85.2647 76.3132 1 19
91.4788 28.6285 1 20
91.4911 26.6286 1 20
10.5091 41.1497 1 21
8.84371 40.0423 1 21
6.68096 85.4245 1 22
14.2321 15.9237 1 23
13.3853 17.7356 1 23
28.0418 65.3301 1 24
69.2751 65.6326 1 25
56.895 36.2994 1 26
56.9833 90.2632 1 27
29.4023 99.1689 1 28
7.36493 80.9412 1 29
9.27571 80.3505 1 29
7.92606 78.8746 1 29
7.18507 82.9331 1 29
52.3888 68.874 1 30
63.3588 2.21548 1 31
62.782 4.1305 1 31
99.2329 3.87086 1 32
32.3576 87.4662 1 33
30.4783 86.7816 1 33
25.4561 19.3069 1 34
24.7197 21.1664 1 34
26.7133 21.3255 1 34
92.5926 73.0913 1 35
89.3998 75.3155 1 35
90.7314 73.8232 1 35
90.9485 71.835 1 35
99.3517 88.6352 1 36
97.3527 88.699 1 36
11.1078 89.2086 1 37
12.9256 88.3746 1 37
3.25328 79.6749 1 38
40.781 78.9553 1 39
41.2085 77.0015 1 39
68.2493 89.1962 1 40
66.7284 90.495 1 40
65.6503 88.8104 1 40
33.6468 94.6235 1 41
85.5268 91.4456 1 42
72.1872 23.3542 1 43
17.1464 69.027 1 44
78.1654 93.4526 1 45
48.6262 77.8511 1 46
69.4236 21.4152 1 47
56.721 76.5893 1 48
98.5827 47.0026 1 49
0.443515 47.7356 1 49
32.2018 99.4657 1 50
50.4263 36.7459 1 51
59.5808 84.9144 1 52
19.7534 80.7512 1 53
37.5061 45.7224 1 54
26.7799 93.2588 1 55
24.8652 93.8367 1 55
42.5165 54.0271 1 56
43.3345 55.8522 1 56
70.7627 60.4646 1 57
88.4736 2.68061 1 58
6.84185 26.4919 1 59
84.7251 6.19392 1 60
72.122 68.2472 1 61
15.6065 46.8424 1 62
70.4374 55.0235 1 63
1.50645 8.26838 1 64
90.9089 87.2827 1 65
5.03129 12.294 1 66
70.1043 57.9472 1 67
58.5992 10.3656 1 68
60.2516 9.23891 1 68
54.913 31.3914 1 69
75.6988 67.0125 1 70
76.5023 65.181 1 70
49.2428 45.7316 1 71
66.158 71.033 1 72
58.514 38.6945 1 73
10.3899 21.0562 1 74
84.3598 3.567 1 75
84.9388 1.65264 1 75
8.7744 30.7283 1 76
31.4552 26.5818 1 77
71.4858 72.2085 1 78
0.400907 26.261 1 79
32.161 97.1527 1 80
59.0655 23.8684 1 81
24.4454 77.9424 1 82
99.7046 16.9181 1 83
98.2574 18.2985 1 83
11.7382 97.7768 1 84
10.1511 94.1067 1 84
10.995 95.92 1 84
47.7518 8.24924 1 85
47.4806 6.2677 1 85
0.767047 57.9762 1 86
1.04282 59.9571 1 86
41.3831 10.8071 1 87
4.0221 47.2183 1 88
2.66609 48.6884 1 88
9.23515 25.0558 1 89
10.3097 23.369 1 89
88.2757 55.7858 1 90
76.9945 27.904 1 91
82.3946 81.8663 1 92
80.3967 81.7744 1 92
17.0845 52.0361 1 93
15.164 51.4778 1 93
46.6045 44.9801 1 94
17.2575 18.6555 1 95
2.22854 63.5746 1 96
91.6218 78.3012 1 97
92.3431 76.4358 1 97
93.1367 36.9353 1 98
65.7345 94.0239 1 99
63.8766 95.2396 1 99
63.8947 93.2397 1 99
31.8867 62.6211 1 100
76.7112 71.6587 1 101
7.21923 62.841 1 102
40.1573 18.8054 1 103
19.0111 40.7338 1 104
19.554 16.0325 1 105
20.4421 17.8246 1 105
40.4418 5.56277 1 106
56.6828 97.4892 1 107
55.4211 95.9373 1 107
57.8137 95.8396 1 107
27.8985 96.1638 1 108
21.0416 31.6497 1 109
28.9883 11.3017 1 110
89.1837 23.0112 1 111
59.7271 31.7848 1 112
58.463 33.3347 1 112
80.9017 35.0916 1 113
97.8454 28.6306 1 114
96.7818 26.9369 1 114
48.11 28.1671 1 115
19.6436 0.583238 1 116
17.5322 82.7352 1 117
22.2724 15.1979 1 118
23.6935 13.7906 1 118
55.1896 15.8903 1 119
65.3615 38.3933 1 120
40.3876 46.9863 1 121
78.2902 32.9611 1 122
76.8575 5.26619 1 123
78.8572 5.29598 1 123
64.0401 72.2251 1 124
29.4856 80.8666 1 125
26.7226 16.52 1 126
70.5308 98.2466 1 127
68.4511 40.9825 1 128
43.912 4.73822 1 129
64.1738 50.8083 1 130
88.6568 36.1855 1 131
32.9212 38.7532 1 132
56.7669 19.7612 1 133
58.5248 18.8074 1 133
60.5157 18.9984 1 133
25.6498 90.0231 1 134
95.5874 63.1553 1 135
93.6025 63.4005 1 135
79.7563 72.3841 1 136
79.881 74.3802 1 136
99.9194 38.3925 1 137
98.9113 36.6651 1 137
65.915 2.98643 1 138
17.6335 14.9105 1 139
99.0982 12.0833 1 140
10.8173 0.409914 1 141
12.6173 1.28167 1 141
60.6964 66.7558 1 142
44.1698 50.7673 1 143
60.6533 76.9197 1 144
9.81007 46.788 1 145
9.57876 48.7746 1 145
11.0842 50.0912 1 145
9.89334 57.4532 1 146
0.672604 14.0233 1 147
98.7667 14.6296 1 147
38.2651 96.9475 1 148
79.4941 24.9414 1 149
61.3596 23.9725 1 150
35.3069 16.5398 1 151
37.2701 16.9217 1 151
17.8122 62.0247 1 152
16.9664 60.2123 1 152
66.0824 32.5001 1 153
45.2674 94.1964 1 154
43.8147 92.8218 1 154
42.025 91.9291 1 154
87.6932 45.0007 1 155
86.5519 46.643 1 155
21.0641 73.4997 1 156
58.0187 15.2922 1 157
67.4146 50.1436 1 158
69.1835 49.2103 1 158
66.2331 48.5299 1 158
11.8122 86.0672 1 159
1.56867 35.4859 1 160
3.47243 34.873 1 160
22.3082 81.3974 1 161
66.997 61.0572 1 162
57.942 93.1399 1 163
47.1014 88.7354 1 164
45.3272 89.6585 1 164
33.58 22.0492 1 165
32.7603 23.8735 1 165
76.3559 87.5618 1 166
99.6503 96.1789 1 167
0.978818 94.6839 1 167
97.6546 96.3106 1 167
22.9273 27.8973 1 168
26.054 64.5206 1 169
59.0371 41.5637 1 170
59.9464 43.3451 1 170
57.9582 43.5625 1 170
9.27622 35.6812 1 171
33.0992 4.0323 1 172
83.9938 66.5823 1 173
14.5828 2.85947 1 174
93.8442 43.038 1 175
94.2119 41.0721 1 175
52.124 96.7446 1 176
35.5674 69.7526 1 177
23.1774 61.1865 1 178
73.2718 3.60694 1 179
72.6799 1.69654 1 179
70.9652 0.667003 1 179
34.6884 99.5217 1 180
63.2065 46.8286 1 181
64.4517 45.2636 1 181
61.2929 47.4103 1 181
68.232 9.58265 1 182
69.5204 8.05295 1 182
15.0548 72.791 1 183
9.41453 7.19163 1 184
7.6594 8.15055 1 184
9.86198 9.14094 1 184
36.0219 43.4748 1 185
73.0914 75.687 1 186
86.2304 29.0829 1 187
85.2477 30.8249 1 187
87.0981 27.281 1 187
88.8944 26.4015 1 187
84.2316 29.0112 1 187
82.5999 55.9677 1 188
94.6852 26.1556 1 189
68.4278 3.38192 1 190
70.2355 4.23752 1 190
68.2607 30.748 1 191
51.5624 80.7774 1 192
51.3822 82.7692 1 192
90.3221 33.4894 1 193
75.2981 35.2944 1 194
73.3244 34.9706 1 194
75.8837 33.3821 1 194
37.5213 39.4217 1 195
36.7681 37.5689 1 195
31.2859 74.2367 1 196
13.7704 32.1701 1 197
67.5074 85.1262 1 198
69.3366 84.3173 1 198
67.2768 64.9318 1 199
66.8705 66.8901 1 199
94.6746 74.7714 1 200
95.6341 73.0166 1 200
24.7612 81.886 1 201
52.266 29.2215 1 202
78.1902 85.0114 1 203
93.2308 57.0347 1 204
44.531 76.8604 1 205
44.2794 74.8763 1 205
44.2116 78.8347 1 205
82.6258 36.1886 1 206
18.2273 65.3922 1 207
18.8293 67.2994 1 207
16.6097 64.2161 1 207
72.1099 27.9695 1 208
86.1079 49.9331 1 209
78.5283 53.7929 1 210
72.4916 77.9654 1 211
70.5015 77.7671 1 211
80.6713 88.7884 1 212
54.8144 91.572 1 213
53.7206 89.8976 1 213
54.4389 93.5364 1 213
72.9256 45.3023 1 214
44.3137 43.0922 1 215
42.5007 43.9368 1 215
65.1042 85.1263 1 216
63.1671 85.6242 1 216
28.2613 78.9675 1 217
27.8704 77.0061 1 217
26.8314 57.5551 1 218
27.0403 59.5442 1 218
28.9272 58.881 1 218
25.3282 60.578 1 218
44.6777 35.4207 1 219
86.5883 16.047 1 220
85.1244 14.6843 1 220
92.3656 95.4715 1 221
94.275 96.0666 1 221
39.6771 62.0927 1 222
63.317 89.5218 1 223
45.9076 41.1945 1 224
75.2007 61.8246 1 225
56.5506 6.10069 1 226
25.8452 45.387 1 227
24.1758 44.2856 1 227
2.08031 41.9457 1 228
28.9335 17.8736 1 229
96.4344 66.2021 1 230
80.2655 58.1107 1 231
66.4906 28.2026 1 232
59.2945 87.2586 1 233
61.2344 87.7453 1 233
4.4732 41.54 1 234
4.07442 39.5801 1 234
37.6602 31.0183 1 235
35.735 31.56 1 235
80.7516 7.50721 1 236
96.6543 38.6616 1 237
12.7614 21.711 1 238
76.5233 24.0695 1 239
75.1324 22.6324 1 239
50.5766 1.10757 1 240
52.1852 2.29602 1 240
41.7652 87.0715 1 241
83.5149 45.8751 1 242
85.307 44.9872 1 242
35.7918 33.8554 1 243
34.0499 34.8381 1 243
53.1464 18.1757 1 244
53.5845 35.4989 1 245
35.9022 49.6163 1 246
37.2383 48.128 1 246
3.40266 57.0514 1 247
2.79527 55.1459 1 247
66.7156 16.7798 1 248
95.5413 7.4635 1 249
12.6818 38.6037 1 250
12.2809 36.6443 1 250
97.3716 58.0887 1 251
98.7164 56.6083 1 251
99.0244 54.6322 1 251
2.2958 89.8774 1 252
98.0888 82.3523 1 253
97.1065 80.6101 1 253
45.8203 58.6111 1 254
10.242 63.9203 1 255
59.834 55.4352 1 256
30.2363 68.6738 1 257
19.8355 50.8708 1 258
7.54656 32.7105 1 259
6.19326 34.1831 1 259
9.54098 32.8599 1 259
61.8457 50.5115 1 260
96.5444 98.8834 1 261
94.5705 98.5611 1 261
42.2512 84.3574 1 262
0.921967 76.5648 1 263
1.4205 78.5017 1 263
99.324 77.7675 1 263
36.8278 65.7466 1 264
36.4716 0.927308 1 265
57.1607 30.128 1 266
89.6607 65.4168 1 267
49.3785 34.4225 1 268
98.5869 44.6109 1 269
0.383301 43.7318 1 269
9.35628 71.1839 1 270
94.6355 18.7399 1 271
83.5477 92.5775 1 272
82.7708 90.7345 1 272
22.0973 78.4225 1 273
21.5903 76.4878 1 273
11.8244 25.4067 1 274
96.1148 16.8353 1 275
96.2121 70.659 1 276
96.6876 68.7164 1 276
45.4731 15.6909 1 277
81.2672 64.9502 1 278
89.7948 8.00599 1 279
88.9234 6.20577 1 279
91.7936 7.93736 1 279
50.0709 18.7034 1 280
48.4423 17.5425 1 280
66.7599 13.5799 1 281
36.6701 80.0396 1 282
86.4056 69.971 1 283
85.4762 68.2 1 283
15.9887 76.1043 1 284
44.0219 13.261 1 285
39.7435 90.6918 1 286
2.64062 11.4443 1 287
69.5938 14.5871 1 288
32.2203 33.3311 1 289
85.3299 94.5109 1 290
83.9837 95.99 1 290
66.4956 53.5122 1 291
3.14063 60.5822 1 292
7.301 36.997 1 293
70.5395 30.5179 1 294
21.0132 4.41343 1 295
52.9951 64.2179 1 296
39.9735 71.0258 1 297
43.5688 2.16002 1 298
44.4518 0.365505 1 298
30.334 77.1576 1 299
48.1474 64.7711 1 300
7.86908 15.8289 1 301
72.6519 58.898 1 302
56.5336 83.0739 1 303
33.4973 79.6924 1 304
28.0479 85.1761 1 305
87.2156 12.0669 1 306
77.2419 14.143 1 307
78.5709 0.564781 1 308
30.9864 41.8018 1 309
4.04716 76.5676 1 310
37.4014 13.9622 1 311
21.1906 60.5025 1 312
44.8633 27.0358 1 313
16.7502 39.6958 1 314
15.8864 41.4997 1 314
15.8213 37.7883 1 314
17.8101 37.9998 1 314
53.4457 58.9337 1 315
97.4658 60.943 1 316
68.8567 74.9534 1 317
69.5611 63.0887 1 318
2.42223 71.7568 1 319
78.7114 87.3416 1 320
37.1303 61.0734 1 321
34.6769 62.3632 1 321
36.5746 62.9947 1 321
69.2985 37.38 1 322
71.2636 37.008 1 322
21.2922 70.2717 1 323
23.2503 98.0537 1 324
37.7861 52.622 1 325
39.0315 22.1383 1 326
69.5722 95.2829 1 327
30.518 92.4572 1 328
29.8039 94.3254 1 328
61.4574 91.3578 1 329
91.0377 61.0077 1 330
89.584 62.3813 1 330
4.6772 53.1991 1 331
3.6136 51.5054 1 331
6.59622 52.6358 1 331
6.19276 50.6769 1 331
2.05826 86.3917 1 332
83.7465 26.6228 1 333
27.1996 7.37995 1 334
3.32997 32.6566 1 335
82.3782 13.6545 1 336
77.0724 97.8754 1 337
31.6478 9.94716 1 338
93.0903 21.6013 1 339
7.28223 60.1974 1 340
98.6211 93.4547 1 341
24.133 88.6932 1 342
21.2309 57.0222 1 343
72.3052 41.001 1 344
72.3226 39.0011 1 344
72.2273 42.9995 1 344
11.6169 78.6466 1 345
16.049 5.98932 1 346
14.2458 5.12422 1 346
17.2219 7.60932 1 346
45.6573 64.4326 1 347
12.2513 75.1847 1 348
92.7294 81.0022 1 349
18.0384 95.2595 1 350
18.8954 97.0666 1 350
20.2549 44.1118 1 351
87.051 22.8063 1 352
90.4335 10.7864 1 353
92.4117 11.0805 1 353
74.3488 98.9671 1 354
83.9904 58.2371 1 355
26.7076 35.9839 1 356
25.7758 34.2142 1 356
28.333 34.8185 1 356
35.554 8.13657 1 357
37.5489 8.28015 1 357
94.7995 5.30754 1 358
92.8224 5.00617 1 358
96.757 5.71803 1 358
83.8677 87.3505 1 359
53.2888 47.2499 1 360
51.7995 45.915 1 360
86.1268 62.3979 1 361
15.9833 86.3824 1 362
15.3182 84.4962 1 362
34.2548 60.0526 1 363
39.7784 85.3001 1 364
3.86522 66.9739 1 365
82.873 21.9086 1 366
54.4394 9.98942 1 367
56.0032 11.2363 1 367
60.8219 71.4936 1 368
44 19.6631 1 369
24.0578 5.93039 1 370
64.5417 19.417 1 371
26.7793 38.8677 1 372
81.8375 83.9351 1 373
80.9514 85.7281 1 373
46.8491 52.614 1 374
77.6471 41.9585 1 375
76.465 40.3453 1 375
27.2175 49.7759 1 376
57.5933 53.3905 1 377
59.3486 52.4318 1 377
17.6427 73.0764 1 378
79.8975 55.9362 1 379
41.9207 68.7584 1 380
12.2607 62.2043 1 381
14.0174 61.2482 1 381
51.2198 5.24997 1 382
94.4188 87.4403 1 383
44.4149 31.8033 1 384
42.2868 99.1808 1 385
29.9994 51.1789 1 386
85.7111 39.683 1 387
68.8517 91.7933 1 388
70.3851 93.0773 1 388
82.4055 51.5826 1 389
28.9581 62.419 1 390
54.5644 44.1327 1 391
26.2637 51.9153 1 392
17.3642 11.7619 1 393
33.9204 76.4959 1 394
8.54574 86.4164 1 395
88.8644 15.0024 1 396
89.4656 13.0949 1 396
37.7237 92.2047 1 397
36.8608 94.0089 1 397
94.6314 61.0634 1 398
15.778 95.844 1 399
13.9468 96.6482 1 399
85.7419 24.6983 1 400
93.4986 54.5597 1 401
67.4029 77.8349 1 402
83.1136 62.3247 1 403
10.3975 52.7222 1 404
85.8723 20.9059 1 405
56.11 55.2129 1 406
35.3621 18.7644 1 407
86.2138 55.3601 1 408
85.9722 53.3747 1 408
37.8998 35.4228 1 409
43.7836 9.62928 1 410
45.202 11.0393 1 410
90.7804 69.1733 1 411
87.7164 67.2704 1 411
88.7921 68.9564 1 411
81.7369 38.7894 1 412
81.257 28.52 1 413
37.6594 71.9646 1 414
75.6828 2.96379 1 415
99.0194 99.9038 1 416
0.335616 1.40969 1 416
63.3928 28.947 1 417
63.2533 30.9421 1 417
5.30928 30.8351 1 418
4.52583 82.261 1 419
56.8332 79.7351 1 420
54.9525 80.4153 1 420
37.2054 75.2612 1 421
39.0724 74.5441 1 421
69.7765 11.0207 1 422
84.3454 64.0459 1 423
86.0133 65.1495 1 423
24.5539 2.14418 1 424
25.4895 3.91185 1 424
41.707 94.6385 1 425
21.1218 65.1951 1 426
81.0094 49.3222 1 427
79.2988 66.9322 1 428
62.6891 65.5067 1 429
48.997 72.5663 1 430
51.5674 11.292 1 431
6.66742 57.364 1 432
58.5323 1.06434 1 433
13.9863 56.2443 1 434
63.255 75.1149 1 435
61.2774 74.8162 1 435
49.9719 54.853 1 436
21.1045 90.3321 1 437
19.6042 91.6547 1 437
90.6982 57.3078 1 438
54.3969 82.7503 1 439
73.0539 11.372 1 440
99.8281 31.0915 1 441
32.3135 71.2572 1 442
33.1828 69.456 1 442
69.252 33.7768 1 443
36.011 23.8854 1 444
36.14 21.8896 1 444
90.3132 43.0713 1 445
16.6739 32.0277 1 446
40.7414 96.9419 1 447
72.0765 64.4134 1 448
58.8272 69.0046 1 449
48.8948 56.9284 1 450
50.8728 57.2245 1 450
50.1181 59.0767 1 450
52.3477 55.8737 1 450
53.2927 39.2122 1 451
55.8456 2.88673 1 452
5.08108 17.0476 1 453
3.17627 16.4379 1 453
50.9624 64.8692 1 454
13.8346 65.8464 1 455
15.5416 66.8886 1 455
39.0016 68.9489 1 456
17.0781 78.4625 1 457
83.6873 98.4796 1 458
31.0554 35.6983 1 459
61.6347 53.5688 1 460
74.8509 54.9101 1 461
72.909 54.4314 1 461
26.56 9.5699 1 462
24.8306 8.56535 1 462
73.5969 15.918 1 463
94.0766 69.1967 1 464
84.1853 71.5589 1 465
93.7774 78.4179 1 466
78.9339 45.7294 1 467
21.3949 86.1692 1 468
20.6628 88.0304 1 468
8.75564 90.2429 1 469
6.76729 90.4585 1 469
35.2799 74.0376 1 470
98.2955 85.539 1 471
91.5406 50.1098 1 472
91.9116 46.3634 1 473
40.0475 14.1826 1 474
46.9397 67.91 1 475
5.01126 9.23717 1 476
56.2736 39.7731 1 477
55.8912 41.7362 1 477
14.9487 10.4594 1 478
24.1407 39.7962 1 479
24.3989 41.7794 1 479
50.6427 31.0336 1 480
46.7291 31.7253 1 480
48.6464 31.1559 1 480
42.5423 17.2175 1 481
31.2831 29.0015 1 482
80.9477 41.8937 1 483
54.5367 52.8056 1 484
89.4263 47.3817 1 485
5.82076 21.7177 1 486
71.4414 89.8707 1 487
93.1123 16.6875 1 488
63.6508 81.1905 1 489
79.0888 77.0763 1 490
10.7004 14.6832 1 491
14.8468 81.5495 1 492
3.82177 19.4423 1 493
46.2665 36.7656 1 494
26.8053 42.9978 1 495
28.7892 43.2515 1 495
30.2476 44.6201 1 495
69.3454 52.7538 1 496
59.3915 45.8909 1 497
9.25359 12.3001 1 498
65.5703 41.435 1 499
11.3276 4.86976 1 500
9.32069 55.1817 1 501
3.76716 5.77105 1 502
1.77338 5.92858 1 502
57.5463 66.9635 1 503
2.67866 99.6891 1 504
64.5619 9.001 1 505
67.1306 99.9815 1 506
13.472 70.8459 1 507
28.441 4.63179 1 508
30.3167 3.9377 1 508
55.6115 23.1986 1 509
52.4376 72.2295 1 510
80.5532 3.25502 1 511
91.528 0.251419 1 512
79.9822 19.2507 1 513
32.1381 48.5555 1 514
60.558 82.589 1 515
75.1354 30.5518 1 516
65.8217 6.91975 1 517
33.157 19.5045 1 518
54.5717 99.8073 1 519
27.0816 12.7143 1 520
97.5905 2.60272 1 521
93.8224 50.5068 1 522
50.3882 94.9007 1 523
73.181 92.1466 1 524
74.3982 93.7335 1 524
67.3071 56.995 1 525
49.6847 79.7886 1 526
13.3003 47.7023 1 527
99.8853 66.7202 1 528
56.1296 71.366 1 529
15.1972 35.5772 1 530
47.5094 91.3835 1 531
17.7708 23.9639 1 532
16.1965 22.7304 1 532
90.7244 92.6974 1 533
72.9244 20.7863 1 534
72.3183 18.8804 1 534
11.829 80.6576 1 535
21.0471 62.9213 1 536
77.6743 62.7734 1 537
79.2606 61.5554 1 537
90.9575 40.0097 1 538
90.2837 38.1266 1 538
58.1676 72.9361 1 539
88.8898 96.0881 1 540
30.6471 53.8503 1 541
0.702318 80.4436 1 542
61.7846 35.4187 1 543
63.6216 34.628 1 543
28.2939 26.4853 1 544
15.2794 30.0481 1 545
99.7293 62.8226 1 546
86.8104 81.6156 1 547
91.087 90.1439 1 548
34.3133 86.0555 1 549
36.1657 86.8096 1 549
32.9552 84.5874 1 549
40.1139 43.2428 1 550
37.5377 11.5448 1 551
59.9674 6.63584 1 552
59.3737 35.193 1 553
63.3699 15.7794 1 554
63.2476 17.7756 1 554
34.8406 92.408 1 555
65.7182 83.2151 1 556
39.9231 33.3385 1 557
26.9871 29.3336 1 558
25.1444 28.5561 1 558
28.7648 30.2501 1 558
44.0391 24.4498 1 559
42.1104 23.9206 1 559
43.5926 22.5003 1 559
11.7675 30.4329 1 560
74.2459 6.84905 1 561
94.4691 84.5098 1 562
12.3408 72.7205 1 563
44.9831 39.2691 1 564
25.271 31.8452 1 565
37.5031 3.72908 1 566
68.3752 24.1422 1 567
74.0508 37.312 1 568
19.0936 46.583 1 569
87.2486 88.2098 1 570
87.6917 90.16 1 570
56.6035 61.0331 1 571
20.0455 83.0862 1 572
23.1718 54.604 1 573
81.35 78.8575 1 574
9.15344 66.8054 1 575
89.2238 83.7882 1 576
40.8396 52.1252 1 577
6.35513 3.61366 1 578
17.728 21.0571 1 579
15.4909 89.4881 1 580
81.9321 68.9089 1 581
55.5423 48.0137 1 582
72.662 96.0471 1 583
47.4041 13.7116 1 584
50.8876 88.4798 1 585
73.78 25.6363 1 586
40.686 36.9514 1 587
26.3485 54.3998 1 588
55.1504 88.3849 1 589
46.7376 2.86983 1 590
89.0864 53.3307 1 591
47.6023 24.2516 1 592
49.5936 24.4373 1 592
96.0679 22.062 1 593
97.7439 20.9706 1 593
20.4662 25.7701 1 594
9.91383 74.3172 1 595
9.80067 76.314 1 595
72.5603 84.5067 1 596
73.8282 51.2608 1 597
68.0002 43.5739 1 598
68.8413 45.3884 1 598
29.1915 47.3577 1 599
45.3085 81.8173 1 600
69.0865 80.2715 1 601
86.4667 84.3503 1 602
23.2058 46.4121 1 603
22.6121 37.527 1 604
34.4794 40.7366 1 605
88.4108 72.4238 1 606
92.5087 13.4115 1 607
74.9196 13.9179 1 608
15.7786 27.0303 1 609
4.48224 71.9029 1 610
68.5207 18.9686 1 611
62.2423 99.8303 1 612
71.2285 47.7089 1 613
8.35103 2.34474 1 614
20.7349 7.40225 1 615
88.0953 39.0201 1 616
42.5511 64.3225 1 617
12.4681 58.1405 1 618
11.6052 59.9448 1 618
24.4523 10.9961 1 619
12.8245 94.2384 1 620
12.6701 82.8764 1 621
6.31749 95.4658 1 622
82.4504 31.2588 1 623
53.4917 33.4952 1 624
51.605 34.1588 1 624
75.118 69.8758 1 625
73.6795 71.2653 1 625
44.8074 60.9047 1 626
43.3393 59.5465 1 626
85.1956 10.5108 1 627
86.9542 9.55816 1 627
76.4094 52.0467 1 628
65.0109 22.0788 1 629
93.6795 66.1389 1 630
48.3527 60.4346 1 631
17.7417 56.5519 1 632
47.2484 83.1723 1 633
31.5254 7.06857 1 634
91.0311 18.2498 1 635
89.1164 17.6722 1 635
11.1391 91.488 1 636
30.1868 20.4873 1 637
12.772 52.9827 1 638
98.7805 40.3646 1 639
81.2843 95.39 1 640
76.6889 47.9803 1 641
74.8415 48.7465 1 641
23.667 72.9302 1 642
46.8115 98.7952 1 643
9.81844 82.9977 1 644
20.0348 34.3954 1 645
6.50333 44.6252 1 646
56.461 27.1187 1 647
25.7345 75.6422 1 648
15.6429 98.6721 1 649
14.2456 0.103087 1 649
4.98422 0.765498 1 650
5.14069 69.3764 1 651
81.2813 98.9129 1 652
58.4854 98.5756 1 653
45.1583 71.2302 1 654
41.8147 28.2637 1 655
31.9985 12.6532 1 656
37.5164 58.2618 1 657
6.59814 74.8056 1 658
37.9417 82.9647 1 659
36.7154 84.5446 1 659
60.2316 22.0862 1 660
22.3438 92.3783 1 661
64.7653 24.2605 1 662
54.12 77.4498 1 663
77.6586 79.2755 1 664
25.5391 47.9686 1 665
2.30181 74.3666 1 666
53.5699 50.5185 1 667
8.98281 18.7926 1 668
80.3111 22.6769 1 669
34.4777 45.2339 1 670
4.15109 96.8081 1 671
63.4794 59.8347 1 672
32.6109 54.544 1 673
45.1421 54.6809 1 674
30.1006 89.9725 1 675
29.0294 88.2835 1 675
7.29745 28.7269 1 676
84.5875 79.7378 1 677
81.4836 44.6008 1 678
66.1937 34.9411 1 679
94.6451 10.4926 1 680
94.1554 30.1586 1 681
77.8043 10.2895 1 682
45.2172 84.0618 1 683
10.3782 27.8638 1 684
35.0945 81.5118 1 685
31.3176 65.8681 1 686
40.5298 8.77711 1 687
64.0455 79.1384 1 688
73.9343 86.6276 1 689
14.0337 24.1528 1 690
96.5234 54.0221 1 691
95.613 55.8029 1 691
82.0714 9.52582 1 692
48.3421 86.5481 1 693
37.2561 89.6884 1 694
77.6782 59.109 1 695
67.765 96.955 1 696
85.9768 37.0235 1 697
77.2955 75.3567 1 698
61.1465 33.2772 1 699
98.1902 8.40779 1 700
83.7399 74.7919 1 701
88.3871 79.2452 1 702
65.7142 11.6875 1 703
75.1999 74.0529 1 704
74.2961 80.6596 1 705
75.3395 11.041 1 706
18.8503 75.7791 1 707
29.6968 22.6957 1 708
17.8061 2.79118 1 709
8.36211 96.3774 1 710
49.0867 38.7675 1 711
91.536 98.015 1 712
54.6183 74.2443 1 713
74.4915 77.4739 1 714
79.6113 11.9568 1 715
75.4486 8.65517 1 716
0.388627 69.831 1 717
58.0655 4.1322 1 718
51.4822 76.5703 1 719
2.16713 2.57941 1 720
36.273 56.2644 1 721
34.8524 12.0456 1 722
23.4079 51.9849 1 723
40.5253 59.0011 1 724
44.9197 86.5964 1 725
64.5903 99.4249 1 726
82.1537 24.5881 1 727
86.3991 34.8415 1 728
3.99395 14.4019 1 729
88.3411 59.3289 1 730
91.819 83.7587 1 731
40.8871 2.16025 1 732
26.9244 99.7711 1 733
49.7362 69.1658 1 734
93.5719 23.8294 1 735
93.672 90.8542 1 736
31.9038 15.0959 1 737
68.9612 70.4235 1 738
12.7244 12.4602 1 739
49.9259 8.61517 1 740
93.0349 2.84131 1 741
12.9327 43.3559 1 742
52.7199 14.7679 1 743
78.1141 69.9072 1 744
6.76256 66.7387 1 745
22.1104 10.595 1 746
23.1654 65.7014 1 747
77.1552 83.014 1 748
24.6959 57.4923 1 749
83.8476 19.2349 1 750
96.0758 31.4322 1 751
40.5198 39.5973 1 752
45.0058 7.78537 1 753
38.7897 27.2641 1 754
39.6646 99.6018 1 755
79.6631 90.9515 1 756
33.5648 26.1241 1 757
87.8297 86.2188 1 758
78.8773 38.1688 1 759
54.9748 62.5765 1 760
23.4381 18.049 1 761
31.127 83.1306 1 762
44.167 96.6834 1 763
54.6684 20.8523 1 764
7.30284 46.7092 1 765
4.59438 91.597 1 766
42.731 62.1194 1 767
34.5342 51.9036 1 768
