18.072 27.8956 1 1
71.3533 6.63313 1 2
63.1498 26.5927 1 3
61.564 27.8114 1 3
58.3138 49.7317 1 4
58.4595 47.737 1 4
48.5119 48.0943 1 5
97.6903 50.4366 1 6
0.973553 22.42 1 7
2.23317 23.9735 1 7
16.5391 43.4209 1 8
24.5097 23.7051 1 9
23.4614 25.4084 1 9
7.09677 72.4399 1 10
0.119793 72.593 1 11
98.2688 71.8355 1 11
86.8744 74.7865 1 12
58.214 64.4266 1 13
59.6595 63.0444 1 13
27.33 69.8166 1 14
27.5338 71.8062 1 14
41.9972 72.5183 1 15
61.2945 57.4937 1 16
77.0177 17.6345 1 17
76.533 19.5748 1 17
77.7791 21.1391 1 17
54.0103 67.4676 1 18
85.4006 76.2734 1 19
91.5488 28.618 1 20
91.5611 26.618 1 20
10.4447 41.179 1 21
8.77924 40.0715 1 21
6.66002 85.2845 1 22
14.2148 15.9923 1 23
13.3681 17.8042 1 23
28.172 65.3857 1 24
69.408 65.5839 1 25
56.8385 36.4292 1 26
57.1247 90.2712 1 27
29.5276 99.103 1 28
7.33184 80.9287 1 29
9.24261 80.338 1 29
7.89297 78.862 1 29
7.15197 82.9206 1 29
52.3696 69.0143 1 30
63.3044 2.26084 1 31
62.7276 4.17586 1 31
99.3227 3.76145 1 32
97.707 2.58266 1 32
32.3465 87.5361 1 33
30.4673 86.8516 1 33
30.1277 89.9581 1 33
29.0565 88.2691 1 33
25.4991 19.3264 1 34
24.7626 21.1859 1 34
26.7563 21.3449 1 34
92.6265 73.1017 1 35
89.4336 75.3259 1 35
90.7652 73.8336 1 35
90.9824 71.8454 1 35
99.3404 88.5653 1 36
97.3414 88.6291 1 36
11.1236 89.2776 1 37
12.9414 88.4436 1 37
3.13515 79.7529 1 38
40.7129 78.9746 1 39
41.1404 77.0208 1 39
68.2887 89.1703 1 40
66.7678 90.4691 1 40
65.6898 88.7845 1 40
33.5843 94.7505 1 41
85.5277 91.3041 1 42
72.0479 23.3797 1 43
17.2449 68.9253 1 44
78.1654 93.311 1 45
48.7457 77.7751 1 46
69.3427 21.299 1 47
56.5797 76.5973 1 48
98.5246 46.9622 1 49
0.385396 47.6952 1 49
32.0605 99.4567 1 50
50.4779 36.8777 1 51
59.4804 85.0142 1 52
19.7825 80.6127 1 53
37.468 45.8588 1 54
26.758 93.3261 1 55
24.8433 93.9039 1 55
42.4611 54.0712 1 56
43.2791 55.8962 1 56
70.6213 60.4581 1 57
88.5678 2.78625 1 58
6.70047 26.4847 1 59
84.5857 6.21883 1 60
71.9839 68.2782 1 61
15.7387 46.7918 1 62
70.3317 55.1176 1 63
1.38357 8.19808 1 64
90.7895 87.2065 1 65
5.06418 12.4317 1 66
70.2096 57.8526 1 67
58.5993 10.4364 1 68
60.2517 9.30969 1 68
54.9723 31.52 1 69
75.729 67.0765 1 70
76.5325 65.245 1 70
49.3785 45.7719 1 71
66.131 70.894 1 72
58.6465 38.6446 1 73
10.3094 21.1727 1 74
84.3694 3.63713 1 75
84.9484 1.72277 1 75
8.83435 30.6001 1 76
31.569 26.666 1 77
71.5777 72.3163 1 78
0.339755 26.3887 1 79
32.2547 97.2588 1 80
58.9243 23.8571 1 81
24.3698 77.8228 1 82
99.7381 16.9805 1 83
98.2909 18.3609 1 83
11.7521 97.8219 1 84
10.165 94.1518 1 84
11.0089 95.9651 1 84
47.7428 8.17903 1 85
47.4716 6.1975 1 85
0.797715 58.04 1 86
1.07349 60.0209 1 86
41.3842 10.9486 1 87
4.00725 47.2875 1 88
2.65124 48.7576 1 88
9.16614 25.0715 1 89
10.2407 23.3847 1 89
88.1758 55.7482 1 90
86.2138 55.3601 1 90
85.9722 53.3747 1 90
76.9226 27.7821 1 91
82.4119 81.7977 1 92
80.414 81.7058 1 92
17.1124 52.1012 1 93
15.1919 51.5429 1 93
46.7445 45.0011 1 94
17.1734 18.5416 1 95
2.34271 63.4909 1 96
91.6912 78.3148 1 97
92.4126 76.4494 1 97
93.6857 78.4641 1 97
93.1961 36.8068 1 98
65.7638 94.0609 1 99
63.9059 95.2767 1 99
63.9239 93.2767 1 99
31.9257 62.7572 1 100
76.8457 71.6147 1 101
7.16238 62.7113 1 102
40.2485 18.9137 1 103
18.9807 40.872 1 104
19.6094 16.0767 1 105
20.4974 17.8687 1 105
40.3346 5.65519 1 106
56.636 97.4949 1 107
55.3743 95.9431 1 107
57.7669 95.8453 1 107
27.8816 96.0232 1 108
20.9916 31.7822 1 109
29.1262 11.2695 1 110
89.0757 22.9197 1 111
59.738 31.8547 1 112
58.474 33.4047 1 112
59.3671 35.1942 1 112
61.1444 33.2767 1 112
80.7627 35.0652 1 113
97.8465 28.7014 1 114
96.7828 27.0077 1 114
47.9892 28.2408 1 115
19.7323 0.6936 1 116
17.391 82.7252 1 117
22.2363 15.1371 1 118
23.6573 13.7298 1 118
55.1779 15.7492 1 119
65.4145 38.5246 1 120
40.2851 47.0839 1 121
78.1559 32.9162 1 122
76.8214 5.32712 1 123
78.8212 5.35691 1 123
64.1445 72.1295 1 124
29.3454 80.8472 1 125
26.8524 16.5765 1 126
70.497 98.1091 1 127
68.4886 41.119 1 128
44.0075 4.84274 1 129
64.1521 50.9482 1 130
88.5599 36.0823 1 131
33.0621 38.7402 1 132
56.7381 19.7238 1 133
58.496 18.77 1 133
60.4869 18.961 1 133
25.6414 90.1644 1 134
95.6332 63.2093 1 135
93.6483 63.4545 1 135
79.827 72.3876 1 136
79.9517 74.3837 1 136
99.9843 38.3643 1 137
98.9763 36.6369 1 137
65.8023 2.90074 1 138
17.7259 15.0178 1 139
99.2313 12.1315 1 140
10.8388 0.477332 1 141
12.6388 1.34909 1 141
60.5555 66.769 1 142
44.0677 50.6692 1 143
60.6629 77.0609 1 144
9.84704 46.8173 1 145
9.61574 48.8039 1 145
11.1212 50.1205 1 145
9.81 57.5676 1 146
0.742798 14.0324 1 147
98.8369 14.6387 1 147
38.1719 96.8409 1 148
79.6334 24.9664 1 149
61.4905 23.9187 1 150
35.2851 16.6071 1 151
37.2483 16.9891 1 151
17.8558 61.9689 1 152
17.01 60.1566 1 152
66.1899 32.5922 1 153
45.2696 94.2436 1 154
43.8169 92.8689 1 154
42.0272 91.9763 1 154
87.698 45.0713 1 155
86.5566 46.7136 1 155
21.2033 73.4738 1 156
58.0961 15.1737 1 157
67.4224 50.1902 1 158
69.1913 49.2568 1 158
66.2408 48.5765 1 158
11.9479 86.0268 1 159
1.5132 35.5299 1 160
3.41697 34.9169 1 160
22.4056 81.2947 1 161
67.0735 61.1763 1 162
57.8012 93.1253 1 163
47.0325 88.7514 1 164
45.2582 89.6745 1 164
33.6201 21.9909 1 165
32.8005 23.8152 1 165
76.3082 87.6951 1 166
99.6492 96.2261 1 167
0.977694 94.7311 1 167
97.6535 96.3577 1 167
22.9497 28.0371 1 168
25.9329 64.5939 1 169
59.0234 41.5186 1 170
59.9327 43.2999 1 170
57.9446 43.5174 1 170
9.39814 35.7531 1 171
33.0464 4.16363 1 172
84.1104 66.502 1 173
14.7022 2.7835 1 174
93.7735 43.0345 1 175
94.1412 41.0686 1 175
51.9944 96.6876 1 176
35.5815 69.8935 1 177
23.1081 61.0711 1 178
21.1906 60.5025 1 178
73.3161 3.62328 1 179
72.7241 1.71288 1 179
71.0095 0.68334 1 179
34.8023 99.6059 1 180
36.393 0.818099 1 180
63.2535 46.8243 1 181
64.4987 45.2592 1 181
61.3399 47.406 1 181
68.1612 9.5826 1 182
69.4496 8.0529 1 182
15.1936 72.7632 1 183
9.38934 7.15173 1 184
7.63421 8.11065 1 184
9.83679 9.10104 1 184
36.0759 43.3439 1 185
73.2124 75.7605 1 186
86.2582 29.078 1 187
85.2756 30.8199 1 187
87.126 27.276 1 187
88.9223 26.3966 1 187
84.2595 29.0063 1 187
82.4789 56.0412 1 188
94.6791 26.297 1 189
68.4785 3.43127 1 190
70.2863 4.28686 1 190
68.295 30.8854 1 191
51.6186 80.7344 1 192
51.4384 82.7262 1 192
90.2804 33.3542 1 193
75.3019 35.3414 1 194
73.3283 35.0176 1 194
75.8876 33.4291 1 194
37.5575 39.3608 1 195
36.8043 37.5081 1 195
31.3568 74.3593 1 196
13.6395 32.1163 1 197
67.4608 85.1794 1 198
69.29 84.3706 1 198
67.346 64.9468 1 199
66.9396 66.9051 1 199
94.7427 74.7904 1 200
95.7023 73.0356 1 200
24.6941 81.7614 1 201
52.1428 29.1518 1 202
78.2568 84.8865 1 203
93.3117 56.9186 1 204
44.5003 76.8246 1 205
44.2487 74.8405 1 205
44.1809 78.7989 1 205
82.7534 36.2498 1 206
18.202 65.3523 1 207
18.804 67.2596 1 207
16.5844 64.1762 1 207
72.2501 27.9497 1 208
86.2046 49.8297 1 209
78.4572 53.6705 1 210
72.5422 77.9215 1 211
70.5521 77.7232 1 211
74.4915 77.4739 1 211
80.8046 88.8363 1 212
54.7758 91.5991 1 213
53.682 89.9247 1 213
54.4003 93.5635 1 213
72.856 45.4255 1 214
44.2434 43.1008 1 215
42.4305 43.9454 1 215
65.0999 85.1171 1 216
63.1628 85.615 1 216
65.7182 83.2151 1 216
28.1907 78.9624 1 217
27.7998 77.001 1 217
26.832 57.5198 1 218
27.041 59.5088 1 218
28.9278 58.8456 1 218
25.3289 60.5426 1 218
44.6355 35.2856 1 219
86.6458 16.0884 1 220
85.1819 14.7257 1 220
92.2948 95.4711 1 221
94.2042 96.0662 1 221
39.6002 62.2116 1 222
63.3713 89.6525 1 223
46.0418 41.1495 1 224
75.1999 61.6831 1 225
56.4105 6.07997 1 226
25.8276 45.4556 1 227
24.1583 44.3541 1 227
1.93918 41.9568 1 228
28.8039 17.8168 1 229
96.5743 66.18 1 230
80.3623 58.0073 1 231
66.3619 28.2613 1 232
59.2596 87.197 1 233
61.1995 87.6838 1 233
4.43583 41.4798 1 234
4.03706 39.52 1 234
37.726 31.0443 1 235
35.8008 31.586 1 235
80.725 7.64625 1 236
96.516 38.6317 1 237
12.645 21.7916 1 238
76.4858 24.0095 1 239
75.0948 22.5724 1 239
50.637 1.14439 1 240
52.2456 2.33284 1 240
41.8813 86.9905 1 241
83.4575 45.8337 1 242
85.2496 44.9457 1 242
35.8408 33.9065 1 243
34.0989 34.8892 1 243
53.0076 18.2037 1 244
53.5811 35.4932 1 245
53.4917 33.4952 1 245
51.605 34.1588 1 245
35.8505 49.6647 1 246
37.1866 48.1765 1 246
3.33488 57.031 1 247
2.72749 55.1255 1 247
66.598 16.8586 1 248
95.4001 7.47318 1 249
12.7184 38.6643 1 250
12.3174 36.7049 1 250
97.4073 58.1196 1 251
98.752 56.6392 1 251
99.06 54.6631 1 251
2.1567 89.9037 1 252
98.0184 82.3602 1 253
97.0362 80.6181 1 253
45.6837 58.6482 1 254
10.2346 64.0617 1 255
59.8383 55.5767 1 256
30.0956 68.6584 1 257
19.7324 50.7739 1 258
7.49938 32.7104 1 259
6.14608 34.183 1 259
9.49379 32.8598 1 259
61.9863 50.4955 1 260
96.5775 98.946 1 261
94.6036 98.6236 1 261
42.2405 84.4986 1 262
0.886324 76.5957 1 263
1.38486 78.5326 1 263
99.2884 77.7985 1 263
36.8718 65.8812 1 264
57.1607 30.128 1 265
89.5446 65.4977 1 266
49.3891 34.2814 1 267
98.5971 44.5408 1 268
0.393565 43.6617 1 268
9.47471 71.1064 1 269
94.5379 18.8423 1 270
83.49 92.6185 1 271
82.7131 90.7755 1 271
22.0571 78.4808 1 272
21.5502 76.5461 1 272
11.7386 25.2941 1 273
96.0489 16.71 1 274
96.2698 70.618 1 275
96.7452 68.6754 1 275
45.5592 15.5786 1 276
81.4086 64.9568 1 277
89.7682 8.04499 1 278
88.8969 6.24478 1 278
91.767 7.97636 1 278
50.1392 18.7219 1 279
48.5106 17.5611 1 279
66.637 13.5096 1 280
65.6548 11.7675 1 280
36.5487 79.9668 1 281
86.3895 69.902 1 282
85.4601 68.1311 1 282
15.8547 76.0587 1 283
43.8997 13.3324 1 284
39.8823 90.6639 1 285
2.54003 11.3447 1 286
69.7318 14.5558 1 287
32.3175 33.4341 1 288
85.2863 94.5667 1 289
83.9401 96.0458 1 289
66.6351 53.5361 1 290
3.12096 60.7224 1 291
7.1633 36.9641 1 292
70.4059 30.5647 1 293
21.1532 4.434 1 294
53.1329 64.1858 1 295
40.1136 71.0054 1 296
43.5911 2.09286 1 297
44.4741 0.298341 1 297
30.2839 77.0252 1 298
48.2759 64.8304 1 299
8.0105 15.835 1 300
72.5138 58.8671 1 301
56.4203 83.1588 1 302
54.4687 82.7217 1 302
33.4133 79.5784 1 303
28.1827 85.2192 1 304
87.1026 12.1522 1 305
77.3378 14.0389 1 306
78.6835 0.4789 1 307
31.1164 41.7457 1 308
4.09143 76.702 1 309
37.2613 13.9415 1 310
44.8621 27.1773 1 311
16.7805 39.7142 1 312
15.9167 41.5181 1 312
15.8516 37.8067 1 312
17.8404 38.0182 1 312
53.5621 58.8532 1 313
97.6053 60.9667 1 314
68.8367 75.0936 1 315
69.5103 63.2208 1 316
2.48684 71.7673 1 317
4.48224 71.9029 1 317
78.7931 87.4572 1 318
37.0833 61.0765 1 319
34.6298 62.3663 1 319
36.5275 62.9977 1 319
69.3688 37.3713 1 320
71.3339 36.9993 1 320
21.2391 70.1405 1 321
23.1092 98.0424 1 322
37.6791 52.5294 1 323
38.9912 22.0026 1 324
69.4679 95.1872 1 325
30.5744 92.5001 1 326
29.8603 94.3682 1 326
61.4545 91.2163 1 327
91.1043 61.0315 1 328
89.6506 62.4051 1 328
4.70354 53.2228 1 329
3.63994 51.529 1 329
6.62256 52.6594 1 329
6.2191 50.7005 1 329
2.17901 86.3178 1 330
83.6256 26.5493 1 331
27.2879 7.26928 1 332
3.45763 32.5954 1 333
82.2598 13.577 1 334
77.042 97.7371 1 335
31.7889 9.95882 1 336
93.2058 21.5195 1 337
7.3695 60.3088 1 338
98.4939 93.3926 1 339
24.1269 88.8346 1 340
21.1117 57.0985 1 341
72.2699 41.0324 1 342
72.2873 39.0324 1 342
72.192 43.0309 1 342
11.5812 78.673 1 343
11.829 80.6576 1 343
16.005 6.00645 1 344
14.2018 5.14135 1 344
17.1779 7.62645 1 344
45.7586 64.3338 1 345
12.3792 75.1239 1 346
92.8702 81.016 1 347
18.0471 95.1893 1 348
18.9041 96.9963 1 348
20.3361 44.2278 1 349
86.9536 22.9091 1 350
90.5034 10.7972 1 351
92.4817 11.0914 1 351
74.2726 98.8478 1 352
83.9956 58.3786 1 353
26.7297 35.9422 1 354
25.7979 34.1725 1 354
28.355 34.7768 1 354
35.6211 8.15904 1 355
37.616 8.30263 1 355
94.8343 5.33948 1 356
92.8571 5.03811 1 356
96.7917 5.74997 1 356
84.0091 87.3572 1 357
53.3189 47.314 1 358
51.8296 45.9791 1 358
86.0608 62.2727 1 359
15.9717 86.4522 1 360
15.3065 84.5661 1 360
34.3276 60.174 1 361
39.8373 85.4289 1 362
3.77074 67.0794 1 363
82.7347 21.9386 1 364
54.4566 9.92076 1 365
56.0204 11.1676 1 365
60.7321 71.6031 1 366
44.0543 19.5324 1 367
23.9314 5.99402 1 368
64.4346 19.5096 1 369
26.8866 38.9601 1 370
81.8512 83.8656 1 371
80.9651 85.6586 1 371
46.7971 52.4823 1 372
77.6071 42.017 1 373
76.425 40.4037 1 373
27.242 49.9154 1 374
57.663 53.3779 1 375
59.4182 52.4192 1 375
17.7022 73.2048 1 376
79.7705 55.9988 1 377
42.0356 68.6756 1 378
12.2622 62.1336 1 379
14.0189 61.1774 1 379
51.2036 5.3906 1 380
94.3446 87.5609 1 381
44.4961 31.9192 1 382
42.1637 99.1109 1 383
29.8862 51.0938 1 384
85.7534 39.8181 1 385
68.8278 91.8599 1 386
70.3612 93.1439 1 386
82.2805 51.516 1 387
28.8196 62.3895 1 388
54.6644 44.0324 1 389
26.1362 51.9768 1 390
17.5058 11.7603 1 391
33.8606 76.3676 1 392
8.64913 86.3197 1 393
88.7952 15.0171 1 394
89.3964 13.1096 1 394
37.6882 92.2659 1 395
36.8252 94.0702 1 395
94.7059 61.1838 1 396
15.766 95.7743 1 397
13.9348 96.5785 1 397
85.8274 24.5854 1 398
93.4442 54.4291 1 399
67.3922 77.976 1 400
82.9757 62.2927 1 401
10.4989 52.6235 1 402
85.7341 20.9367 1 403
55.9686 55.206 1 404
35.3396 18.6246 1 405
37.7923 35.3307 1 406
43.8468 9.59741 1 407
45.2652 11.0074 1 407
90.7523 69.1353 1 408
87.6884 67.2324 1 408
88.7641 68.9185 1 408
81.8782 38.7796 1 409
81.2632 28.6614 1 410
37.7791 71.8889 1 411
75.6843 2.82224 1 412
98.9719 99.8513 1 413
0.288143 1.35719 1 413
63.3686 29.0135 1 414
63.2291 31.0086 1 414
5.2135 30.9394 1 415
4.45492 82.3835 1 416
56.8329 79.6643 1 417
54.9522 80.3445 1 417
37.2753 75.2499 1 418
39.1423 74.5327 1 418
69.9178 11.0283 1 419
84.3279 63.9773 1 420
85.9958 65.0809 1 420
24.489 2.11601 1 421
25.4246 3.88367 1 421
41.6982 94.4972 1 422
21.1913 65.3184 1 423
23.1544 65.7004 1 423
81.106 49.2188 1 424
79.1985 66.8322 1 425
62.6112 65.6249 1 426
48.9159 72.6823 1 427
51.6452 11.1737 1 428
6.77154 57.2681 1 429
58.6735 1.07397 1 430
13.8653 56.3177 1 431
63.1991 75.0715 1 432
61.2215 74.7728 1 432
50.1092 54.8186 1 433
21.0435 90.3681 1 434
19.5433 91.6906 1 434
90.8115 57.3926 1 435
73.0539 11.372 1 436
99.854 30.9523 1 437
32.2771 71.1965 1 438
33.1464 69.3953 1 438
69.3925 33.7935 1 439
35.95 23.8496 1 440
36.079 21.8537 1 440
90.4309 43.1499 1 441
16.8145 32.0112 1 442
40.8788 96.9079 1 443
72.2169 64.3949 1 444
58.7236 68.9081 1 445
48.8744 56.9573 1 446
50.8524 57.2535 1 446
50.0977 59.1056 1 446
52.3273 55.9026 1 446
53.2645 39.0734 1 447
55.9868 2.89611 1 448
5.04665 17.1094 1 449
3.14184 16.4998 1 449
50.9347 64.7304 1 450
13.8214 65.7769 1 451
15.5284 66.8191 1 451
39.0804 68.8313 1 452
17.0531 78.6018 1 453
83.5871 98.3796 1 454
31.0339 35.8382 1 455
61.7536 53.6456 1 456
74.808 54.8537 1 457
72.8661 54.3751 1 457
26.4901 9.58097 1 458
24.7606 8.57642 1 458
73.672 16.038 1 459
94.0392 69.0602 1 460
84.2681 71.6737 1 461
78.9339 45.7294 1 462
21.3327 86.1354 1 463
20.6006 87.9966 1 463
8.79292 90.3031 1 464
6.80457 90.5187 1 464
35.1604 74.1136 1 465
98.3215 85.6782 1 466
91.4082 50.0597 1 467
91.813 46.2618 1 468
39.972 14.3024 1 469
46.914 68.0493 1 470
4.93748 9.35799 1 471
56.3165 39.7168 1 472
55.9341 41.6799 1 472
14.9243 10.32 1 473
24.0709 39.7847 1 474
24.3291 41.768 1 474
50.6111 31.0687 1 475
46.6976 31.7603 1 475
48.6148 31.191 1 475
42.5423 17.3591 1 476
31.2365 29.1351 1 477
80.8623 42.0066 1 478
54.4474 52.9155 1 479
89.5162 47.4911 1 480
5.90697 21.83 1 481
71.3491 89.978 1 482
93.2333 16.7609 1 483
63.7331 81.1139 1 484
64.0455 79.1384 1 484
78.9698 76.9995 1 485
10.8338 14.6358 1 486
14.9547 81.4579 1 487
3.8007 19.3024 1 488
46.2835 36.9061 1 489
26.7595 42.9866 1 490
28.7434 43.2403 1 490
30.2018 44.6089 1 490
69.3198 52.893 1 491
59.3778 45.75 1 492
9.11203 12.3002 1 493
65.4752 41.3301 1 494
11.2836 5.00429 1 495
9.17923 55.187 1 496
3.80806 5.71328 1 497
1.81428 5.87081 1 497
57.4827 67.09 1 498
2.53775 99.6755 1 499
64.4664 8.89646 1 500
67.2503 0.0570223 1 501
13.3348 70.8112 1 502
28.454 4.70137 1 503
30.3297 4.00727 1 503
55.7465 23.1559 1 504
52.3423 72.3342 1 505
80.4408 3.16899 1 506
91.4551 0.130042 1 507
79.9948 19.1097 1 508
32.2608 48.485 1 509
60.6991 82.6006 1 510
75.0527 30.4369 1 511
65.9036 7.03527 1 512
33.2952 19.5351 1 513
54.6824 99.8956 1 514
27.1619 12.831 1 515
93.8224 50.5068 1 516
50.2607 94.9621 1 517
73.2131 92.0835 1 518
74.4304 93.6705 1 518
67.4466 56.971 1 519
49.5432 79.7841 1 520
13.4098 47.6126 1 521
99.9922 66.8129 1 522
56.2142 71.2525 1 523
15.3095 35.491 1 524
47.3691 91.3641 1 525
17.715 24.0074 1 526
16.1407 22.774 1 526
90.8657 92.7054 1 527
72.9789 20.8315 1 528
72.3728 18.9255 1 528
21.0425 62.7798 1 529
77.607 62.7956 1 530
79.1934 61.5776 1 530
90.9437 40.0791 1 531
90.2699 38.196 1 531
58.1669 72.7945 1 532
88.7484 96.0956 1 533
30.5133 53.804 1 534
0.691291 80.5847 1 535
61.8057 35.4863 1 536
63.6427 34.6956 1 536
28.2388 26.3548 1 537
15.3932 29.9639 1 538
99.6826 62.9562 1 539
86.7535 81.7452 1 540
91.0196 90.2684 1 541
34.3339 86.013 1 542
36.1863 86.7672 1 542
32.9757 84.5449 1 542
40.1566 43.1078 1 543
37.5802 11.6798 1 544
60.1065 6.6619 1 545
63.3699 15.7794 1 546
63.2476 17.7756 1 546
34.6999 92.4237 1 547
40.0641 33.3502 1 548
27.0221 29.3653 1 549
25.1794 28.5879 1 549
28.7997 30.2818 1 549
44.0724 24.4163 1 550
42.1437 23.8871 1 550
43.6258 22.4668 1 550
11.7983 30.2947 1 551
74.1251 6.7753 1 552
94.5101 84.6453 1 553
12.2051 72.7607 1 554
44.8811 39.3672 1 555
25.1421 31.9036 1 556
37.3781 3.79551 1 557
68.4137 24.0059 1 558
74.1923 37.3075 1 559
19.2094 46.6644 1 560
87.2869 88.2693 1 561
87.73 90.2195 1 561
56.4694 60.9878 1 562
20.018 83.2251 1 563
23.1769 54.7454 1 564
81.4812 78.9106 1 565
9.04369 66.716 1 566
89.3653 83.7859 1 567
40.7007 52.0976 1 568
6.22706 3.67398 1 569
17.7 21.1959 1 570
15.3564 89.532 1 571
81.8827 68.7763 1 572
55.678 48.054 1 573
72.7573 95.9424 1 574
47.2817 13.7827 1 575
50.9486 88.352 1 576
73.751 25.4977 1 577
40.6307 37.0817 1 578
26.2481 54.3 1 579
55.2906 88.3653 1 580
46.8463 2.77911 1 581
88.9787 53.2389 1 582
47.5402 24.2856 1 583
49.5315 24.4713 1 583
96.0585 21.9919 1 584
97.7345 20.9005 1 584
20.5623 25.8741 1 585
9.90598 74.3876 1 586
9.79282 76.3844 1 586
72.6997 84.5315 1 587
73.7645 51.1344 1 588
68.0298 43.6381 1 589
68.871 45.4527 1 589
29.2568 47.4833 1 590
45.4499 81.8222 1 591
69.0299 80.4012 1 592
86.5185 84.2186 1 593
23.1493 46.2823 1 594
22.5935 37.6673 1 595
34.5228 40.6018 1 596
88.4611 72.5561 1 597
92.6487 13.4323 1 598
75.055 13.8766 1 599
15.752 27.1693 1 600
68.6151 19.0741 1 601
62.3818 99.8061 1 602
71.3507 47.7804 1 603
8.21272 2.31458 1 604
20.7417 7.26084 1 605
88.2329 39.0532 1 606
42.5287 64.1827 1 607
12.4744 58.211 1 608
11.6115 60.0153 1 608
24.355 11.0989 1 609
12.6867 94.2706 1 610
12.637 82.7388 1 611
6.27417 95.331 1 612
82.58 31.3158 1 613
75.0667 69.9247 1 614
73.6282 71.3142 1 614
44.7562 60.8558 1 615
43.2881 59.4976 1 615
85.2436 10.5629 1 616
87.0021 9.61023 1 616
76.4654 52.1767 1 617
64.8873 22.0097 1 618
93.5447 66.0958 1 619
48.418 60.3089 1 620
17.6036 56.5204 1 621
47.2663 83.0318 1 622
31.5599 7.20587 1 623
91.0805 18.1991 1 624
89.1657 17.6215 1 624
10.9995 91.4644 1 625
30.0785 20.3961 1 626
12.6435 52.9233 1 627
98.7373 40.2298 1 628
81.1931 95.2818 1 629
76.6699 47.9122 1 630
74.8224 48.6783 1 630
23.62 73.0637 1 631
46.7512 98.9232 1 632
9.74655 83.1196 1 633
20.1329 34.4974 1 634
6.53308 44.4868 1 635
56.4433 27.2591 1 636
25.8131 75.76 1 637
15.6477 98.6015 1 638
14.2504 0.0324691 1 638
5.11345 0.707713 1 639
5.04918 69.2684 1 640
81.2455 99.0499 1 641
58.6133 98.6364 1 642
45.1303 71.3689 1 643
41.9556 28.2775 1 644
31.9024 12.5493 1 645
37.5241 58.1205 1 646
6.73039 74.8561 1 647
37.9566 83.0339 1 648
36.7303 84.6138 1 648
60.3522 22.1605 1 649
22.3937 92.5107 1 650
64.9055 24.2803 1 651
54.1895 77.3265 1 652
77.5402 79.1979 1 653
25.4047 48.0133 1 654
2.24258 74.4952 1 655
53.651 50.6345 1 656
8.98262 18.9342 1 657
80.2483 22.55 1 658
34.3772 45.1343 1 659
4.09568 96.9384 1 660
63.5165 59.6981 1 661
32.6435 54.4062 1 662
45.0104 54.6292 1 663
7.29745 28.7269 1 664
84.4474 79.7578 1 665
81.3665 44.6804 1 666
66.0583 34.8996 1 667
94.561 10.6064 1 668
94.1456 30.2999 1 669
77.8306 10.1504 1 670
45.2268 84.203 1 671
10.4946 27.7833 1 672
35.2332 81.5404 1 673
31.3616 66.0027 1 674
40.671 8.76711 1 675
74.0268 86.5205 1 676
13.9482 24.04 1 677
96.4966 54.0876 1 678
95.5862 55.8684 1 678
82.0647 9.38442 1 679
48.4808 86.5199 1 680
37.1178 89.7185 1 681
77.8062 59.1696 1 682
67.8469 97.0705 1 683
85.866 36.9354 1 684
77.1688 75.4199 1 685
98.1902 8.40779 1 686
83.877 74.8273 1 687
88.3674 79.105 1 688
75.1999 74.0529 1 689
74.2642 80.5217 1 690
75.1982 11.0335 1 691
18.9826 75.8296 1 692
29.5553 22.6991 1 693
17.8279 2.93106 1 694
8.2624 96.2769 1 695
49.1233 38.6307 1 696
91.6743 97.985 1 697
54.5026 74.1628 1 698
79.5668 11.8225 1 699
75.3131 8.61413 1 700
0.272567 69.7499 1 701
58.0485 3.99167 1 702
51.5932 76.6582 1 703
2.30463 2.54576 1 704
36.1875 56.3772 1 705
34.9619 11.9558 1 706
23.396 51.8439 1 707
40.4745 58.869 1 708
44.7799 86.6186 1 709
64.5179 99.5465 1 710
82.2951 24.5949 1 711
86.2575 34.8376 1 712
4.1352 14.3925 1 713
88.4757 59.3729 1 714
91.7099 83.6685 1 715
40.9981 2.07235 1 716
26.9043 99.631 1 717
49.6947 69.3012 1 718
93.5286 23.9642 1 719
93.752 90.7375 1 720
32.0438 15.0751 1 721
69.0813 70.4986 1 722
12.8654 12.4727 1 723
49.8638 8.48794 1 724
93.0462 2.98241 1 725
12.9431 43.2147 1 726
52.837 14.6884 1 727
78.2211 69.8145 1 728
6.62847 66.7841 1 729
21.9728 10.6282 1 730
77.1552 83.014 1 731
24.6183 57.3739 1 732
83.7945 19.3662 1 733
96.2167 31.4178 1 734
40.5306 39.4562 1 735
44.8652 7.7682 1 736
38.6546 27.3063 1 737
39.7952 99.547 1 738
79.5232 90.93 1 739
33.6312 26.2491 1 740
87.9282 86.1171 1 741
78.737 38.1504 1 742
54.8371 62.6091 1 743
23.3895 18.1819 1 744
31.0952 82.9927 1 745
44.1755 96.8247 1 746
54.6641 20.9938 1 747
7.38561 46.824 1 748
4.45673 91.5639 1 749
42.8696 62.0907 1 750
34.5634 52.0421 1 751
