17.9888 27.7811 1 1
71.4581 6.72835 1 2
63.2151 26.62 1 3
61.6293 27.8388 1 3
58.3535 49.7903 1 4
58.4991 47.7956 1 4
48.4732 48.2305 1 5
97.8217 50.3841 1 6
0.914681 22.4593 1 7
2.1743 24.0128 1 7
16.5385 43.4189 1 8
16.7805 39.7142 1 8
15.9167 41.5181 1 8
15.8516 37.8067 1 8
17.8404 38.0182 1 8
24.5739 23.7347 1 9
23.5257 25.438 1 9
7.05567 72.3045 1 10
0.123228 72.5223 1 11
98.2722 71.7648 1 11
87.0153 74.8003 1 12
58.2823 64.408 1 13
59.7278 63.0258 1 13
27.2814 69.868 1 14
27.4851 71.8576 1 14
41.942 72.388 1 15
61.2299 57.6197 1 16
77.0627 17.6487 1 17
76.578 19.589 1 17
77.8241 21.1534 1 17
54.1063 67.5716 1 18
85.3331 76.1984 1 19
83.877 74.8273 1 19
91.5948 28.5642 1 20
91.6071 26.5642 1 20
10.4789 41.2409 1 21
8.81343 40.1335 1 21
6.76558 85.1901 1 22
14.2821 15.9704 1 23
13.4354 17.7823 1 23
28.3016 65.3286 1 24
69.3112 65.4806 1 25
67.381 64.9568 1 25
66.9747 66.9151 1 25
56.9788 36.4104 1 26
57.2529 90.2112 1 27
29.6632 99.0624 1 28
7.36323 80.9124 1 29
9.27401 80.3217 1 29
7.92436 78.8457 1 29
7.18337 82.9043 1 29
52.4229 68.8832 1 30
63.3197 2.19173 1 31
62.743 4.10676 1 31
99.3455 3.69442 1 32
97.7298 2.51563 1 32
32.375 87.5151 1 33
30.4958 86.8306 1 33
30.1562 89.9371 1 33
29.085 88.2482 1 33
25.5164 19.3703 1 34
24.7799 21.2298 1 34
26.7736 21.3888 1 34
92.6216 73.0666 1 35
89.4288 75.2908 1 35
90.7603 73.7985 1 35
90.9775 71.8103 1 35
99.3201 88.4975 1 36
97.3211 88.5613 1 36
11.0538 89.2891 1 37
12.8716 88.4551 1 37
3.27585 79.7686 1 38
40.7518 79.0337 1 39
41.1793 77.08 1 39
68.2723 89.2145 1 40
66.7514 90.5133 1 40
65.6733 88.8287 1 40
33.6258 94.8859 1 41
85.3936 91.2588 1 42
71.9344 23.2952 1 43
17.1597 68.8122 1 44
78.2275 93.1838 1 45
48.8658 77.85 1 46
49.4728 79.7556 1 46
69.3578 21.4398 1 47
56.4906 76.7074 1 48
98.5139 46.8922 1 49
0.374751 47.6252 1 49
32.1251 99.3307 1 50
50.6024 36.8102 1 51
59.5263 84.8803 1 52
19.8082 80.7519 1 53
37.3452 45.7884 1 54
26.8155 93.3672 1 55
24.9008 93.9451 1 55
42.5066 54.0169 1 56
43.3246 55.842 1 56
70.7626 60.4495 1 57
88.4307 2.82135 1 58
6.70398 26.6262 1 59
84.4443 6.22474 1 60
71.8453 68.3072 1 61
15.6081 46.7373 1 62
70.1977 55.1633 1 63
1.52462 8.21014 1 64
90.7872 87.3481 1 65
5.20074 12.469 1 66
70.1907 57.7123 1 67
58.5471 10.4842 1 68
60.1995 9.35751 1 68
55.0085 31.3831 1 69
75.7919 67.0441 1 70
76.5954 65.2126 1 70
49.3366 45.9071 1 71
66.1182 71.035 1 72
58.5103 38.6058 1 73
10.1965 21.2581 1 74
84.2988 3.64187 1 75
84.8777 1.72751 1 75
8.95434 30.6752 1 76
31.5351 26.8034 1 77
71.6321 72.1856 1 78
0.244264 26.4932 1 79
32.3845 97.2023 1 80
59.0596 23.899 1 81
24.2679 77.7245 1 82
99.7799 16.9233 1 83
98.3327 18.3037 1 83
11.7117 97.7976 1 84
10.1246 94.1276 1 84
10.9684 95.9408 1 84
47.8041 8.21449 1 85
47.5329 6.23296 1 85
0.787063 58.11 1 86
1.06283 60.0909 1 86
41.3687 11.0894 1 87
4.00686 47.2167 1 88
2.65084 48.6868 1 88
9.2361 25.0607 1 89
10.3107 23.374 1 89
88.1523 55.7891 1 90
86.1903 55.401 1 90
85.9487 53.4157 1 90
77.0561 27.8292 1 91
82.4518 81.8561 1 92
80.4539 81.7643 1 92
17.1333 52.0336 1 93
15.2128 51.4753 1 93
46.6634 44.8851 1 94
17.1037 18.6648 1 95
2.4826 63.4693 1 96
91.6547 78.3447 1 97
92.3761 76.4793 1 97
93.6492 78.494 1 97
93.0587 36.7728 1 98
65.7166 94.0627 1 99
63.8587 95.2784 1 99
63.8768 93.2785 1 99
31.7846 62.7462 1 100
76.8692 71.7543 1 101
7.04974 62.6256 1 102
40.2564 19.055 1 103
18.9232 40.7427 1 104
19.6315 16.1439 1 105
20.5195 17.9359 1 105
40.3903 5.7853 1 106
56.6633 97.5334 1 107
55.4016 95.9816 1 107
57.7942 95.8838 1 107
27.741 96.0401 1 108
20.874 31.8611 1 109
29.0397 11.1574 1 110
89.2153 22.943 1 111
59.7081 31.8358 1 112
58.4441 33.3857 1 112
59.3372 35.1752 1 112
61.1145 33.2578 1 112
80.8792 35.1456 1 113
97.7784 28.682 1 114
96.7147 26.9883 1 114
48.1133 28.3088 1 115
19.7078 0.554175 1 116
17.2773 82.6408 1 117
22.3067 15.1298 1 118
23.7277 13.7224 1 118
55.1276 15.8815 1 119
65.3438 38.6472 1 120
40.3211 46.947 1 121
78.2938 32.8842 1 122
76.8872 5.35328 1 123
78.887 5.38308 1 123
64.1781 72.267 1 124
29.4488 80.7505 1 125
26.9251 16.6979 1 126
70.5588 97.9818 1 127
68.3572 41.1717 1 128
43.8987 4.93338 1 129
64.1814 50.8097 1 130
88.7014 36.086 1 131
33.1841 38.8121 1 132
56.7456 19.7704 1 133
58.5035 18.8166 1 133
60.4944 19.0076 1 133
25.7581 90.2446 1 134
95.7026 63.2233 1 135
93.7177 63.4686 1 135
79.8887 72.353 1 136
80.0135 74.3491 1 136
99.9874 38.435 1 137
98.9794 36.7076 1 137
65.6662 2.86173 1 138
17.8593 15.0652 1 139
99.1398 12.2396 1 140
10.7767 0.511245 1 141
12.5767 1.383 1 141
60.4227 66.7199 1 142
44.1656 50.7714 1 143
60.6429 76.9208 1 144
9.83941 46.7707 1 145
9.6081 48.7573 1 145
11.1136 50.074 1 145
9.94543 57.5264 1 146
0.672399 14.0397 1 147
98.7665 14.646 1 147
38.0626 96.9309 1 148
79.5782 25.0967 1 149
61.3523 23.8925 1 150
60.3522 22.1605 1 150
35.3131 16.6248 1 151
37.2763 17.0067 1 151
35.3396 18.6246 1 151
17.7852 61.9744 1 152
16.9394 60.1621 1 152
66.162 32.731 1 153
45.3137 94.2602 1 154
43.861 92.8856 1 154
42.0713 91.9929 1 154
87.6922 45.0007 1 155
86.5508 46.6431 1 155
21.085 73.5515 1 156
58.1113 15.3144 1 157
67.4516 50.2272 1 158
69.2204 49.2939 1 158
66.27 48.6136 1 158
11.8175 85.9716 1 159
1.55613 35.5861 1 160
3.45989 34.9732 1 160
22.5278 81.2231 1 161
66.932 61.1736 1 162
57.691 93.0364 1 163
46.9897 88.8079 1 164
45.2155 89.731 1 164
33.6055 21.9216 1 165
32.7858 23.7459 1 165
76.1987 87.6053 1 166
99.6336 96.2706 1 167
0.962097 94.7756 1 167
97.6379 96.4023 1 167
22.91 28.173 1 168
25.8238 64.5038 1 169
58.9763 41.5213 1 170
59.8856 43.3027 1 170
57.8975 43.5201 1 170
9.53346 35.7947 1 171
32.9048 4.15967 1 172
84.2493 66.5294 1 173
14.7329 2.92169 1 174
93.7448 42.9698 1 175
94.1125 41.0038 1 175
51.9735 96.8276 1 176
35.6176 69.7566 1 177
23.0373 61.0727 1 178
21.1199 60.5041 1 178
73.2695 3.6159 1 179
72.6775 1.7055 1 179
70.9629 0.675957 1 179
34.793 99.5357 1 180
36.3837 0.747927 1 180
63.2333 46.7816 1 181
64.4786 45.2166 1 181
61.3198 47.3633 1 181
68.0913 9.57188 1 182
69.3797 8.04218 1 182
15.0641 72.706 1 183
9.35287 7.12178 1 184
7.59774 8.0807 1 184
9.80032 9.07109 1 184
36.1654 43.4536 1 185
73.1751 75.6239 1 186
86.2457 29.0526 1 187
85.2631 30.7946 1 187
87.1135 27.2507 1 187
88.9097 26.3712 1 187
84.247 28.9809 1 187
82.5133 55.9039 1 188
94.7959 26.3769 1 189
68.45 3.36649 1 190
70.2578 4.22208 1 190
68.338 31.0203 1 191
51.6756 80.7763 1 192
51.4954 82.7682 1 192
90.2075 33.4755 1 193
75.3393 35.3127 1 194
73.3657 34.9888 1 194
75.925 33.4003 1 194
37.5535 39.2902 1 195
36.8002 37.4375 1 195
31.4237 74.484 1 196
13.7752 32.1566 1 197
67.3903 85.1856 1 198
69.2194 84.3767 1 198
94.7427 74.7904 1 199
95.7023 73.0356 1 199
24.6263 81.6371 1 200
52.1241 29.2921 1 201
78.222 84.7493 1 202
93.3633 57.0504 1 203
44.4533 76.821 1 204
44.2017 74.8369 1 204
44.1338 78.7953 1 204
82.876 36.3208 1 205
18.1571 65.338 1 206
18.7591 67.2453 1 206
16.5394 64.1619 1 206
72.3854 27.9082 1 207
86.3461 49.8266 1 208
78.5774 53.7453 1 209
72.5686 77.9606 1 210
70.5785 77.7623 1 210
74.5179 77.513 1 210
80.7858 88.9766 1 211
54.7351 91.5752 1 212
53.6413 89.9008 1 212
54.3596 93.5397 1 212
72.8237 45.5633 1 213
44.3006 43.1425 1 214
42.4877 43.9871 1 214
65.0629 85.0877 1 215
63.1259 85.5856 1 215
65.6812 83.1857 1 215
28.2613 78.9671 1 216
27.8705 77.0057 1 216
26.7966 57.52 1 217
27.0056 59.5091 1 217
28.8924 58.8459 1 217
25.2935 60.5429 1 217
44.5979 35.1491 1 218
86.6373 16.1587 1 219
85.1734 14.7959 1 219
92.3099 95.402 1 220
94.2193 95.9971 1 220
39.5197 62.0952 1 221
63.452 89.7688 1 222
46.1827 41.1364 1 223
75.2738 61.5623 1 224
56.2909 6.00436 1 225
25.8955 45.4355 1 226
24.2261 44.3341 1 226
1.8104 41.898 1 227
28.9235 17.8925 1 228
96.5695 66.3215 1 229
80.2321 58.0631 1 230
66.4985 28.2982 1 231
59.2103 87.2478 1 232
61.1501 87.7345 1 232
4.46861 41.5426 1 233
4.06983 39.5827 1 233
37.7066 31.1124 1 234
35.7814 31.6541 1 234
80.6356 7.75594 1 235
96.5591 38.4968 1 236
12.7861 21.7808 1 237
76.4599 23.9436 1 238
75.069 22.5065 1 238
50.598 1.20341 1 239
52.2066 2.39186 1 239
41.7446 86.9537 1 240
83.4257 45.7704 1 241
85.2178 44.8825 1 241
35.9109 33.8969 1 242
34.169 34.8796 1 242
53.1414 18.1574 1 243
53.5378 35.4744 1 244
53.4485 33.4764 1 244
51.5618 34.14 1 244
35.9213 49.6632 1 245
37.2574 48.175 1 245
3.36903 57.093 1 246
2.76165 55.1875 1 246
66.6047 17 1 247
95.3931 7.33178 1 248
12.7727 38.619 1 249
12.3718 36.6596 1 249
97.3737 58.1527 1 250
98.7184 56.6723 1 250
99.0264 54.6962 1 250
2.27524 89.8263 1 251
98.0892 82.3592 1 252
97.1069 80.617 1 252
45.5461 58.6151 1 253
10.2591 63.9222 1 254
59.7728 55.4512 1 255
29.992 68.5619 1 256
19.5932 50.748 1 257
7.52886 32.6736 1 258
6.17555 34.1462 1 258
9.52327 32.8229 1 258
61.8595 50.4326 1 259
96.6362 98.9855 1 260
94.6623 98.6632 1 260
42.1179 84.5694 1 261
0.848278 76.6236 1 262
1.34681 78.5605 1 262
99.2503 77.8264 1 262
0.723775 80.461 1 262
36.7996 66.0029 1 263
57.0487 30.2145 1 264
89.6294 65.3844 1 265
49.4609 34.4034 1 266
98.6451 44.4888 1 267
0.441546 43.6097 1 267
9.54881 70.9858 1 268
94.3963 18.8394 1 269
83.4382 92.5702 1 270
82.6614 90.7272 1 270
22.117 78.4431 1 271
21.61 76.5084 1 271
11.8542 25.2123 1 272
96.1721 16.6402 1 273
96.3398 70.6077 1 274
96.8153 68.6651 1 274
45.511 15.4455 1 275
81.5444 64.9965 1 276
89.7228 8.03214 1 277
88.8515 6.23192 1 277
91.7216 7.9635 1 277
50.2057 18.6977 1 278
48.5771 17.5369 1 278
66.5696 13.4879 1 279
65.5874 11.7457 1 279
36.5918 79.832 1 280
86.4496 69.8647 1 281
85.5202 68.0938 1 281
15.9344 75.9418 1 282
43.9332 13.47 1 283
39.9434 90.5362 1 284
2.65603 11.4258 1 285
69.7447 14.4149 1 286
32.27 33.3007 1 287
85.3531 94.5434 1 288
84.0069 96.0225 1 288
66.7178 53.4213 1 289
3.07055 60.8547 1 290
7.0218 36.9683 1 291
70.5449 30.5915 1 292
21.2668 4.34946 1 293
53.1938 64.3136 1 294
40.0091 71.101 1 295
43.5239 2.1151 1 296
44.4069 0.320585 1 296
30.2218 76.898 1 297
48.2833 64.9718 1 298
7.97489 15.972 1 299
72.3722 58.8706 1 300
56.439 83.2271 1 301
54.4873 82.79 1 301
33.2952 79.6564 1 302
28.1202 85.3462 1 303
86.9831 12.2281 1 304
77.2701 13.9145 1 305
78.7444 0.606681 1 306
31.1348 41.6053 1 307
4.01532 76.8214 1 308
37.3832 14.0134 1 309
44.8281 27.3147 1 310
53.5434 58.9935 1 311
97.6297 61.1062 1 312
68.7291 75.1855 1 313
69.3952 63.3032 1 314
2.49521 71.6971 1 315
4.49062 71.8326 1 315
78.6849 87.5485 1 316
37.0921 61.1228 1 317
34.6386 62.4126 1 317
36.5363 63.0441 1 317
69.3369 37.3081 1 318
71.302 36.936 1 318
21.1269 70.2269 1 319
22.9948 97.9591 1 320
37.7646 52.6422 1 321
38.8596 22.0548 1 322
69.3266 95.18 1 323
30.5124 92.5341 1 324
29.7983 94.4023 1 324
61.5951 91.2326 1 325
91.1179 61.101 1 326
89.6642 62.4746 1 326
4.66895 53.2153 1 327
3.60535 51.5215 1 327
6.58797 52.6519 1 327
6.18451 50.693 1 327
2.31476 86.3579 1 328
83.4993 26.6134 1 329
27.4294 7.27124 1 330
3.31991 32.6281 1 331
82.2138 13.4432 1 332
77.0074 97.5998 1 333
31.9253 9.99691 1 334
93.1251 21.4032 1 335
7.40503 60.1718 1 336
98.4105 93.507 1 337
24.0011 88.8997 1 338
21.1854 57.2194 1 339
72.2764 41.0791 1 340
72.2938 39.0792 1 340
72.1985 43.0776 1 340
11.5971 78.742 1 341
11.845 80.7266 1 341
16.0522 6.00558 1 342
14.249 5.14048 1 342
17.2251 7.62558 1 342
45.6455 64.4188 1 343
12.4821 75.0267 1 344
92.7289 81.0233 1 345
18.0685 95.1218 1 346
18.9256 96.9289 1 346
20.1951 44.2152 1 347
86.9224 22.9118 1 348
85.8274 24.5854 1 348
90.4535 10.8473 1 349
92.4317 11.1415 1 349
74.2178 98.7173 1 350
83.8608 58.3352 1 351
26.7133 35.9865 1 352
25.7816 34.2168 1 352
28.3387 34.8211 1 352
35.6427 8.22648 1 353
37.6375 8.37006 1 353
94.8458 5.29371 1 354
92.8686 4.99234 1 354
96.8032 5.7042 1 354
93.0613 3.00164 1 354
84.0132 87.4987 1 355
53.3531 47.252 1 356
51.8638 45.9171 1 356
86.1917 62.3266 1 357
15.9443 86.5175 1 358
15.2791 84.6313 1 358
34.212 60.0922 1 359
39.9519 85.5119 1 360
3.64204 67.1383 1 361
82.8089 21.8181 1 362
54.5176 9.88477 1 363
56.0813 11.1316 1 363
60.7147 71.7436 1 364
43.982 19.6541 1 365
23.9108 5.85396 1 366
64.3143 19.5841 1 367
26.745 38.9609 1 368
81.9035 83.818 1 369
81.0175 85.611 1 369
46.76 52.6189 1 370
77.6239 42.0857 1 371
76.4418 40.4724 1 371
27.3758 49.9618 1 372
57.6315 53.4413 1 373
59.3868 52.4826 1 373
17.8287 73.1413 1 374
79.8793 55.9081 1 375
41.8946 68.6627 1 376
12.1942 62.114 1 377
13.9508 61.1579 1 377
51.1209 5.5055 1 378
94.3352 87.4196 1 379
44.5004 32.0607 1 380
42.2611 99.2137 1 381
29.7815 51.1891 1 382
85.6656 39.707 1 383
68.7625 91.8871 1 384
70.2959 93.1711 1 384
82.1705 51.6051 1 385
28.8792 62.5179 1 386
54.7387 44.1529 1 387
26.0867 51.8442 1 388
17.6418 11.7211 1 389
34.002 76.3619 1 390
8.53878 86.2311 1 391
88.8385 15.0731 1 392
89.4397 13.1655 1 392
37.627 92.2303 1 393
36.764 94.0346 1 393
94.5821 61.1151 1 394
15.8225 95.8169 1 395
13.9913 96.6211 1 395
93.4107 54.5666 1 396
67.4454 78.1072 1 397
83.0167 62.4282 1 398
84.3096 63.9541 1 398
85.9775 65.0578 1 398
10.6399 52.6102 1 399
12.611 52.9486 1 399
85.7924 20.8077 1 400
55.8373 55.1531 1 401
37.8188 35.4698 1 402
43.8256 9.52987 1 403
45.244 10.9399 1 403
90.773 69.0929 1 404
87.7091 67.19 1 404
88.7848 68.8761 1 404
81.9941 38.6983 1 405
81.4043 28.6733 1 406
37.7996 72.029 1 407
75.8253 2.81035 1 408
98.9567 99.9205 1 409
0.272878 1.42631 1 409
63.2979 29.0175 1 410
63.1585 31.0126 1 410
5.28473 31.0617 1 411
4.59527 82.402 1 412
56.7678 79.6921 1 413
54.8871 80.3724 1 413
37.3407 75.277 1 414
39.2077 74.5599 1 414
69.7826 10.9865 1 415
24.489 2.11601 1 416
25.4246 3.88367 1 416
41.6313 94.3724 1 417
21.2081 65.3872 1 418
23.1713 65.7691 1 418
80.9677 49.2488 1 419
79.0707 66.8931 1 420
62.63 65.4846 1 421
48.7812 72.6387 1 422
51.5226 11.1029 1 423
6.63126 57.2491 1 424
58.6237 0.941448 1 425
13.7389 56.2539 1 426
63.1914 75.1418 1 427
61.2138 74.8432 1 427
50.2369 54.8796 1 428
21.1091 90.3947 1 429
19.6088 91.7172 1 429
90.9258 57.4761 1 430
72.9815 11.2504 1 431
99.9932 30.9265 1 432
32.3317 71.1515 1 433
33.2011 69.3503 1 433
69.3586 33.931 1 434
36.0146 23.8784 1 435
36.1437 21.8825 1 435
90.301 43.2062 1 436
16.9431 31.9521 1 437
41.0192 96.8893 1 438
72.2931 64.5142 1 439
58.8623 68.8797 1 440
48.9087 56.9483 1 441
50.8866 57.2444 1 441
50.1319 59.0965 1 441
52.3615 55.8936 1 441
48.5255 60.2879 1 441
53.4014 39.1097 1 442
56.112 2.96221 1 443
5.06903 17.0423 1 444
3.16422 16.4326 1 444
51.0475 64.816 1 445
13.7782 65.7208 1 446
15.4852 66.763 1 446
38.9806 68.9317 1 447
17.1456 78.7089 1 448
83.4495 98.4132 1 449
31.1737 35.816 1 450
61.6672 53.7578 1 451
74.8692 54.8893 1 452
72.9273 54.4107 1 452
26.4866 9.51028 1 453
24.7572 8.50573 1 453
73.5592 15.9524 1 454
94.1741 69.0173 1 455
84.1505 71.7526 1 456
78.9265 45.588 1 457
21.2666 86.1103 1 458
20.5344 87.9714 1 458
8.79111 90.3739 1 459
6.80277 90.5894 1 459
35.025 74.0725 1 460
98.4559 85.7225 1 461
91.3426 49.9343 1 462
91.8292 46.1211 1 463
39.9036 14.1784 1 464
47.0511 68.0139 1 465
4.81967 9.43649 1 466
56.3743 39.6759 1 467
55.9919 41.639 1 467
14.8158 10.229 1 468
24.0143 39.8273 1 469
24.2725 41.8105 1 469
50.5902 31.111 1 470
46.6766 31.8026 1 470
48.5939 31.2333 1 470
42.4671 17.2391 1 471
31.1354 29.2343 1 472
80.9721 42.0959 1 473
54.378 52.7921 1 474
89.5645 47.3581 1 475
6.02579 21.753 1 476
71.4902 89.9896 1 477
93.3748 16.767 1 478
63.7386 81.0433 1 479
64.051 79.0679 1 479
79.1025 77.0487 1 480
10.6986 14.5939 1 481
15.0688 81.5417 1 482
3.72588 19.4225 1 483
46.4198 36.868 1 484
26.7246 43.0184 1 485
28.7085 43.272 1 485
30.1669 44.6406 1 485
69.2368 53.0077 1 486
59.3106 45.6254 1 487
9.16672 12.4308 1 488
65.5012 41.1909 1 489
11.1561 4.94261 1 490
9.03909 55.167 1 491
3.79204 5.78223 1 492
1.79826 5.93975 1 492
57.6172 67.0458 1 493
2.39677 99.6626 1 494
64.3268 8.91995 1 495
67.3833 0.105408 1 496
13.4722 70.7772 1 497
28.4671 4.63182 1 498
30.3428 3.93772 1 498
55.6654 23.0398 1 499
52.4837 72.3388 1 500
80.3374 3.0723 1 501
91.5912 0.0910065 1 502
79.8882 19.0166 1 503
32.1802 48.6014 1 504
60.8181 82.6772 1 505
74.9842 30.313 1 506
65.8213 6.92009 1 507
33.3548 19.6635 1 508
54.5477 99.8521 1 509
27.021 12.8172 1 510
93.8054 50.3662 1 511
50.4012 94.9454 1 512
73.1562 92.1256 1 513
74.3735 93.7126 1 513
67.5881 56.9657 1 514
13.4098 47.6126 1 515
0.0288714 66.6762 1 516
56.0747 71.2766 1 517
15.2018 35.5828 1 518
47.2549 91.4477 1 519
17.7802 24.0351 1 520
16.2058 22.8017 1 520
90.9778 92.6188 1 521
72.9145 20.8021 1 522
72.3084 18.8961 1 522
21.1402 62.6774 1 523
77.6472 62.8539 1 524
79.2335 61.6359 1 524
90.9534 40.009 1 525
90.2797 38.1259 1 525
58.2431 72.6753 1 526
88.6569 96.2036 1 527
30.4599 53.9351 1 528
61.8057 35.4863 1 529
63.6427 34.6956 1 529
28.3786 26.3323 1 530
15.4358 29.8289 1 531
99.726 62.8215 1 532
86.6123 81.7558 1 533
90.8802 90.2439 1 534
34.3544 86.0555 1 535
36.2068 86.8097 1 535
32.9962 84.5874 1 535
40.0621 43.2133 1 536
37.7054 11.746 1 537
60.2243 6.5834 1 538
63.3064 15.7481 1 539
63.1841 17.7444 1 539
34.8405 92.441 1 540
40.1402 33.2308 1 541
27.0275 29.4122 1 542
25.1848 28.6347 1 542
28.8051 30.3287 1 542
44.033 24.4424 1 543
42.1044 23.9131 1 543
43.5865 22.4929 1 543
11.7277 30.4174 1 544
74.1187 6.91672 1 545
75.3177 8.51742 1 545
94.3686 84.641 1 546
12.3215 72.8412 1 547
44.7615 39.443 1 548
25.2019 32.0319 1 549
37.3782 3.93707 1 550
68.3612 23.8745 1 551
74.2805 37.4182 1 552
19.1001 46.5744 1 553
87.2165 88.2615 1 554
87.6597 90.2118 1 554
56.4702 61.1293 1 555
20.0856 83.1007 1 556
23.0385 54.7752 1 557
81.5973 78.9917 1 558
9.1335 66.6066 1 559
89.4865 83.7127 1 560
40.7204 52.2378 1 561
6.1096 3.753 1 562
17.5595 21.2126 1 563
15.4892 89.5809 1 564
81.9748 68.6688 1 565
55.6262 47.9222 1 566
72.8748 96.0213 1 567
47.4133 13.7306 1 568
50.8169 88.3 1 569
73.8829 25.4463 1 570
40.5443 36.9695 1 571
26.262 54.1591 1 572
55.3925 88.267 1 573
46.8883 2.64394 1 574
88.9889 53.0977 1 575
47.5697 24.3499 1 576
49.5611 24.5356 1 576
96.1185 21.9543 1 577
97.7945 20.8629 1 577
20.44 25.9454 1 578
9.96853 74.4207 1 579
9.85537 76.4175 1 579
72.839 84.557 1 580
73.8773 51.0489 1 581
68.0977 43.6182 1 582
68.9389 45.4327 1 582
29.1893 47.6078 1 583
45.5838 81.8681 1 584
47.2393 82.9903 1 584
68.9065 80.3318 1 585
86.3986 84.2939 1 586
23.1482 46.1407 1 587
22.4877 37.5732 1 588
34.4383 40.4882 1 589
88.3583 72.4588 1 590
92.6076 13.2969 1 591
75.1869 13.8252 1 592
15.857 27.2642 1 593
68.4783 19.1107 1 594
62.241 99.8204 1 595
71.2305 47.7056 1 596
8.07143 2.3058 1 597
20.8362 7.36624 1 598
88.27 39.1898 1 599
42.6492 64.257 1 600
12.4704 58.2817 1 601
11.6075 60.0859 1 601
24.3697 10.9581 1 602
12.5658 94.1969 1 603
12.7359 82.6374 1 604
6.31681 95.196 1 605
82.6799 31.4161 1 606
75.1346 69.9046 1 607
73.6961 71.2941 1 607
44.7181 60.7961 1 608
43.25 59.4379 1 608
85.3008 10.5212 1 609
87.0593 9.56854 1 609
76.3931 52.0551 1 610
64.7626 22.0765 1 611
93.5233 65.9558 1 612
17.6036 56.5204 1 613
31.5599 7.20587 1 614
91.0176 18.1667 1 615
89.1028 17.5891 1 615
10.9857 91.3235 1 616
30.212 20.4432 1 617
98.7373 40.2298 1 618
81.3232 95.3374 1 619
76.6872 47.8435 1 620
74.8397 48.6096 1 620
23.6112 73.205 1 621
46.8633 99.0096 1 622
9.60582 83.135 1 623
20.095 34.6338 1 624
6.40097 44.5377 1 625
56.5848 27.2546 1 626
25.8342 75.8999 1 627
15.577 98.5978 1 628
14.1797 0.0287751 1 628
5.06356 0.840193 1 629
5.06315 69.4093 1 630
81.3217 99.1692 1 631
58.7527 98.661 1 632
44.9924 71.4009 1 633
41.9431 28.1365 1 634
31.9997 12.6521 1 635
37.6265 58.0228 1 636
6.86871 74.8862 1 637
37.8858 83.0346 1 638
36.6595 84.6145 1 638
22.4122 92.6511 1 639
64.8916 24.1394 1 640
54.2831 77.2203 1 641
77.4597 79.0815 1 642
25.5047 47.913 1 643
2.23969 74.6368 1 644
53.5118 50.6604 1 645
8.8436 18.9075 1 646
80.3897 22.5427 1 647
34.4941 45.0545 1 648
3.99637 96.8375 1 649
63.375 59.7018 1 650
32.5159 54.3448 1 651
45.1467 54.6672 1 652
7.25901 28.8632 1 653
84.3657 79.6422 1 654
81.231 44.7214 1 655
66.0057 34.7682 1 656
94.637 10.7259 1 657
94.0845 30.1722 1 658
77.725 10.2447 1 659
45.3676 84.1883 1 660
10.6285 27.8294 1 661
35.3316 81.4386 1 662
31.3761 66.1435 1 663
40.5533 8.84585 1 664
74.1671 86.5395 1 665
13.9447 24.1815 1 666
96.5664 54.0761 1 667
95.6561 55.8569 1 667
81.9233 9.37639 1 668
48.4769 86.3784 1 669
36.9773 89.7013 1 670
77.7706 59.3066 1 671
67.9855 97.0419 1 672
85.746 36.8603 1 673
77.308 75.3941 1 674
98.261 8.28525 1 675
88.2888 79.2228 1 676
75.2711 73.9305 1 677
74.3645 80.6215 1 678
75.0885 11.123 1 679
18.8478 75.7864 1 680
29.569 22.5582 1 681
17.7261 2.83263 1 682
8.31907 96.4067 1 683
49.2207 38.528 1 684
91.7278 97.8539 1 685
54.5484 74.2968 1 686
79.4386 11.7624 1 687
0.272567 69.7499 1 688
58.1772 3.93282 1 689
51.7198 76.7214 1 690
2.42293 2.46801 1 691
36.0781 56.2873 1 692
34.9345 12.0947 1 693
23.2792 51.7639 1 694
40.5731 58.9705 1 695
44.9194 86.5946 1 696
64.3808 99.582 1 697
82.4307 24.5543 1 698
86.2641 34.6962 1 699
4.18717 14.5242 1 700
88.5062 59.5111 1 701
91.7505 83.5329 1 702
41.1279 2.1289 1 703
26.7848 99.707 1 704
49.5533 69.295 1 705
93.3892 23.9889 1 706
93.8212 90.614 1 707
32.0814 15.2116 1 708
69.1973 70.5797 1 709
12.997 12.4206 1 710
49.9051 8.62334 1 711
12.9431 43.2147 1 712
52.9622 14.6222 1 713
78.0904 69.8689 1 714
6.56769 66.6563 1 715
22.0531 10.5117 1 716
77.0159 83.0393 1 717
24.5687 57.2413 1 718
83.9083 19.282 1 719
96.1558 31.29 1 720
40.6063 39.3365 1 721
44.8346 7.63 1 722
38.738 27.4206 1 723
39.6781 99.4674 1 724
79.3993 90.9986 1 725
33.5975 26.1116 1 726
87.9533 85.9778 1 727
78.5954 38.1499 1 728
54.9608 62.5404 1 729
23.2496 18.1604 1 730
31.2006 82.8983 1 731
44.1691 96.6833 1 732
54.7809 21.0738 1 733
7.44679 46.9517 1 734
4.31995 91.6004 1 735
42.7501 62.015 1 736
34.4829 51.9256 1 737
